# layer adc volt temp timediff time detector_muon_count detector_count detector_name
2 185 31.51 25.95 10 2021-06-23 13:58:25.402159 0 1 Carlo 1.151254
2 224 38.29 26.05 0.351493 2021-06-23 13:58:25.753652 0 2 Carlo 1.502747
1 63 17.91 26.70 0.011482 2021-06-23 13:58:25.765134 0 1 Florian 1.514229
2 89 21.05 25.30 0.317379 2021-06-23 13:58:26.082513 0 1 Noor 1.831608
2 51 15.86 25.09 0.567558 2021-06-23 13:58:26.650071 0 2 Noor 2.399166
1 143 25.74 26.91 0.010624 2021-06-23 13:58:26.660695 1 2 Florian 2.40979
1 89 21.05 26.70 0.117504 2021-06-23 13:58:26.778199 2 3 Florian 2.527294
2 295 51.75 24.87 0.469547 2021-06-23 13:58:27.247746 1 3 Noor 2.996841
1 211 35.96 26.70 2.999747 2021-06-23 13:58:30.247493 2 4 Florian 5.996588
1 448 112.41 26.48 0.033724 2021-06-23 13:58:30.281217 2 5 Florian 6.030312
2 377 76.28 26.05 0.410383 2021-06-23 13:58:30.691600 1 3 Carlo 6.440695
1 63 17.91 26.91 0.011572 2021-06-23 13:58:30.703172 2 6 Florian 6.452267
2 56 16.76 25.20 0.065468 2021-06-23 13:58:30.768640 1 4 Noor 6.517735
2 259 44.69 25.73 0.033561 2021-06-23 13:58:30.802201 1 5 Noor 6.551296
1 56 16.76 26.59 0.020866 2021-06-23 13:58:30.823067 3 7 Florian 6.572162
2 51 15.86 26.05 1.87843 2021-06-23 13:58:32.701497 2 6 Noor 8.450592
1 99 21.91 26.59 0.011614 2021-06-23 13:58:32.713111 4 8 Florian 8.462206
2 57 16.93 25.73 2.386846 2021-06-23 13:58:35.099957 3 7 Noor 10.849052
2 96 21.67 26.05 0.061574 2021-06-23 13:58:35.161531 2 4 Carlo 10.910626
2 71 19.06 26.05 0.100078 2021-06-23 13:58:35.261609 2 5 Carlo 11.010704
2 57 16.93 26.27 0.842222 2021-06-23 13:58:36.103831 2 6 Carlo 11.852926
1 63 17.91 26.81 0.207026 2021-06-23 13:58:36.310857 5 9 Florian 12.059952
2 344 64.67 26.05 0.377997 2021-06-23 13:58:36.688854 2 7 Carlo 12.437949
1 206 35.07 26.70 0.012681 2021-06-23 13:58:36.701535 5 10 Florian 12.45063
1 60 17.43 26.91 1.458441 2021-06-23 13:58:38.159976 6 11 Florian 13.909071
1 71 19.06 26.91 0.033733 2021-06-23 13:58:38.193709 6 12 Florian 13.942804
2 222 37.96 26.05 0.77789 2021-06-23 13:58:38.971599 3 8 Carlo 14.720694
2 83 20.46 26.16 0.211305 2021-06-23 13:58:39.182904 3 9 Carlo 14.931999
2 88 20.96 26.05 0.177926 2021-06-23 13:58:39.360830 3 8 Noor 15.109925
2 79 20.03 26.05 0.262704 2021-06-23 13:58:39.623534 3 10 Carlo 15.372629
1 110 22.78 26.91 0.012848 2021-06-23 13:58:39.636382 6 13 Florian 15.385477
2 275 47.73 26.16 2.03358 2021-06-23 13:58:41.669962 4 11 Carlo 17.419057
2 505 145.23 25.95 0.243286 2021-06-23 13:58:41.913248 4 12 Carlo 17.662343
1 415 95.00 26.70 0.042056 2021-06-23 13:58:41.955304 7 14 Florian 17.704399
2 81 20.25 26.05 0.340653 2021-06-23 13:58:42.295957 5 13 Carlo 18.045052
2 88 20.96 25.73 0.025715 2021-06-23 13:58:42.321672 3 9 Noor 18.070767
2 60 17.43 25.52 0.506682 2021-06-23 13:58:42.828354 3 10 Noor 18.577449
1 63 17.91 26.91 0.28669 2021-06-23 13:58:43.115044 8 15 Florian 18.864139
2 172 29.49 26.05 0.449502 2021-06-23 13:58:43.564546 5 14 Carlo 19.313641
2 73 19.32 26.16 0.969467 2021-06-23 13:58:44.534013 5 15 Carlo 20.283108
1 192 32.67 26.81 0.977209 2021-06-23 13:58:45.511222 8 16 Florian 21.260317
1 280 48.67 26.70 1.094551 2021-06-23 13:58:46.605773 8 17 Florian 22.354868
2 79 20.03 26.05 0.508718 2021-06-23 13:58:47.114491 5 16 Carlo 22.863586
2 67 18.51 26.05 1.320831 2021-06-23 13:58:48.435322 3 11 Noor 24.184417
1 108 22.63 26.70 0.258504 2021-06-23 13:58:48.693826 8 18 Florian 24.442921
2 339 62.98 26.27 0.168373 2021-06-23 13:58:48.862199 5 17 Carlo 24.611294
2 78 19.92 26.05 0.967758 2021-06-23 13:58:49.829957 5 18 Carlo 25.579052
1 99 21.91 26.70 0.092374 2021-06-23 13:58:49.922331 8 19 Florian 25.671426
2 133 24.73 26.05 0.015828 2021-06-23 13:58:49.938159 5 19 Carlo 25.687254
2 167 28.76 26.05 0.675455 2021-06-23 13:58:50.613614 6 20 Carlo 26.362709
2 78 19.92 25.52 0.858956 2021-06-23 13:58:51.472570 3 12 Noor 27.221665
2 199 33.86 26.05 0.571024 2021-06-23 13:58:52.043594 6 21 Carlo 27.792689
2 236 40.44 26.05 1.371859 2021-06-23 13:58:53.415453 3 13 Noor 29.164548
1 51 15.86 26.81 0.013981 2021-06-23 13:58:53.429434 9 20 Florian 29.178529
2 57 16.93 26.05 0.059072 2021-06-23 13:58:53.488506 4 14 Noor 29.237601
2 69 18.79 25.41 0.075081 2021-06-23 13:58:53.563587 4 15 Noor 29.312682
2 63 17.91 26.05 3.421721 2021-06-23 13:58:56.985308 4 16 Noor 32.734403
2 224 38.29 26.05 0.44922 2021-06-23 13:58:57.434528 6 22 Carlo 33.183623
2 89 21.05 26.27 2.007193 2021-06-23 13:58:59.441721 6 23 Carlo 35.190816
2 56 16.76 26.05 0.070232 2021-06-23 13:58:59.511953 6 24 Carlo 35.261048
2 96 21.67 26.05 1.096284 2021-06-23 13:59:00.608237 4 17 Noor 36.357332
2 69 18.79 25.73 0.20396 2021-06-23 13:59:00.812197 4 18 Noor 36.561292
2 185 31.51 25.73 0.523705 2021-06-23 13:59:01.335902 4 19 Noor 37.084997
2 574 181.47 26.05 0.262687 2021-06-23 13:59:01.598589 6 25 Carlo 37.347684
1 79 20.03 26.70 0.015923 2021-06-23 13:59:01.614512 10 21 Florian 37.363607
1 217 37.04 26.70 0.37387 2021-06-23 13:59:01.988382 11 22 Florian 37.737477
2 48 15.29 26.05 0.016951 2021-06-23 13:59:02.005333 7 26 Carlo 37.754428
2 60 17.43 26.05 1.441976 2021-06-23 13:59:03.447309 8 27 Carlo 39.196404
1 184 31.36 26.70 0.017709 2021-06-23 13:59:03.465018 12 23 Florian 39.214113
2 463 119.23 26.05 0.533257 2021-06-23 13:59:03.998275 9 28 Carlo 39.74737
2 71 19.06 25.52 0.949682 2021-06-23 13:59:04.947957 4 20 Noor 40.697052
1 76 19.69 26.91 0.487168 2021-06-23 13:59:05.435125 13 24 Florian 41.18422
2 49 15.48 26.05 0.433103 2021-06-23 13:59:05.868228 9 29 Carlo 41.617323
2 255 43.96 26.05 0.169572 2021-06-23 13:59:06.037800 4 21 Noor 41.786895
2 51 15.86 26.05 0.026553 2021-06-23 13:59:06.064353 9 30 Carlo 41.813448
2 176 30.09 26.05 2.001798 2021-06-23 13:59:08.066151 4 22 Noor 43.815246
2 158 27.53 26.05 1.603236 2021-06-23 13:59:09.669387 9 31 Carlo 45.418482
2 159 27.66 26.27 0.931945 2021-06-23 13:59:10.601332 9 32 Carlo 46.350427
1 85 20.67 26.81 0.24771 2021-06-23 13:59:10.849042 13 25 Florian 46.598137
2 83 20.46 26.05 0.08952 2021-06-23 13:59:10.938562 9 33 Carlo 46.687657
2 291 50.97 26.05 0.814106 2021-06-23 13:59:11.752668 4 23 Noor 47.501763
2 71 19.06 25.73 0.270897 2021-06-23 13:59:12.023565 4 24 Noor 47.77266
1 62 17.75 27.13 1.855532 2021-06-23 13:59:13.879097 13 26 Florian 49.628192
2 113 23.02 26.05 0.573833 2021-06-23 13:59:14.452930 9 34 Carlo 50.202025
1 185 31.51 26.70 0.014658 2021-06-23 13:59:14.467588 13 27 Florian 50.216683
2 61 17.60 26.05 0.002068 2021-06-23 13:59:14.469656 4 25 Noor 50.218751
2 306 54.23 26.27 0.323539 2021-06-23 13:59:14.793195 10 35 Carlo 50.54229
1 241 41.39 26.91 0.172175 2021-06-23 13:59:14.965370 14 28 Florian 50.714465
2 354 67.99 26.05 0.054293 2021-06-23 13:59:15.019663 10 36 Carlo 50.768758
1 77 19.81 26.91 0.014579 2021-06-23 13:59:15.034242 14 29 Florian 50.783337
2 61 17.60 26.16 1.068684 2021-06-23 13:59:16.102926 11 37 Carlo 51.852021
2 96 21.67 26.05 2.061148 2021-06-23 13:59:18.164074 11 38 Carlo 53.913169
2 103 22.23 26.05 0.521193 2021-06-23 13:59:18.685267 11 39 Carlo 54.434362
2 60 17.43 26.05 0.133284 2021-06-23 13:59:18.818551 4 26 Noor 54.567646
2 195 33.17 26.05 0.207643 2021-06-23 13:59:19.026194 4 27 Noor 54.775289
2 152 26.78 26.16 1.379363 2021-06-23 13:59:20.405557 11 40 Carlo 56.154652
2 207 35.26 26.05 0.144673 2021-06-23 13:59:20.550230 11 41 Carlo 56.299325
1 89 21.05 26.70 0.323839 2021-06-23 13:59:20.874069 15 30 Florian 56.623164
2 252 43.42 26.05 0.015616 2021-06-23 13:59:20.889685 11 42 Carlo 56.63878
2 67 18.51 26.05 1.407333 2021-06-23 13:59:22.297018 12 43 Carlo 58.046113
2 305 53.88 26.05 0.106003 2021-06-23 13:59:22.403021 4 28 Noor 58.152116
2 79 20.03 26.16 0.1306 2021-06-23 13:59:22.533621 12 44 Carlo 58.282716
2 73 19.32 26.05 0.033401 2021-06-23 13:59:22.567022 12 45 Carlo 58.316117
2 96 21.67 26.05 0.713456 2021-06-23 13:59:23.280478 12 46 Carlo 59.029573
2 167 28.76 26.16 0.504987 2021-06-23 13:59:23.785465 12 47 Carlo 59.53456
2 177 30.25 26.16 0.18589 2021-06-23 13:59:23.971355 12 48 Carlo 59.72045
2 99 21.91 26.05 0.835323 2021-06-23 13:59:24.806678 12 49 Carlo 60.555773
1 255 43.96 26.91 0.097762 2021-06-23 13:59:24.904440 16 31 Florian 60.653535
2 59 17.27 25.73 0.307456 2021-06-23 13:59:25.211896 4 29 Noor 60.960991
1 514 147.76 26.91 0.01253 2021-06-23 13:59:25.224426 16 32 Florian 60.973521
2 62 17.75 26.16 0.583395 2021-06-23 13:59:25.807821 12 50 Carlo 61.556916
2 82 20.36 26.05 0.236253 2021-06-23 13:59:26.044074 5 30 Noor 61.793169
2 57 16.93 26.05 0.200988 2021-06-23 13:59:26.245062 12 51 Carlo 61.994157
2 211 35.96 26.16 0.196778 2021-06-23 13:59:26.441840 12 52 Carlo 62.190935
2 167 28.76 26.05 0.831305 2021-06-23 13:59:27.273145 12 53 Carlo 63.02224
2 48 15.29 26.05 0.716696 2021-06-23 13:59:27.989841 12 54 Carlo 63.738936
1 127 24.18 26.70 0.500066 2021-06-23 13:59:28.489907 17 33 Florian 64.239002
2 62 17.75 26.27 0.04502 2021-06-23 13:59:28.534927 12 55 Carlo 64.284022
2 152 26.78 26.05 0.093139 2021-06-23 13:59:28.628066 13 56 Carlo 64.377161
2 76 19.69 26.05 0.465575 2021-06-23 13:59:29.093641 13 57 Carlo 64.842736
2 131 24.54 26.05 0.218079 2021-06-23 13:59:29.311720 13 58 Carlo 65.060815
2 323 58.48 26.27 1.271159 2021-06-23 13:59:30.582879 13 59 Carlo 66.331974
2 167 28.76 26.05 0.033377 2021-06-23 13:59:30.616256 13 60 Carlo 66.365351
2 88 20.96 26.05 0.095429 2021-06-23 13:59:30.711685 13 61 Carlo 66.46078
2 103 22.23 26.05 0.621502 2021-06-23 13:59:31.333187 13 62 Carlo 67.082282
2 57 16.93 26.16 0.578403 2021-06-23 13:59:31.911590 13 63 Carlo 67.660685
2 60 17.43 26.05 0.637845 2021-06-23 13:59:32.549435 13 64 Carlo 68.29853
2 108 22.63 26.05 0.454001 2021-06-23 13:59:33.003436 13 65 Carlo 68.752531
2 74 19.44 26.05 0.43319 2021-06-23 13:59:33.436626 13 66 Carlo 69.185721
1 63 17.91 26.70 0.260878 2021-06-23 13:59:33.697504 18 34 Florian 69.446599
2 88 20.96 26.05 2.064729 2021-06-23 13:59:35.762233 13 67 Carlo 71.511328
