# layer adc volt temp timediff time detector_muon_count detector_count detector_name
0 230 39.39 28.31 0.016394 2021-06-24 17:07:25.114136 1 3 Cecile 4.692998
1 179 30.55 27.34 1.604923 2021-06-24 17:07:25.083993 1 2 Niels 4.662855
2 92 21.32 27.56 0.013749 2021-06-24 17:07:25.097742 1 1 MattiaCosmicWatch 4.676604

0 195 33.17 28.31 0.012549 2021-06-24 17:07:35.084391 3 9 Cecile 14.663253
1 176 30.09 27.34 1.039521 2021-06-24 17:07:35.058061 2 6 Niels 14.636923
2 216 36.85 27.67 0.013781 2021-06-24 17:07:35.071842 3 6 MattiaCosmicWatch 14.650704

0 88 20.96 28.31 1.799088 2021-06-24 17:10:17.196227 25 94 Cecile 176.775089
1 57 16.93 27.34 0.015855 2021-06-24 17:10:17.212082 26 62 Niels 176.790944
2 143 25.74 27.34 0.000152 2021-06-24 17:10:17.212234 10 45 MattiaCosmicWatch 176.791096

0 89 21.05 28.31 0.970265 2021-06-24 17:12:31.697072 39 143 Cecile 311.275934
1 273 47.25 27.34 0.016691 2021-06-24 17:12:31.713763 38 103 Niels 311.292625
2 56 16.76 27.34 0.000167 2021-06-24 17:12:31.713930 17 88 MattiaCosmicWatch 311.292792

0 152 26.78 28.31 0.037278 2021-06-24 17:12:47.890855 41 148 Cecile 327.469717
1 57 16.93 27.34 0.017641 2021-06-24 17:12:47.908496 41 107 Niels 327.487358
2 56 16.76 27.34 0.966137 2021-06-24 17:12:47.853577 19 90 MattiaCosmicWatch 327.432439

0 101 22.08 28.31 0.029236 2021-06-24 17:13:58.300929 50 178 Cecile 397.879791
1 63 17.91 27.13 0.000166 2021-06-24 17:13:58.301095 50 132 Niels 397.879957
2 152 26.78 27.34 0.382786 2021-06-24 17:13:58.271693 20 107 MattiaCosmicWatch 397.850555

0 88 20.96 28.31 0.015531 2021-06-24 17:15:33.178035 58 220 Cecile 492.756897
1 49 15.48 26.70 0.071143 2021-06-24 17:15:33.162504 57 162 Niels 492.741366
2 230 39.39 27.34 1.603649 2021-06-24 17:15:33.091361 24 131 MattiaCosmicWatch 492.670223

0 135 24.92 28.31 0.017605 2021-06-24 17:18:09.923647 77 307 Cecile 649.502509
1 103 22.23 26.70 0.347879 2021-06-24 17:18:09.906042 76 216 Niels 649.484904
2 89 21.05 26.91 0.026143 2021-06-24 17:18:09.949790 31 166 MattiaCosmicWatch 649.528652

0 57 16.93 28.31 0.012623 2021-06-24 17:18:11.257373 78 309 Cecile 650.836235
1 88 20.96 26.70 0.06556 2021-06-24 17:18:11.228136 77 217 Niels 650.806998
2 57 16.93 26.70 0.016614 2021-06-24 17:18:11.244750 32 167 MattiaCosmicWatch 650.823612

0 97 21.75 28.31 0.04788 2021-06-24 17:18:14.750558 79 310 Cecile 654.32942
1 71 19.06 26.70 0.017737 2021-06-24 17:18:14.768295 78 218 Niels 654.347157
2 207 35.26 26.70 1.092282 2021-06-24 17:18:14.702678 33 170 MattiaCosmicWatch 654.28154

0 89 21.05 28.31 0.840416 2021-06-24 17:19:45.903894 86 345 Cecile 745.482756
1 121 23.66 26.70 0.017926 2021-06-24 17:19:45.921820 86 246 Niels 745.500682
2 63 17.91 26.70 0.000156 2021-06-24 17:19:45.921976 35 198 MattiaCosmicWatch 745.500838

0 99 21.91 28.31 0.017605 2021-06-24 17:22:25.356379 104 404 Cecile 904.935241
1 217 37.04 26.70 0.091622 2021-06-24 17:22:25.338774 105 304 Niels 904.917636
2 51 15.86 26.70 0.331327 2021-06-24 17:22:25.247152 37 239 MattiaCosmicWatch 904.826014

0 231 39.55 28.20 0.017968 2021-06-24 17:24:54.646609 114 474 Cecile 1054.225471
1 88 20.96 26.70 0.359479 2021-06-24 17:24:54.628641 113 349 Niels 1054.207503
2 57 16.93 26.70 0.025579 2021-06-24 17:24:54.672188 44 270 MattiaCosmicWatch 1054.25105

0 67 18.51 28.31 0.018 2021-06-24 17:26:06.625375 126 512 Cecile 1126.204237
1 49 15.48 26.48 0.076456 2021-06-24 17:26:06.607375 123 373 Niels 1126.186237
2 61 17.60 26.70 1.57823 2021-06-24 17:26:06.530919 49 285 MattiaCosmicWatch 1126.109781

0 57 16.93 28.10 0.017801 2021-06-24 17:26:54.177960 136 540 Cecile 1173.756822
1 63 17.91 26.70 0.065599 2021-06-24 17:26:54.160159 132 390 Niels 1173.739021
2 224 38.29 26.70 0.272745 2021-06-24 17:26:54.094560 53 306 MattiaCosmicWatch 1173.673422

0 67 18.51 28.31 0.033413 2021-06-24 17:29:23.734473 154 614 Cecile 1323.313335
1 71 19.06 26.70 0.061416 2021-06-24 17:29:23.701060 148 442 Niels 1323.279922
2 62 17.75 26.59 0.969732 2021-06-24 17:29:23.639644 58 357 MattiaCosmicWatch 1323.218506

0 230 39.39 28.31 0.01771 2021-06-24 17:30:27.315337 158 635 Cecile 1386.894199
1 51 15.86 26.70 0.636391 2021-06-24 17:30:27.297627 151 458 Niels 1386.876489
2 192 32.67 26.70 0.01979 2021-06-24 17:30:27.414681 64 383 MattiaCosmicWatch 1386.993543

0 51 15.86 28.31 0.232016 2021-06-24 17:32:52.159694 180 727 Cecile 1531.738556
1 79 20.03 26.70 0.018908 2021-06-24 17:32:52.178602 172 515 Niels 1531.757464
2 79 20.03 26.70 0.000165 2021-06-24 17:32:52.178767 68 418 MattiaCosmicWatch 1531.757629

0 56 16.76 28.20 0.031229 2021-06-24 17:33:12.740186 184 735 Cecile 1552.319048
1 49 15.48 26.70 0.015673 2021-06-24 17:33:12.755859 176 525 Niels 1552.334721
2 238 40.82 26.70 2.801765 2021-06-24 17:33:12.708957 69 425 MattiaCosmicWatch 1552.287819

0 120 23.58 27.99 0.044959 2021-06-24 17:35:48.015499 207 813 Cecile 1707.594361
1 76 19.69 26.70 0.029796 2021-06-24 17:35:48.045295 197 570 Niels 1707.624157
2 254 43.77 26.59 0.819074 2021-06-24 17:35:47.970540 74 459 MattiaCosmicWatch 1707.549402

0 294 51.51 28.20 0.131841 2021-06-24 17:38:00.333932 219 864 Cecile 1839.912794
1 255 43.96 26.91 0.028054 2021-06-24 17:38:00.381679 209 615 Niels 1839.960541
2 66 18.36 26.70 0.019693 2021-06-24 17:38:00.353625 77 494 MattiaCosmicWatch 1839.932487

0 60 17.43 28.31 0.013825 2021-06-24 17:38:40.623968 221 878 Cecile 1880.20283
1 89 21.05 26.70 3.991724 2021-06-24 17:38:40.592517 210 625 Niels 1880.171379
2 121 23.66 26.70 0.017626 2021-06-24 17:38:40.610143 79 503 MattiaCosmicWatch 1880.189005

