# layer adc volt temp timediff time detector_muon_count detector_count detector_name
0 359 69.86 61.18 0.027444 2021-06-25 11:04:01.288973 28689 46657 Oline 55153.916088
1 34 12.56 27.45 0.028081 2021-06-25 11:04:01.261529 18884 40118 Florian 55153.888644
2 124 23.92 27.34 0.417534 2021-06-25 11:04:01.233448 8263 24109 Niels 55153.860563

0 126 24.09 11.88 0.195092 2021-06-25 11:04:02.003052 28690 46659 Oline 55154.630167
1 12 10.11 28.31 0.032835 2021-06-25 11:04:02.061152 26526 56185 Carlo 55154.688267
2 66 18.36 27.34 0.025265 2021-06-25 11:04:02.028317 20555 64213 Franko 55154.655432

0 49 15.48 -9.07 0.216537 2021-06-25 11:04:02.277689 28691 46659 Oline 55154.904804
1 396 85.28 27.34 0.026197 2021-06-25 11:04:02.303886 14275 28737 Cecile 55154.931001
2 114 23.10 27.34 0.000194 2021-06-25 11:04:02.427511 8264 24110 Niels 55155.054626

0 35 12.75 25.52 0.136768 2021-06-25 11:04:02.564279 17172 60895 BenRevival 55155.191394
1 482 129.60 27.56 0.025132 2021-06-25 11:04:02.763027 18885 40119 Florian 55155.390142
2 96 21.67 11.55 0.041232 2021-06-25 11:04:02.605511 12533 34785 rens 55155.232626

0 112 22.94 7.58 0.335279 2021-06-25 11:04:04.191376 28692 46662 Oline 55156.818491
1 305 53.88 28.31 0.024179 2021-06-25 11:04:04.215555 26528 56189 Carlo 55156.84267
2 121 23.66 14.13 0.005799 2021-06-25 11:04:04.221354 12535 34786 rens 55156.848469

0 51 15.86 -4.13 0.040311 2021-06-25 11:04:06.576972 28694 46664 Oline 55159.204087
1 103 22.23 27.45 0.022071 2021-06-25 11:04:06.644296 18887 40125 Florian 55159.271411
2 225 38.48 27.34 0.109237 2021-06-25 11:04:06.536661 20558 64221 Franko 55159.163776

0 112 22.94 7.04 0.116236 2021-06-25 11:04:09.296471 28696 46666 Oline 55161.923586
1 216 36.85 28.31 0.022106 2021-06-25 11:04:09.387859 26531 56195 Carlo 55162.014974
2 103 22.23 26.70 0.069282 2021-06-25 11:04:09.365753 22963 68996 M 55161.992868

0 82 20.36 1.56 0.012032 2021-06-25 11:04:18.369394 28698 46671 Oline 55170.996509
1 67 18.51 27.34 0.01319 2021-06-25 11:04:18.357362 14281 28746 Cecile 55170.984477
2 176 30.09 24.44 0.026256 2021-06-25 11:04:18.344172 12046 33112 Noor 55170.971287

0 66 18.36 -1.02 0.043508 2021-06-25 11:04:21.341241 28699 46673 Oline 55173.968356
1 275 47.73 28.31 0.033803 2021-06-25 11:04:21.248226 26538 56208 Carlo 55173.875341
2 62 17.75 27.34 0.021556 2021-06-25 11:04:21.269782 20561 64237 Franko 55173.896897

0 156 27.28 16.49 0.162166 2021-06-25 11:04:22.407083 28701 46674 Oline 55175.034198
1 133 24.73 27.67 0.024959 2021-06-25 11:04:22.432042 18889 40134 Florian 55175.059157
2 204 34.73 26.70 0.00785 2021-06-25 11:04:22.468095 22965 69011 M 55175.09521

0 147 26.19 7.69 0.167702 2021-06-25 11:04:31.715172 28705 46679 Oline 55184.342287
1 57 16.93 27.56 0.024178 2021-06-25 11:04:31.739350 18890 40143 Florian 55184.366465
2 31 12.01 26.70 0.006727 2021-06-25 11:04:31.746077 22971 69024 M 55184.373192

0 145 25.96 11.88 0.027371 2021-06-25 11:04:33.961976 28706 46681 Oline 55186.589091
1 527 155.96 27.56 0.000187 2021-06-25 11:04:33.962163 10412 19570 MattiaCosmicWatch 55186.589278
2 103 22.23 27.13 0.178185 2021-06-25 11:04:33.934605 20564 64248 Franko 55186.56172

0 62 17.75 -3.06 0.019442 2021-06-25 11:04:37.397696 28709 46685 Oline 55190.024811
1 39 13.53 27.34 0.000203 2021-06-25 11:04:37.183472 14285 28755 Cecile 55189.810587
2 120 23.58 27.13 0.084324 2021-06-25 11:04:37.267796 20565 64252 Franko 55189.894911

0 287 50.23 43.78 0.056138 2021-06-25 11:04:43.325546 28712 46688 Oline 55195.952661
1 71 19.06 28.31 0.07578 2021-06-25 11:04:43.183488 26547 56227 Carlo 55195.810603
2 46 14.91 27.34 0.08592 2021-06-25 11:04:43.269408 8270 24131 Niels 55195.896523

0 51 15.86 25.84 0.069294 2021-06-25 11:04:45.511127 17179 60902 BenRevival 55198.138242
1 152 26.78 27.56 0.037631 2021-06-25 11:04:45.441833 18892 40150 Florian 55198.068948
2 89 21.05 27.13 0.125814 2021-06-25 11:04:45.404202 20568 64262 Franko 55198.031317

0 79 20.03 1.24 0.052331 2021-06-25 11:04:46.104990 28713 46690 Oline 55198.732105
1 143 25.74 27.34 0.024248 2021-06-25 11:04:46.176915 14287 28761 Cecile 55198.80403
2 124 23.92 16.39 0.348661 2021-06-25 11:04:46.052659 12540 34810 rens 55198.679774

0 31 12.01 25.52 0.137408 2021-06-25 11:04:47.270764 17180 60905 BenRevival 55199.897879
1 60 17.43 27.34 0.045731 2021-06-25 11:04:47.316495 14288 28764 Cecile 55199.94361
2 497 142.37 27.34 0.02794 2021-06-25 11:04:47.412565 20569 64264 Franko 55200.03968

0 60 17.43 -3.92 0.000194 2021-06-25 11:04:48.162472 28715 46693 Oline 55200.789587
1 92 21.32 27.67 0.220262 2021-06-25 11:04:48.128501 10413 19574 MattiaCosmicWatch 55200.755616
2 188 32.01 27.34 0.033777 2021-06-25 11:04:48.162278 20570 64266 Franko 55200.789393

0 62 17.75 -2.63 0.099906 2021-06-25 11:04:51.883970 28717 46695 Oline 55204.511085
1 103 22.23 28.31 0.05953 2021-06-25 11:04:52.110363 26551 56238 Carlo 55204.737478
2 305 53.88 26.91 0.225915 2021-06-25 11:04:51.784064 22976 69055 M 55204.411179

0 56 16.76 26.05 0.000184 2021-06-25 11:04:53.541550 17181 60906 BenRevival 55206.168665
1 394 84.01 27.67 0.290552 2021-06-25 11:04:53.474451 10414 19576 MattiaCosmicWatch 55206.101566
2 409 91.12 26.70 0.066915 2021-06-25 11:04:53.541366 22977 69056 M 55206.168481

0 133 24.73 12.41 0.020936 2021-06-25 11:04:54.679624 28718 46696 Oline 55207.306739
1 156 27.28 27.34 0.196458 2021-06-25 11:04:54.571399 14289 28767 Cecile 55207.198514
2 46 14.91 26.70 0.087289 2021-06-25 11:04:54.658688 22978 69059 M 55207.285803

0 39 13.53 -7.78 0.026299 2021-06-25 11:04:57.552808 28721 46699 Oline 55210.179923
1 79 20.03 27.34 0.025935 2021-06-25 11:04:57.602072 14290 28768 Cecile 55210.229187
2 46 14.91 27.13 0.795722 2021-06-25 11:04:57.526509 20572 64275 Franko 55210.153624

0 49 15.48 25.95 0.096029 2021-06-25 11:04:58.605129 17182 60908 BenRevival 55211.232244
1 94 21.50 27.67 0.0166 2021-06-25 11:04:58.509100 10415 19577 MattiaCosmicWatch 55211.136215
2 240 41.21 27.34 0.025159 2021-06-25 11:04:58.492500 20574 64277 Franko 55211.119615

0 73 19.32 25.73 0.112253 2021-06-25 11:04:58.717382 17183 60908 BenRevival 55211.344497
1 271 46.93 28.31 0.030504 2021-06-25 11:04:58.747886 26553 56244 Carlo 55211.375001
2 48 15.29 26.91 0.000196 2021-06-25 11:04:58.748082 22982 69065 M 55211.375197

0 31 12.01 -9.29 0.077842 2021-06-25 11:05:04.636774 28726 46704 Oline 55217.263889
1 78 19.92 27.56 0.05076 2021-06-25 11:05:04.558932 18901 40171 Florian 55217.186047
2 140 25.42 27.13 0.033667 2021-06-25 11:05:04.508172 20577 64286 Franko 55217.135287

0 46 14.91 25.84 0.24193 2021-06-25 11:05:07.429359 17186 60914 BenRevival 55220.056474
1 263 45.37 27.45 0.031181 2021-06-25 11:05:07.460540 18902 40173 Florian 55220.087655
2 206 35.07 31.96 0.023638 2021-06-25 11:05:07.512518 12543 34820 rens 55220.139633

0 487 132.65 25.30 0.14997 2021-06-25 11:05:08.296613 17188 60915 BenRevival 55220.923728
1 73 19.32 27.67 0.053795 2021-06-25 11:05:08.350408 18904 40175 Florian 55220.977523
2 56 16.76 27.34 0.02748 2021-06-25 11:05:08.377888 8273 24140 Niels 55221.005003

0 163 28.20 17.78 0.000163 2021-06-25 11:05:16.309691 28729 46711 Oline 55228.936806
1 284 49.41 27.34 0.000173 2021-06-25 11:05:16.309864 14295 28786 Cecile 55228.936979
2 83 20.46 26.70 0.046595 2021-06-25 11:05:16.309528 22991 69084 M 55228.936643

0 319 57.64 52.05 0.011122 2021-06-25 11:05:20.274375 28730 46716 Oline 55232.90149
1 46 14.91 28.31 0.012931 2021-06-25 11:05:20.227660 26562 56267 Carlo 55232.854775
2 77 19.81 27.34 0.035593 2021-06-25 11:05:20.263253 20579 64300 Franko 55232.890368

0 39 13.53 -6.60 0.138785 2021-06-25 11:05:24.140249 28732 46720 Oline 55236.767364
1 127 24.18 28.31 0.061848 2021-06-25 11:05:24.202097 26565 56272 Carlo 55236.829212
2 62 17.75 27.13 0.026323 2021-06-25 11:05:24.228420 8278 24152 Niels 55236.855535

0 28 11.49 26.05 0.026319 2021-06-25 11:05:25.157429 17197 60927 BenRevival 55237.784544
1 68 18.65 28.31 0.01603 2021-06-25 11:05:25.173459 26567 56274 Carlo 55237.800574
2 300 52.79 27.34 0.175001 2021-06-25 11:05:25.131110 8279 24153 Niels 55237.758225

0 79 20.03 -2.63 0.131294 2021-06-25 11:05:25.304753 28733 46722 Oline 55237.931868
1 224 38.29 28.31 0.024201 2021-06-25 11:05:25.328954 26568 56277 Carlo 55237.956069
2 224 38.29 34.76 0.009509 2021-06-25 11:05:25.338463 12549 34832 rens 55237.965578

0 61 17.60 -3.92 0.029547 2021-06-25 11:05:25.885156 28734 46724 Oline 55238.512271
1 76 19.69 27.34 0.025312 2021-06-25 11:05:25.777047 14296 28789 Cecile 55238.404162
2 147 26.19 24.44 0.245036 2021-06-25 11:05:25.751735 12054 33149 Noor 55238.37885

0 179 30.55 22.29 0.028201 2021-06-25 11:05:33.308390 28736 46728 Oline 55245.935505
1 89 21.05 27.34 0.025215 2021-06-25 11:05:33.333605 14298 28791 Cecile 55245.96072
2 48 15.29 0.60 0.192436 2021-06-25 11:05:33.280189 12552 34838 rens 55245.907304

0 28 11.49 25.84 0.081459 2021-06-25 11:05:34.433739 17198 60929 BenRevival 55247.060854
1 62 17.75 27.34 0.07074 2021-06-25 11:05:34.281570 14299 28792 Cecile 55246.908685
2 96 21.67 26.70 0.374551 2021-06-25 11:05:34.210830 22996 69100 M 55246.837945

0 44 14.51 -9.07 0.201112 2021-06-25 11:05:41.575002 28740 46733 Oline 55254.202117
1 71 19.06 27.34 0.024113 2021-06-25 11:05:41.599115 14300 28795 Cecile 55254.22623
2 263 45.37 26.70 0.023778 2021-06-25 11:05:41.625275 22998 69107 M 55254.25239

0 231 39.55 32.18 0.048625 2021-06-25 11:05:43.279806 28742 46735 Oline 55255.906921
1 48 15.29 28.31 0.208394 2021-06-25 11:05:43.197401 26572 56293 Carlo 55255.824516
2 505 145.23 95.34 0.025204 2021-06-25 11:05:43.222605 12553 34844 rens 55255.84972

0 57 16.93 26.05 0.01401 2021-06-25 11:05:45.397667 17199 60932 BenRevival 55258.024782
1 51 15.86 28.31 0.311562 2021-06-25 11:05:45.159389 26573 56295 Carlo 55257.786504
2 57 16.93 27.34 0.050867 2021-06-25 11:05:45.210256 20587 64326 Franko 55257.837371

0 122 23.75 26.05 0.082578 2021-06-25 11:05:47.340852 17200 60933 BenRevival 55259.967967
1 141 25.53 27.67 0.028039 2021-06-25 11:05:47.145490 10421 19591 MattiaCosmicWatch 55259.772605
2 225 38.48 27.45 0.125208 2021-06-25 11:05:47.117451 12555 34849 rens 55259.744566

0 79 20.03 1.24 0.02424 2021-06-25 11:05:49.113197 28745 46739 Oline 55261.740312
1 207 35.26 28.31 0.02418 2021-06-25 11:05:49.003853 26574 56297 Carlo 55261.630968
2 62 17.75 24.66 0.451519 2021-06-25 11:05:48.979673 12057 33157 Noor 55261.606788

0 35 12.75 26.05 0.153237 2021-06-25 11:05:51.178582 17201 60934 BenRevival 55263.805697
1 112 22.94 27.34 0.099104 2021-06-25 11:05:51.437653 14303 28799 Cecile 55264.064768
2 195 33.17 24.44 0.091598 2021-06-25 11:05:51.270180 12059 33159 Noor 55263.897295

0 58 17.10 26.27 0.026346 2021-06-25 11:05:51.760691 17202 60935 BenRevival 55264.387806
1 96 21.67 28.31 0.103761 2021-06-25 11:05:51.680781 26576 56299 Carlo 55264.307896
2 46 14.91 27.34 0.053564 2021-06-25 11:05:51.734345 20589 64332 Franko 55264.36146

0 31 12.01 26.05 0.026301 2021-06-25 11:05:53.799893 17204 60937 BenRevival 55266.427008
1 31 12.01 27.45 0.02042 2021-06-25 11:05:53.820313 18914 40199 Florian 55266.447428
2 30 11.83 27.13 0.278527 2021-06-25 11:05:53.773592 20590 64333 Franko 55266.400707

0 89 21.05 2.53 0.088221 2021-06-25 11:05:54.222688 28746 46744 Oline 55266.849803
1 39 13.53 28.31 0.288828 2021-06-25 11:05:54.109141 26577 56301 Carlo 55266.736256
2 113 23.02 27.34 0.025326 2021-06-25 11:05:54.134467 8283 24169 Niels 55266.761582

0 46 14.91 26.16 0.382687 2021-06-25 11:05:55.097565 17205 60939 BenRevival 55267.72468
1 227 38.83 27.45 0.030516 2021-06-25 11:05:55.261349 18915 40200 Florian 55267.888464
2 78 19.92 7.90 0.039522 2021-06-25 11:05:55.137087 12556 34855 rens 55267.764202

0 143 25.74 14.13 0.195719 2021-06-25 11:05:56.361555 28747 46745 Oline 55268.98867
1 234 40.06 27.56 0.055075 2021-06-25 11:05:56.441962 18916 40202 Florian 55269.069077
2 82 20.36 7.04 0.025332 2021-06-25 11:05:56.386887 12557 34856 rens 55269.014002

0 108 22.63 25.95 0.307085 2021-06-25 11:06:00.310146 17206 60943 BenRevival 55272.937261
1 60 17.43 27.34 0.068447 2021-06-25 11:06:00.562765 14304 28801 Cecile 55273.18988
2 135 24.92 27.34 0.03262 2021-06-25 11:06:00.342766 8284 24171 Niels 55272.969881

0 135 24.92 10.59 0.02442 2021-06-25 11:06:05.726901 28749 46748 Oline 55278.354016
1 115 23.18 27.34 0.000866 2021-06-25 11:06:05.727767 14305 28804 Cecile 55278.354882
2 48 15.29 24.44 0.311029 2021-06-25 11:06:05.702481 12062 33167 Noor 55278.329596

0 33 12.37 26.05 0.107532 2021-06-25 11:06:07.499380 17207 60948 BenRevival 55280.126495
1 34 12.56 27.34 0.037418 2021-06-25 11:06:07.632653 14306 28805 Cecile 55280.259768
2 376 76.43 67.95 0.095855 2021-06-25 11:06:07.595235 12558 34860 rens 55280.22235

0 112 22.94 26.16 0.198531 2021-06-25 11:06:14.534750 17208 60949 BenRevival 55287.161865
1 63 17.91 27.45 0.073555 2021-06-25 11:06:14.666680 18920 40213 Florian 55287.293795
2 35 12.75 26.70 0.058375 2021-06-25 11:06:14.593125 23005 69146 M 55287.22024

0 133 24.73 12.20 0.034565 2021-06-25 11:06:18.819317 28753 46753 Oline 55291.446432
1 48 15.29 27.34 0.1545 2021-06-25 11:06:18.784752 18922 40215 Florian 55291.411867
2 211 35.96 27.34 0.008742 2021-06-25 11:06:18.853381 20595 64362 Franko 55291.480496

0 359 69.86 60.86 0.028734 2021-06-25 11:06:19.789118 28754 46754 Oline 55292.416233
1 306 54.23 28.31 0.000177 2021-06-25 11:06:19.676285 26589 56323 Carlo 55292.3034
2 147 26.19 26.48 0.045576 2021-06-25 11:06:19.676108 23009 69157 M 55292.303223

0 79 20.03 1.24 0.026393 2021-06-25 11:06:21.702900 28755 46755 Oline 55294.330015
1 78 19.92 27.34 0.02954 2021-06-25 11:06:21.676507 14308 28811 Cecile 55294.303622
2 83 20.46 26.48 0.076848 2021-06-25 11:06:21.779748 23010 69159 M 55294.406863

0 103 22.23 3.82 0.000192 2021-06-25 11:06:22.968795 28757 46758 Oline 55295.59591
1 99 21.91 27.67 0.256514 2021-06-25 11:06:22.934903 10424 19598 MattiaCosmicWatch 55295.562018
2 159 27.66 27.34 0.0337 2021-06-25 11:06:22.968603 20598 64367 Franko 55295.595718

0 88 20.96 2.53 0.217488 2021-06-25 11:06:24.430006 28759 46760 Oline 55297.057121
1 82 20.36 27.45 0.041418 2021-06-25 11:06:24.471424 18924 40221 Florian 55297.098539
2 448 112.41 82.77 0.000187 2021-06-25 11:06:24.583566 12562 34874 rens 55297.210681

0 30 11.83 25.84 0.097827 2021-06-25 11:06:26.512974 17209 60951 BenRevival 55299.140089
1 108 22.63 28.31 0.034505 2021-06-25 11:06:26.217624 26593 56334 Carlo 55298.844739
2 444 109.09 81.48 0.026437 2021-06-25 11:06:26.244061 12564 34879 rens 55298.871176

0 31 12.01 26.05 0.033679 2021-06-25 11:06:29.548465 17211 60956 BenRevival 55302.17558
1 227 38.83 27.45 0.1466 2021-06-25 11:06:29.514786 18926 40226 Florian 55302.141901
2 62 17.75 26.27 0.096574 2021-06-25 11:06:29.663320 23016 69174 M 55302.290435

0 167 28.76 16.71 0.027435 2021-06-25 11:06:30.641795 28763 46766 Oline 55303.26891
1 63 17.91 27.45 0.183611 2021-06-25 11:06:30.614360 18928 40228 Florian 55303.241475
2 135 24.92 18.00 0.026222 2021-06-25 11:06:30.681353 12565 34881 rens 55303.308468

0 39 13.53 26.05 0.095967 2021-06-25 11:06:32.627918 17213 60960 BenRevival 55305.255033
1 147 26.19 27.34 0.09591 2021-06-25 11:06:32.531951 14311 28817 Cecile 55305.159066
2 79 20.03 27.34 0.592591 2021-06-25 11:06:32.436041 20602 64372 Franko 55305.063156

0 30 11.83 -9.07 0.091431 2021-06-25 11:06:33.049105 28764 46767 Oline 55305.67622
1 33 12.37 27.45 0.047066 2021-06-25 11:06:33.142852 18929 40229 Florian 55305.769967
2 280 48.67 24.44 0.288012 2021-06-25 11:06:32.957674 12065 33182 Noor 55305.584789

0 56 16.76 26.05 0.077248 2021-06-25 11:06:34.505530 17214 60962 BenRevival 55307.132645
1 31 12.01 27.56 0.030908 2021-06-25 11:06:34.428282 18930 40230 Florian 55307.055397
2 70 18.93 -4.24 0.194905 2021-06-25 11:06:34.397374 12566 34884 rens 55307.024489

0 184 31.36 22.51 0.021469 2021-06-25 11:06:35.294765 28765 46768 Oline 55307.92188
1 268 46.26 27.34 0.39549 2021-06-25 11:06:35.224404 14312 28818 Cecile 55307.851519
2 56 16.76 1.24 0.027279 2021-06-25 11:06:35.251683 12567 34885 rens 55307.878798

0 152 26.78 16.17 0.594806 2021-06-25 11:06:38.248069 28766 46769 Oline 55310.875184
1 115 23.18 27.34 0.025228 2021-06-25 11:06:38.273297 14313 28823 Cecile 55310.900412
2 71 19.06 27.34 0.008769 2021-06-25 11:06:38.282066 20605 64382 Franko 55310.909181

0 44 14.51 -6.49 0.05731 2021-06-25 11:06:39.671567 28767 46770 Oline 55312.298682
1 227 38.83 28.31 0.557255 2021-06-25 11:06:39.587936 26598 56346 Carlo 55312.215051
2 76 19.69 27.34 0.026321 2021-06-25 11:06:39.614257 8287 24187 Niels 55312.241372

0 206 35.07 27.34 0.023219 2021-06-25 11:06:41.535439 28768 46772 Oline 55314.162554
1 63 17.91 27.45 0.007333 2021-06-25 11:06:41.542772 18933 40236 Florian 55314.169887
2 56 16.76 2.31 0.377718 2021-06-25 11:06:41.512220 12568 34886 rens 55314.139335

0 32 12.19 -21.64 0.060942 2021-06-25 11:06:42.653636 28769 46774 Oline 55315.280751
1 83 20.46 27.34 0.086442 2021-06-25 11:06:42.824746 14316 28828 Cecile 55315.451861
2 39 13.53 26.70 0.084668 2021-06-25 11:06:42.738304 23020 69191 M 55315.365419

0 102 22.15 0.92 0.000173 2021-06-25 11:06:45.310988 28771 46776 Oline 55317.938103
1 70 18.93 27.67 0.034307 2021-06-25 11:06:45.260205 10428 19608 MattiaCosmicWatch 55317.88732
2 192 32.67 27.34 0.092204 2021-06-25 11:06:45.225898 20610 64394 Franko 55317.853013

0 57 16.93 -3.06 0.178069 2021-06-25 11:06:55.522967 28774 46780 Oline 55328.150082
1 166 28.62 28.31 0.077155 2021-06-25 11:06:55.624231 26603 56359 Carlo 55328.251346
2 227 38.83 26.70 0.024109 2021-06-25 11:06:55.547076 23027 69205 M 55328.174191

0 120 23.58 5.43 0.026226 2021-06-25 11:06:57.848032 28776 46783 Oline 55330.475147
1 67 18.51 27.34 0.00018 2021-06-25 11:06:57.848212 14318 28835 Cecile 55330.475327
2 39 13.53 27.34 0.283781 2021-06-25 11:06:57.821806 20614 64414 Franko 55330.448921

0 103 22.23 -0.91 0.093241 2021-06-25 11:07:03.668285 28778 46787 Oline 55336.2954
1 39 13.53 27.34 0.03716 2021-06-25 11:07:03.705445 18945 40249 Florian 55336.33256
2 384 80.08 26.70 0.106599 2021-06-25 11:07:03.575044 23032 69213 M 55336.202159

0 184 31.36 22.51 0.105105 2021-06-25 11:07:04.993276 28779 46788 Oline 55337.620391
1 49 15.48 28.85 0.05142 2021-06-25 11:07:05.141739 26605 56365 Carlo 55337.768854
2 78 19.92 27.13 0.025054 2021-06-25 11:07:05.018330 8291 24199 Niels 55337.645445

0 115 23.18 9.30 0.062367 2021-06-25 11:07:06.322372 28780 46790 Oline 55338.949487
1 103 22.23 28.31 0.0447 2021-06-25 11:07:06.167502 26606 56368 Carlo 55338.794617
2 327 59.28 24.44 0.07728 2021-06-25 11:07:06.122802 12070 33199 Noor 55338.749917

0 127 24.18 11.88 0.023292 2021-06-25 11:07:12.101648 28783 46794 Oline 55344.728763
1 41 13.92 28.31 0.537513 2021-06-25 11:07:12.016887 26607 56372 Carlo 55344.644002
2 83 20.46 9.30 0.061469 2021-06-25 11:07:12.078356 12575 34907 rens 55344.705471

0 60 17.43 -7.78 0.246431 2021-06-25 11:07:13.282214 28784 46796 Oline 55345.909329
1 229 39.22 28.31 0.024115 2021-06-25 11:07:13.306329 26609 56374 Carlo 55345.933444
2 62 17.75 1.99 0.002255 2021-06-25 11:07:13.308584 12576 34910 rens 55345.935699

0 56 16.76 -3.92 0.035513 2021-06-25 11:07:15.293019 28786 46798 Oline 55347.920134
1 71 19.06 27.45 0.10194 2021-06-25 11:07:15.257506 18950 40260 Florian 55347.884621
2 51 15.86 26.48 0.074889 2021-06-25 11:07:15.367908 23037 69229 M 55347.995023

0 428 101.58 76.01 0.001312 2021-06-25 11:07:16.695524 28787 46799 Oline 55349.322639
1 78 19.92 27.67 0.233182 2021-06-25 11:07:16.660761 10440 19624 MattiaCosmicWatch 55349.287876
2 120 23.58 24.44 0.033451 2021-06-25 11:07:16.694212 12074 33206 Noor 55349.321327

0 108 22.63 7.69 0.033724 2021-06-25 11:07:17.452223 28788 46802 Oline 55350.079338
1 185 31.51 27.34 0.021154 2021-06-25 11:07:17.520243 14323 28845 Cecile 55350.147358
2 88 20.96 9.30 0.046687 2021-06-25 11:07:17.498910 12577 34912 rens 55350.126025

0 38 13.33 -9.07 0.024291 2021-06-25 11:07:18.297872 28789 46803 Oline 55350.924987
1 63 17.91 28.31 0.100804 2021-06-25 11:07:18.238002 26610 56376 Carlo 55350.865117
2 79 20.03 24.44 0.035579 2021-06-25 11:07:18.273581 12076 33208 Noor 55350.900696

0 31 12.01 -12.94 0.025303 2021-06-25 11:07:21.014500 28792 46806 Oline 55353.641615
1 35 12.75 28.31 0.132044 2021-06-25 11:07:20.989197 26613 56383 Carlo 55353.616312
2 254 43.77 27.13 0.032175 2021-06-25 11:07:21.046675 20623 64434 Franko 55353.67379

0 31 12.01 25.52 0.019731 2021-06-25 11:07:27.218544 17217 60975 BenRevival 55359.845659
1 69 18.79 27.56 0.41737 2021-06-25 11:07:27.165414 10445 19630 MattiaCosmicWatch 55359.792529
2 415 95.00 27.34 0.033399 2021-06-25 11:07:27.198813 20627 64441 Franko 55359.825928

0 34 12.56 26.05 0.069634 2021-06-25 11:07:29.451121 17218 60976 BenRevival 55362.078236
1 88 20.96 28.20 0.066533 2021-06-25 11:07:29.356263 26614 56389 Carlo 55361.983378
2 124 23.92 16.28 0.16074 2021-06-25 11:07:29.289730 12579 34920 rens 55361.916845

0 286 49.78 40.34 0.127673 2021-06-25 11:07:30.312771 28796 46811 Oline 55362.939886
1 115 23.18 27.56 0.04543 2021-06-25 11:07:30.444365 18954 40272 Florian 55363.07148
2 143 25.74 27.34 0.086164 2021-06-25 11:07:30.398935 20628 64444 Franko 55363.02605

0 108 22.63 6.83 0.033704 2021-06-25 11:07:31.320429 28797 46812 Oline 55363.947544
1 114 23.10 27.56 0.027366 2021-06-25 11:07:31.198859 10447 19636 MattiaCosmicWatch 55363.825974
2 71 19.06 26.70 0.063405 2021-06-25 11:07:31.262264 23043 69246 M 55363.889379

0 39 13.53 -6.49 0.278513 2021-06-25 11:07:33.143739 28798 46813 Oline 55365.770854
1 263 45.37 27.34 0.024095 2021-06-25 11:07:33.167834 14327 28854 Cecile 55365.794949
2 536 160.18 26.70 0.000192 2021-06-25 11:07:33.202473 23045 69250 M 55365.829588

0 31 12.01 25.73 0.032005 2021-06-25 11:07:35.217146 17219 60978 BenRevival 55367.844261
1 138 25.22 27.67 0.096834 2021-06-25 11:07:35.092494 10448 19637 MattiaCosmicWatch 55367.719609
2 46 14.91 27.34 0.153952 2021-06-25 11:07:34.995660 20630 64449 Franko 55367.622775

0 110 22.78 7.69 0.13967 2021-06-25 11:07:38.011860 28801 46817 Oline 55370.638975
1 60 17.43 27.34 0.064583 2021-06-25 11:07:38.100612 14330 28858 Cecile 55370.727727
2 57 16.93 24.44 0.024169 2021-06-25 11:07:38.036029 12081 33218 Noor 55370.663144

0 271 46.93 40.23 0.018666 2021-06-25 11:07:38.475086 28802 46818 Oline 55371.102201
1 361 70.62 27.56 0.110302 2021-06-25 11:07:38.419697 10449 19640 MattiaCosmicWatch 55371.046812
2 127 24.18 8.87 0.036723 2021-06-25 11:07:38.456420 12580 34925 rens 55371.083535

0 142 25.64 7.69 0.029938 2021-06-25 11:07:49.154039 28808 46829 Oline 55381.781154
1 81 20.25 27.56 0.023915 2021-06-25 11:07:49.177954 18963 40295 Florian 55381.805069
2 167 28.76 27.13 0.025229 2021-06-25 11:07:49.124101 20637 64466 Franko 55381.751216

0 263 45.37 38.62 0.036701 2021-06-25 11:07:52.692757 28810 46832 Oline 55385.319872
1 31 12.01 28.31 0.133076 2021-06-25 11:07:52.546607 26627 56418 Carlo 55385.173722
2 30 11.83 -14.44 0.055135 2021-06-25 11:07:52.601742 12585 34937 rens 55385.228857

0 63 17.91 -1.02 0.02822 2021-06-25 11:07:53.716866 28811 46833 Oline 55386.343981
1 120 23.58 27.45 0.032896 2021-06-25 11:07:53.688646 18964 40296 Florian 55386.315761
2 113 23.02 27.34 0.098884 2021-06-25 11:07:53.655750 8295 24214 Niels 55386.282865

0 83 20.46 2.53 0.026221 2021-06-25 11:07:56.128177 28812 46835 Oline 55388.755292
1 255 43.96 28.31 0.045594 2021-06-25 11:07:56.192446 26630 56421 Carlo 55388.819561
2 56 16.76 27.34 0.177474 2021-06-25 11:07:56.101956 20640 64474 Franko 55388.729071

0 313 56.02 50.76 0.025111 2021-06-25 11:07:59.221378 28816 46841 Oline 55391.848493
1 76 19.69 27.56 0.011441 2021-06-25 11:07:59.232819 18968 40302 Florian 55391.859934
2 67 18.51 27.34 0.202887 2021-06-25 11:07:59.196267 8296 24216 Niels 55391.823382

0 96 21.67 3.71 0.152185 2021-06-25 11:07:59.427811 28817 46841 Oline 55392.054926
1 61 17.60 28.31 0.088556 2021-06-25 11:07:59.516367 26633 56424 Carlo 55392.143482
2 51 15.86 26.91 0.025397 2021-06-25 11:07:59.541764 23053 69282 M 55392.168879

0 39 13.53 26.05 0.022084 2021-06-25 11:08:03.712990 17223 60990 BenRevival 55396.340105
1 71 19.06 28.31 0.17408 2021-06-25 11:08:03.664445 26640 56433 Carlo 55396.29156
2 184 31.36 26.70 0.026461 2021-06-25 11:08:03.690906 23055 69286 M 55396.318021

0 39 13.53 26.05 0.029248 2021-06-25 11:08:04.272690 17224 60991 BenRevival 55396.899805
1 505 145.23 27.45 0.054354 2021-06-25 11:08:04.243442 18969 40305 Florian 55396.870557
2 99 21.91 26.70 0.031723 2021-06-25 11:08:04.189088 23056 69287 M 55396.816203

0 35 12.75 26.48 0.010913 2021-06-25 11:08:06.168602 17225 60996 BenRevival 55398.795717
1 99 21.91 28.31 0.423214 2021-06-25 11:08:06.124006 26641 56435 Carlo 55398.751121
2 88 20.96 9.73 0.033683 2021-06-25 11:08:06.157689 12587 34943 rens 55398.784804

0 34 12.56 25.63 0.07102 2021-06-25 11:08:07.167663 17227 61003 BenRevival 55399.794778
1 270 46.71 27.34 0.552568 2021-06-25 11:08:07.096643 14334 28866 Cecile 55399.723758
2 184 31.36 27.34 0.058314 2021-06-25 11:08:07.259614 20644 64483 Franko 55399.886729

0 45 14.71 -6.49 0.028507 2021-06-25 11:08:11.545242 28821 46849 Oline 55404.172357
1 67 18.51 27.34 0.025261 2021-06-25 11:08:11.516735 14335 28867 Cecile 55404.14385
2 408 90.57 24.44 0.123047 2021-06-25 11:08:11.491474 12092 33241 Noor 55404.118589

0 30 11.83 25.73 0.026212 2021-06-25 11:08:12.125881 17229 61009 BenRevival 55404.752996
1 82 20.36 28.53 0.062191 2021-06-25 11:08:12.460381 26643 56438 Carlo 55405.087496
2 134 24.82 27.34 0.355957 2021-06-25 11:08:12.099669 8298 24222 Niels 55404.726784

0 70 18.93 -1.02 0.027103 2021-06-25 11:08:13.654697 28824 46852 Oline 55406.281812
1 166 28.62 27.34 0.201653 2021-06-25 11:08:13.627594 14337 28869 Cecile 55406.254709
2 181 30.87 27.34 0.012347 2021-06-25 11:08:13.667044 20646 64491 Franko 55406.294159

0 137 25.12 12.30 0.439587 2021-06-25 11:08:14.568067 28825 46854 Oline 55407.195182
1 88 20.96 27.34 0.086743 2021-06-25 11:08:14.793631 14338 28870 Cecile 55407.420746
2 295 51.75 26.70 0.078907 2021-06-25 11:08:14.646974 23058 69295 M 55407.274089

0 94 21.50 3.60 0.099326 2021-06-25 11:08:17.503443 28826 46856 Oline 55410.130558
1 199 33.86 27.56 0.030294 2021-06-25 11:08:17.367352 10457 19654 MattiaCosmicWatch 55409.994467
2 30 11.83 -1.02 0.245116 2021-06-25 11:08:17.337058 12590 34949 rens 55409.964173

0 88 20.96 3.60 0.083918 2021-06-25 11:08:23.642202 28828 46859 Oline 55416.269317
1 547 162.22 27.45 0.021844 2021-06-25 11:08:23.524499 18975 40314 Florian 55416.151614
2 62 17.75 26.70 0.109191 2021-06-25 11:08:23.502655 23061 69303 M 55416.12977

0 103 22.23 3.82 0.07072 2021-06-25 11:08:24.202676 28829 46860 Oline 55416.829791
1 304 53.73 28.31 0.033736 2021-06-25 11:08:24.085225 26645 56447 Carlo 55416.71234
2 226 38.63 37.33 0.272274 2021-06-25 11:08:24.051489 12591 34952 rens 55416.678604

0 220 37.58 28.31 0.317995 2021-06-25 11:08:24.787935 28830 46861 Oline 55417.41505
1 51 15.86 27.56 0.025223 2021-06-25 11:08:24.813158 10458 19655 MattiaCosmicWatch 55417.440273
2 50 15.67 1.24 0.066371 2021-06-25 11:08:25.044944 12592 34953 rens 55417.672059

0 31 12.01 26.05 0.047524 2021-06-25 11:08:26.207120 17233 61030 BenRevival 55418.834235
1 60 17.43 27.67 0.258586 2021-06-25 11:08:26.051838 10459 19656 MattiaCosmicWatch 55418.678953
2 35 12.75 24.44 0.033642 2021-06-25 11:08:26.085480 12094 33247 Noor 55418.712595

0 30 11.83 26.05 0.033749 2021-06-25 11:08:26.432241 17234 61038 BenRevival 55419.059356
1 62 17.75 28.31 0.066548 2021-06-25 11:08:26.498789 26646 56456 Carlo 55419.125904
2 243 41.74 24.98 0.066427 2021-06-25 11:08:26.765108 12095 33248 Noor 55419.392223

0 31 12.01 25.73 0.082033 2021-06-25 11:08:27.171808 17235 61041 BenRevival 55419.798923
1 39 13.53 27.45 0.080279 2021-06-25 11:08:27.352445 18976 40315 Florian 55419.97956
2 527 155.96 27.13 0.178885 2021-06-25 11:08:27.089775 20648 64507 Franko 55419.71689

0 117 23.34 26.05 0.173869 2021-06-25 11:08:30.449679 17236 61042 BenRevival 55423.076794
1 92 21.32 28.31 0.031481 2021-06-25 11:08:30.481160 26648 56460 Carlo 55423.108275
2 448 112.41 26.70 0.000186 2021-06-25 11:08:30.481346 23062 69309 M 55423.108461

0 48 15.29 -4.88 0.046939 2021-06-25 11:08:31.563836 28833 46865 Oline 55424.190951
1 38 13.33 27.45 0.072013 2021-06-25 11:08:31.635849 18977 40318 Florian 55424.262964
2 185 31.51 27.34 0.241424 2021-06-25 11:08:31.516897 8299 24228 Niels 55424.144012

0 159 27.66 16.71 0.032185 2021-06-25 11:08:33.649073 28834 46867 Oline 55426.276188
1 39 13.53 28.31 0.170275 2021-06-25 11:08:33.591786 26651 56467 Carlo 55426.218901
2 28 11.49 24.44 0.025102 2021-06-25 11:08:33.616888 12097 33253 Noor 55426.244003

0 100 22.00 -4.13 0.027431 2021-06-25 11:08:35.924842 28837 46871 Oline 55428.551957
1 149 26.42 27.67 0.000185 2021-06-25 11:08:35.925027 10460 19660 MattiaCosmicWatch 55428.552142
2 352 66.89 27.34 0.149071 2021-06-25 11:08:35.897411 20651 64521 Franko 55428.524526

0 63 17.91 -2.84 0.052173 2021-06-25 11:08:37.149717 28839 46873 Oline 55429.776832
1 99 21.91 28.31 0.61937 2021-06-25 11:08:37.013390 26654 56471 Carlo 55429.640505
2 31 12.01 27.24 0.084154 2021-06-25 11:08:37.097544 20652 64522 Franko 55429.724659

0 231 39.55 32.18 0.008964 2021-06-25 11:08:40.424471 28840 46874 Oline 55433.051586
1 39 13.53 27.45 0.106812 2021-06-25 11:08:40.388166 18981 40324 Florian 55433.015281
2 44 14.51 27.34 0.027341 2021-06-25 11:08:40.415507 8300 24231 Niels 55433.042622

0 57 16.93 26.05 0.110745 2021-06-25 11:08:40.554373 17237 61043 BenRevival 55433.181488
1 369 73.42 28.31 0.030675 2021-06-25 11:08:40.585048 26656 56477 Carlo 55433.212163
2 99 21.91 27.34 0.002817 2021-06-25 11:08:40.587865 8301 24233 Niels 55433.21498

0 30 11.83 25.84 0.026218 2021-06-25 11:08:50.572510 17238 61045 BenRevival 55443.199625
1 259 44.69 28.31 0.153659 2021-06-25 11:08:50.546292 26661 56485 Carlo 55443.173407
2 56 16.76 27.34 0.00748 2021-06-25 11:08:50.579990 8302 24238 Niels 55443.207105

0 401 87.91 71.17 0.019129 2021-06-25 11:08:51.802045 28843 46878 Oline 55444.42916
1 60 17.43 27.67 0.027255 2021-06-25 11:08:51.731816 10463 19665 MattiaCosmicWatch 55444.358931
2 359 69.86 27.34 0.094794 2021-06-25 11:08:51.704561 20657 64540 Franko 55444.331676

0 83 20.46 2.31 0.033765 2021-06-25 11:08:54.245752 28844 46880 Oline 55446.872867
1 34 12.56 28.31 0.0522 2021-06-25 11:08:54.211987 26664 56491 Carlo 55446.839102
2 284 49.41 27.13 0.297314 2021-06-25 11:08:54.159787 20659 64543 Franko 55446.786902

0 35 12.75 26.05 0.072089 2021-06-25 11:08:55.157510 17240 61047 BenRevival 55447.784625
1 37 13.14 28.31 0.053563 2021-06-25 11:08:55.085421 26665 56492 Carlo 55447.712536
2 78 19.92 27.34 0.15241 2021-06-25 11:08:55.031858 20660 64544 Franko 55447.658973

0 34 12.56 -9.07 0.063873 2021-06-25 11:08:56.690444 28845 46881 Oline 55449.317559
1 76 19.69 27.45 0.213617 2021-06-25 11:08:56.599135 18988 40339 Florian 55449.22625
2 216 36.85 26.91 0.027436 2021-06-25 11:08:56.626571 23069 69335 M 55449.253686

0 35 12.75 26.48 0.018392 2021-06-25 11:08:58.697298 17243 61054 BenRevival 55451.324413
1 39 13.53 28.31 0.090103 2021-06-25 11:08:58.563388 26668 56495 Carlo 55451.190503
2 50 15.67 26.70 0.068231 2021-06-25 11:08:58.473285 23071 69340 M 55451.1004

0 34 12.56 26.05 0.070547 2021-06-25 11:08:59.210840 17244 61056 BenRevival 55451.837955
1 73 19.32 27.34 0.025132 2021-06-25 11:08:59.421181 14342 28883 Cecile 55452.048296
2 96 21.67 27.13 0.023027 2021-06-25 11:08:59.140293 20662 64548 Franko 55451.767408

0 147 26.19 12.84 0.479856 2021-06-25 11:09:01.243381 28848 46887 Oline 55453.870496
1 56 16.76 28.31 0.025204 2021-06-25 11:09:01.268585 26669 56496 Carlo 55453.8957
2 56 16.76 27.34 0.014824 2021-06-25 11:09:01.283409 20664 64555 Franko 55453.910524

0 120 23.58 6.72 0.025294 2021-06-25 11:09:06.536022 28850 46889 Oline 55459.163137
1 57 16.93 28.31 0.068671 2021-06-25 11:09:06.427177 26673 56502 Carlo 55459.054292
2 163 28.20 24.44 0.083551 2021-06-25 11:09:06.510728 12101 33264 Noor 55459.137843

0 263 45.37 37.33 0.033687 2021-06-25 11:09:07.039803 28851 46890 Oline 55459.666918
1 193 32.84 28.31 0.034196 2021-06-25 11:09:07.098640 26674 56503 Carlo 55459.725755
2 35 12.75 27.13 0.08423 2021-06-25 11:09:07.006116 20667 64560 Franko 55459.633231

0 216 36.85 29.92 0.201576 2021-06-25 11:09:13.902272 28853 46895 Oline 55466.529387
1 255 43.96 27.45 0.082689 2021-06-25 11:09:14.010247 18992 40346 Florian 55466.637362
2 224 38.29 27.13 0.025286 2021-06-25 11:09:13.927558 20669 64571 Franko 55466.554673

0 41 13.92 26.05 0.000167 2021-06-25 11:09:15.814932 17246 61059 BenRevival 55468.442047
1 304 53.73 27.45 0.003086 2021-06-25 11:09:15.818018 18994 40349 Florian 55468.445133
2 403 88.99 26.91 0.013891 2021-06-25 11:09:15.814765 23076 69367 M 55468.44188

0 271 46.93 41.52 0.048047 2021-06-25 11:09:18.603592 28855 46898 Oline 55471.230707
1 76 19.69 27.45 0.018508 2021-06-25 11:09:18.516925 18995 40352 Florian 55471.14404
2 103 22.23 26.91 0.026258 2021-06-25 11:09:18.498417 23077 69370 M 55471.125532

0 103 22.23 25.73 0.06408 2021-06-25 11:09:19.324070 17247 61060 BenRevival 55471.951185
1 112 22.94 27.34 0.126206 2021-06-25 11:09:19.107371 14344 28890 Cecile 55471.734486
2 305 53.88 26.48 0.027798 2021-06-25 11:09:19.135169 23078 69372 M 55471.762284

0 647 246.69 124.67 0.025293 2021-06-25 11:09:20.782075 28856 46899 Oline 55473.40919
1 344 64.67 27.34 0.001947 2021-06-25 11:09:20.784022 14345 28892 Cecile 55473.411137
2 108 22.63 24.44 0.188812 2021-06-25 11:09:20.756782 12104 33269 Noor 55473.383897

0 120 23.58 9.30 0.026343 2021-06-25 11:09:22.578414 28857 46900 Oline 55475.205529
1 126 24.09 28.31 0.263426 2021-06-25 11:09:22.552071 26682 56518 Carlo 55475.179186
2 37 13.14 26.70 0.048006 2021-06-25 11:09:22.626420 23080 69376 M 55475.253535

0 122 23.75 25.73 0.068443 2021-06-25 11:09:23.234501 17248 61061 BenRevival 55475.861616
1 62 17.75 28.53 0.078837 2021-06-25 11:09:23.166058 26683 56519 Carlo 55475.793173
2 192 32.67 27.34 0.231283 2021-06-25 11:09:23.087221 20672 64580 Franko 55475.714336

0 63 17.91 -6.60 0.337741 2021-06-25 11:09:24.598417 28858 46904 Oline 55477.225532
1 39 13.53 27.34 0.074156 2021-06-25 11:09:24.672573 18997 40357 Florian 55477.299688
2 89 21.05 24.44 0.045777 2021-06-25 11:09:24.755620 12105 33271 Noor 55477.382735

0 39 13.53 25.52 0.025807 2021-06-25 11:09:34.816422 17251 61067 BenRevival 55487.443537
1 224 38.29 27.34 0.036341 2021-06-25 11:09:34.852763 14348 28899 Cecile 55487.479878
2 231 39.55 26.70 0.200625 2021-06-25 11:09:34.790615 23082 69383 M 55487.41773

0 60 17.43 -3.92 0.000184 2021-06-25 11:09:35.202348 28861 46908 Oline 55487.829463
1 231 39.55 28.31 0.16864 2021-06-25 11:09:35.055100 26687 56526 Carlo 55487.682215
2 42 14.12 27.34 0.010945 2021-06-25 11:09:35.066045 8307 24264 Niels 55487.69316

0 31 12.01 26.05 0.025373 2021-06-25 11:09:37.398301 17252 61069 BenRevival 55490.025416
1 39 13.53 27.34 0.019243 2021-06-25 11:09:37.417544 19000 40363 Florian 55490.044659
2 96 21.67 27.34 0.069537 2021-06-25 11:09:37.372928 8308 24265 Niels 55490.000043

0 108 22.63 6.72 0.0002 2021-06-25 11:09:38.291618 28863 46911 Oline 55490.918733
1 51 15.86 27.67 0.256026 2021-06-25 11:09:38.257653 10466 19681 MattiaCosmicWatch 55490.884768
2 391 82.35 27.34 0.033765 2021-06-25 11:09:38.291418 20679 64600 Franko 55490.918533

0 476 129.76 85.03 0.098695 2021-06-25 11:09:38.761188 28864 46912 Oline 55491.388303
1 137 25.12 27.34 0.026261 2021-06-25 11:09:38.787449 14349 28903 Cecile 55491.414564
2 39 13.53 27.34 0.202005 2021-06-25 11:09:38.662493 20680 64601 Franko 55491.289608

0 143 25.74 14.13 0.097517 2021-06-25 11:09:45.711679 28865 46913 Oline 55498.338794
1 71 19.06 27.67 0.025355 2021-06-25 11:09:45.737034 10467 19684 MattiaCosmicWatch 55498.364149
2 92 21.32 26.70 0.438761 2021-06-25 11:09:45.614162 23083 69396 M 55498.241277

0 243 41.74 34.76 0.167593 2021-06-25 11:09:48.067221 28867 46915 Oline 55500.694336
1 103 22.23 27.45 0.025163 2021-06-25 11:09:48.092384 19006 40374 Florian 55500.719499
2 34 12.56 27.13 0.003272 2021-06-25 11:09:48.095656 20684 64610 Franko 55500.722771

0 45 14.71 -6.49 0.079183 2021-06-25 11:09:53.294713 28870 46919 Oline 55505.921828
1 71 19.06 28.31 0.375361 2021-06-25 11:09:53.181721 26695 56546 Carlo 55505.808836
2 236 40.44 26.70 0.033809 2021-06-25 11:09:53.215530 23085 69402 M 55505.842645

0 39 13.53 -7.25 0.054099 2021-06-25 11:09:54.181063 28871 46921 Oline 55506.808178
1 82 20.36 27.34 0.046024 2021-06-25 11:09:54.227087 14350 28906 Cecile 55506.854202
2 51 15.86 27.13 0.021098 2021-06-25 11:09:54.126964 8314 24274 Niels 55506.754079

0 403 88.99 68.59 0.020652 2021-06-25 11:09:56.458024 28873 46924 Oline 55509.085139
1 63 17.91 27.45 0.000187 2021-06-25 11:09:56.437372 19009 40382 Florian 55509.064487
2 143 25.74 24.44 0.025221 2021-06-25 11:09:56.437185 12109 33284 Noor 55509.0643

0 216 36.85 29.92 0.494966 2021-06-25 11:09:57.099681 28874 46924 Oline 55509.726796
1 206 35.07 28.31 0.013566 2021-06-25 11:09:57.138424 26696 56549 Carlo 55509.765539
2 263 45.37 27.34 0.025177 2021-06-25 11:09:57.124858 20687 64620 Franko 55509.751973

0 126 24.09 9.30 0.026299 2021-06-25 11:09:58.330614 28876 46926 Oline 55510.957729
1 103 22.23 27.34 0.011118 2021-06-25 11:09:58.341732 14351 28908 Cecile 55510.968847
2 51 15.86 27.34 0.314358 2021-06-25 11:09:58.304315 20688 64621 Franko 55510.93143

0 403 88.99 71.17 0.06538 2021-06-25 11:10:01.990630 28877 46928 Oline 55514.617745
1 76 19.69 27.67 0.033717 2021-06-25 11:10:01.812510 10470 19687 MattiaCosmicWatch 55514.439625
2 441 109.77 27.34 0.204415 2021-06-25 11:10:01.778793 20690 64626 Franko 55514.405908

0 37 13.14 26.27 0.027457 2021-06-25 11:10:02.961872 17255 61075 BenRevival 55515.588987
1 70 18.93 27.67 0.009116 2021-06-25 11:10:02.970988 10471 19688 MattiaCosmicWatch 55515.598103
2 213 36.33 27.34 0.101524 2021-06-25 11:10:02.934415 20692 64629 Franko 55515.56153

0 166 28.62 19.61 0.10572 2021-06-25 11:10:04.826612 28879 46929 Oline 55517.453727
1 79 20.03 27.34 0.025314 2021-06-25 11:10:04.851926 14354 28911 Cecile 55517.479041
2 121 23.66 24.44 0.00108 2021-06-25 11:10:04.853006 12110 33287 Noor 55517.480121

0 67 18.51 -0.91 0.128541 2021-06-25 11:10:07.915913 28880 46931 Oline 55520.543028
1 167 28.76 27.45 0.024237 2021-06-25 11:10:07.940150 19015 40396 Florian 55520.567265
2 71 19.06 24.44 0.088388 2021-06-25 11:10:08.028538 12111 33288 Noor 55520.655653

0 121 23.66 9.62 0.02509 2021-06-25 11:10:13.039676 28881 46932 Oline 55525.666791
1 63 17.91 28.31 0.328823 2021-06-25 11:10:13.014586 26700 56565 Carlo 55525.641701
2 30 11.83 26.70 0.053917 2021-06-25 11:10:13.093593 23093 69430 M 55525.720708

0 31 12.01 26.05 0.055827 2021-06-25 11:10:14.200272 17256 61077 BenRevival 55526.827387
1 63 17.91 27.45 0.503813 2021-06-25 11:10:14.063023 19017 40399 Florian 55526.690138
2 120 23.58 27.34 0.081422 2021-06-25 11:10:14.144445 20694 64643 Franko 55526.77156

0 30 11.83 -9.07 0.105539 2021-06-25 11:10:14.339639 28882 46934 Oline 55526.966754
1 71 19.06 28.31 0.020908 2021-06-25 11:10:14.423475 26701 56567 Carlo 55527.05059
2 56 16.76 26.70 0.062928 2021-06-25 11:10:14.402567 23094 69431 M 55527.029682

0 425 99.48 74.72 0.027499 2021-06-25 11:10:15.399854 28885 46936 Oline 55528.026969
1 153 26.90 27.34 0.144019 2021-06-25 11:10:15.372355 14357 28917 Cecile 55527.99947
2 67 18.51 26.70 0.048664 2021-06-25 11:10:15.513467 23095 69432 M 55528.140582

0 31 12.01 -9.07 0.033542 2021-06-25 11:10:16.099235 28886 46938 Oline 55528.72635
1 101 22.08 28.31 0.316532 2021-06-25 11:10:16.024972 26703 56571 Carlo 55528.652087
2 171 29.34 24.44 0.040721 2021-06-25 11:10:16.065693 12618 35024 rens 55528.692808

0 51 15.86 26.16 0.03137 2021-06-25 11:10:18.669320 17257 61079 BenRevival 55531.296435
1 71 19.06 28.31 0.075841 2021-06-25 11:10:18.539336 26704 56572 Carlo 55531.166451
2 60 17.43 26.70 0.222677 2021-06-25 11:10:18.463495 23097 69438 M 55531.09061

0 99 21.91 5.86 0.000198 2021-06-25 11:10:19.323311 28889 46942 Oline 55531.950426
1 199 33.86 27.67 0.106571 2021-06-25 11:10:19.286488 10475 19695 MattiaCosmicWatch 55531.913603
2 368 72.93 27.24 0.036625 2021-06-25 11:10:19.323113 20697 64649 Franko 55531.950228

0 79 20.03 1.13 0.058571 2021-06-25 11:10:23.036094 28891 46946 Oline 55535.663209
1 463 119.23 27.45 0.207045 2021-06-25 11:10:22.977523 10476 19696 MattiaCosmicWatch 55535.604638
2 49 15.48 27.34 0.037777 2021-06-25 11:10:23.097143 20700 64655 Franko 55535.724258

0 143 25.74 12.84 0.025238 2021-06-25 11:10:24.425454 28893 46948 Oline 55537.052569
1 48 15.29 28.31 0.138226 2021-06-25 11:10:24.400216 26705 56575 Carlo 55537.027331
2 44 14.51 26.91 0.011143 2021-06-25 11:10:24.436597 8319 24284 Niels 55537.063712

0 63 17.91 25.95 0.082329 2021-06-25 11:10:28.736249 17258 61080 BenRevival 55541.363364
1 153 26.90 28.31 0.0242 2021-06-25 11:10:28.574138 26708 56578 Carlo 55541.201253
2 90 21.14 10.26 0.264597 2021-06-25 11:10:28.549938 12619 35029 rens 55541.177053

0 110 22.78 7.26 0.026277 2021-06-25 11:10:29.166039 28896 46953 Oline 55541.793154
1 177 30.25 27.34 0.005621 2021-06-25 11:10:29.171660 14363 28928 Cecile 55541.798775
2 56 16.76 27.34 0.089522 2021-06-25 11:10:29.139762 20703 64661 Franko 55541.766877

0 44 14.51 -9.93 0.036264 2021-06-25 11:10:35.524091 28901 46959 Oline 55548.151206
1 108 22.63 28.31 0.07506 2021-06-25 11:10:35.424397 26716 56591 Carlo 55548.051512
2 240 41.21 26.70 0.041285 2021-06-25 11:10:35.465682 23102 69461 M 55548.092797

0 207 35.26 26.05 0.07647 2021-06-25 11:10:37.265158 28903 46961 Oline 55549.892273
1 97 21.75 28.31 0.066232 2021-06-25 11:10:37.188688 26717 56595 Carlo 55549.815803
2 127 24.18 16.71 0.081485 2021-06-25 11:10:37.346643 12623 35035 rens 55549.973758

0 78 19.92 0.92 0.007202 2021-06-25 11:10:39.051419 28905 46963 Oline 55551.678534
1 127 24.18 27.56 0.000999 2021-06-25 11:10:39.052418 19026 40417 Florian 55551.679533
2 297 52.13 26.70 0.026078 2021-06-25 11:10:39.044217 23104 69464 M 55551.671332

0 147 26.19 15.74 0.023098 2021-06-25 11:10:40.838985 28906 46964 Oline 55553.4661
1 76 19.69 27.56 0.111068 2021-06-25 11:10:40.694179 10478 19703 MattiaCosmicWatch 55553.321294
2 345 64.98 27.34 0.033746 2021-06-25 11:10:40.727925 20705 64674 Franko 55553.35504

0 88 20.96 2.53 0.071913 2021-06-25 11:10:42.094230 28907 46965 Oline 55554.721345
1 63 17.91 28.31 0.171362 2021-06-25 11:10:41.907223 26718 56602 Carlo 55554.534338
2 35 12.75 27.34 0.047092 2021-06-25 11:10:41.954315 20706 64676 Franko 55554.58143

0 62 17.75 -7.78 0.024347 2021-06-25 11:10:44.830395 28909 46968 Oline 55557.45751
1 220 37.58 27.45 0.03754 2021-06-25 11:10:44.867935 19028 40423 Florian 55557.49505
2 44 14.51 26.70 0.254311 2021-06-25 11:10:44.806048 23105 69470 M 55557.433163

0 108 22.63 6.72 0.167372 2021-06-25 11:10:49.816553 28911 46971 Oline 55562.443668
1 83 20.46 28.31 0.027247 2021-06-25 11:10:49.939655 26722 56611 Carlo 55562.56677
2 216 36.85 27.13 0.095855 2021-06-25 11:10:49.912408 20710 64681 Franko 55562.539523

0 39 13.53 26.05 0.206266 2021-06-25 11:10:56.326321 17259 61083 BenRevival 55568.953436
1 88 20.96 27.56 0.030447 2021-06-25 11:10:56.356768 19034 40435 Florian 55568.983883
2 60 17.43 3.50 0.022187 2021-06-25 11:10:56.378955 12624 35045 rens 55569.00607

0 71 19.06 -0.91 0.000193 2021-06-25 11:11:03.242118 28913 46976 Oline 55575.869233
1 57 16.93 27.45 0.150852 2021-06-25 11:11:03.208007 10484 19712 MattiaCosmicWatch 55575.835122
2 127 24.18 27.13 0.033918 2021-06-25 11:11:03.241925 20715 64696 Franko 55575.86904

0 352 66.89 59.25 0.036018 2021-06-25 11:11:05.033419 28914 46977 Oline 55577.660534
1 231 39.55 28.31 0.028463 2021-06-25 11:11:04.997401 26730 56624 Carlo 55577.624516
2 28 11.49 27.13 0.137881 2021-06-25 11:11:04.968938 8329 24303 Niels 55577.596053

0 48 15.29 -4.88 0.148223 2021-06-25 11:11:07.456653 28915 46978 Oline 55580.083768
1 62 17.75 28.31 0.082342 2021-06-25 11:11:07.538995 26732 56628 Carlo 55580.16611
2 108 22.63 26.70 0.06634 2021-06-25 11:11:07.605335 23114 69496 M 55580.23245

0 28 11.49 -9.07 0.139882 2021-06-25 11:11:09.065296 28916 46979 Oline 55581.692411
1 204 34.73 27.67 0.024008 2021-06-25 11:11:09.089304 19041 40445 Florian 55581.716419
2 377 76.28 26.91 0.028195 2021-06-25 11:11:09.117499 23115 69499 M 55581.744614

0 67 18.51 -4.02 0.025077 2021-06-25 11:11:10.424471 28918 46981 Oline 55583.051586
1 99 21.91 28.31 0.28256 2021-06-25 11:11:10.399394 26734 56632 Carlo 55583.026509
2 38 13.33 27.34 0.075499 2021-06-25 11:11:10.499970 8331 24306 Niels 55583.127085

0 96 21.67 2.53 0.142288 2021-06-25 11:11:11.489230 28920 46985 Oline 55584.116345
1 192 32.67 27.34 0.023095 2021-06-25 11:11:11.512325 14371 28947 Cecile 55584.13944
2 89 21.05 24.44 0.004419 2021-06-25 11:11:11.516744 12124 33328 Noor 55584.143859

0 384 80.08 57.96 0.139722 2021-06-25 11:11:12.112886 28921 46987 Oline 55584.740001
1 121 23.66 28.31 0.025363 2021-06-25 11:11:12.138249 26735 56636 Carlo 55584.765364
2 71 19.06 27.34 0.045197 2021-06-25 11:11:12.183446 20716 64701 Franko 55584.810561

0 254 43.77 37.33 0.01585 2021-06-25 11:11:14.634351 28922 46988 Oline 55587.261466
1 344 64.67 27.34 0.003109 2021-06-25 11:11:14.637460 19043 40449 Florian 55587.264575
2 312 55.68 26.70 0.027424 2021-06-25 11:11:14.618501 23116 69509 M 55587.245616

0 97 21.75 26.48 0.033732 2021-06-25 11:11:20.616096 17260 61093 BenRevival 55593.243211
1 79 20.03 28.31 0.052947 2021-06-25 11:11:20.991524 26739 56644 Carlo 55593.618639
2 62 17.75 24.44 0.05822 2021-06-25 11:11:20.674316 12127 33335 Noor 55593.301431

0 31 12.01 25.73 0.129899 2021-06-25 11:11:21.192089 17261 61093 BenRevival 55593.819204
1 31 12.01 28.31 0.0483 2021-06-25 11:11:21.240389 26740 56645 Carlo 55593.867504
2 67 18.51 27.34 0.025289 2021-06-25 11:11:21.265678 20721 64712 Franko 55593.892793

0 453 113.81 81.81 0.066503 2021-06-25 11:11:23.752547 28927 46996 Oline 55596.379662
1 135 24.92 28.31 0.026314 2021-06-25 11:11:23.778861 26741 56646 Carlo 55596.405976
2 33 12.37 27.34 0.033617 2021-06-25 11:11:23.686044 20723 64717 Franko 55596.313159

0 35 12.75 26.05 0.033793 2021-06-25 11:11:25.922629 17262 61095 BenRevival 55598.549744
1 472 125.87 27.67 0.083104 2021-06-25 11:11:26.063774 10488 19723 MattiaCosmicWatch 55598.690889
2 304 53.73 24.44 0.058041 2021-06-25 11:11:25.980670 12128 33337 Noor 55598.607785

0 30 11.83 -9.18 0.116077 2021-06-25 11:11:26.585168 28928 46998 Oline 55599.212283
1 408 90.57 27.56 0.037294 2021-06-25 11:11:26.730512 19045 40458 Florian 55599.357627
2 35 12.75 -1.02 0.024145 2021-06-25 11:11:26.609313 12629 35062 rens 55599.236428

0 31 12.01 -9.07 0.044281 2021-06-25 11:11:29.257847 28930 47001 Oline 55601.884962
1 33 12.37 28.31 0.18962 2021-06-25 11:11:29.213566 26744 56652 Carlo 55601.840681
2 33 12.37 24.44 0.03768 2021-06-25 11:11:29.295527 12129 33343 Noor 55601.922642

0 44 14.51 -6.49 0.045697 2021-06-25 11:11:33.635807 28932 47004 Oline 55606.262922
1 473 126.29 27.45 0.033743 2021-06-25 11:11:33.589911 19046 40460 Florian 55606.217026
2 504 143.61 26.81 0.162335 2021-06-25 11:11:33.556168 23123 69525 M 55606.183283

0 30 11.83 -9.07 0.037593 2021-06-25 11:11:35.785492 28935 47008 Oline 55608.412607
1 30 11.83 27.56 0.273415 2021-06-25 11:11:35.747899 19048 40462 Florian 55608.375014
2 44 14.51 24.44 0.021528 2021-06-25 11:11:35.887318 12133 33352 Noor 55608.514433

0 63 17.91 26.05 0.064871 2021-06-25 11:11:43.813659 17265 61099 BenRevival 55616.440774
1 103 22.23 27.56 0.057734 2021-06-25 11:11:43.905629 19054 40470 Florian 55616.532744
2 313 56.02 27.34 0.228238 2021-06-25 11:11:43.748788 20729 64734 Franko 55616.375903

0 353 67.64 57.96 0.002671 2021-06-25 11:11:46.553409 28939 47016 Oline 55619.180524
1 67 18.51 27.67 0.49173 2021-06-25 11:11:46.516947 10490 19727 MattiaCosmicWatch 55619.144062
2 62 17.75 27.34 0.033791 2021-06-25 11:11:46.550738 20730 64735 Franko 55619.177853

0 124 23.92 10.59 0.072826 2021-06-25 11:11:47.411884 28940 47017 Oline 55620.038999
1 94 21.50 28.31 0.030762 2021-06-25 11:11:47.442646 26751 56668 Carlo 55620.069761
2 51 15.86 26.70 0.350681 2021-06-25 11:11:47.339058 23128 69542 M 55619.966173

0 92 21.32 3.82 0.039415 2021-06-25 11:11:48.616603 28941 47018 Oline 55621.243718
1 207 35.26 27.56 0.026407 2021-06-25 11:11:48.682399 19055 40472 Florian 55621.309514
2 76 19.69 24.44 0.105188 2021-06-25 11:11:48.577188 12137 33364 Noor 55621.204303

0 67 18.51 -0.80 0.044147 2021-06-25 11:11:53.753949 28942 47020 Oline 55626.381064
1 35 12.75 28.31 0.103468 2021-06-25 11:11:53.510511 26754 56674 Carlo 55626.137626
2 31 12.01 27.34 0.099444 2021-06-25 11:11:53.609955 20732 64744 Franko 55626.23707

0 115 23.18 5.43 0.023255 2021-06-25 11:11:54.151471 28943 47021 Oline 55626.778586
1 127 24.18 27.34 0.016755 2021-06-25 11:11:54.168226 14381 28966 Cecile 55626.795341
2 812 680.88 26.91 0.374267 2021-06-25 11:11:54.128216 23129 69550 M 55626.755331

0 31 12.01 26.05 0.060731 2021-06-25 11:11:55.504053 17268 61104 BenRevival 55628.131168
1 51 15.86 27.45 0.058102 2021-06-25 11:11:55.686858 19058 40476 Florian 55628.313973
2 33 12.37 27.34 0.204995 2021-06-25 11:11:55.443322 20734 64748 Franko 55628.070437

0 79 20.03 1.24 0.05355 2021-06-25 11:11:56.265328 28944 47022 Oline 55628.892443
1 193 32.84 27.56 0.026482 2021-06-25 11:11:56.032722 10491 19728 MattiaCosmicWatch 55628.659837
2 35 12.75 27.34 0.243325 2021-06-25 11:11:56.006240 20735 64749 Franko 55628.633355

0 76 19.69 25.52 0.370445 2021-06-25 11:11:57.568449 17269 61105 BenRevival 55630.195564
1 162 28.06 27.56 0.030379 2021-06-25 11:11:57.598828 19059 40478 Florian 55630.225943
2 35 12.75 -1.02 0.000196 2021-06-25 11:11:57.599024 12631 35080 rens 55630.226139

0 79 20.03 1.13 0.139012 2021-06-25 11:12:03.151162 28948 47028 Oline 55635.778277
1 76 19.69 27.67 0.023181 2021-06-25 11:12:03.174343 10492 19729 MattiaCosmicWatch 55635.801458
2 159 27.66 27.34 0.010532 2021-06-25 11:12:03.184875 20736 64755 Franko 55635.81199

0 83 20.46 1.24 0.050755 2021-06-25 11:12:08.182940 28951 47032 Oline 55640.810055
1 101 22.08 27.45 0.000179 2021-06-25 11:12:08.183119 19061 40482 Florian 55640.810234
2 51 15.86 27.13 0.033706 2021-06-25 11:12:08.132185 20741 64766 Franko 55640.7593

0 60 17.43 -7.78 0.02843 2021-06-25 11:12:09.047949 28952 47035 Oline 55641.675064
1 198 33.69 27.45 0.035921 2021-06-25 11:12:09.019519 19062 40483 Florian 55641.646634
2 113 23.02 26.70 0.294468 2021-06-25 11:12:08.983598 23133 69566 M 55641.610713

0 172 29.49 19.93 0.050475 2021-06-25 11:12:13.121825 28955 47039 Oline 55645.74894
1 481 129.57 28.31 0.008902 2021-06-25 11:12:13.071149 26762 56692 Carlo 55645.698264
2 38 13.33 24.44 0.025214 2021-06-25 11:12:13.062247 12140 33376 Noor 55645.689362

0 103 22.23 1.24 0.0821 2021-06-25 11:12:13.320591 28956 47040 Oline 55645.947706
1 99 21.91 27.67 0.02421 2021-06-25 11:12:13.344801 10494 19731 MattiaCosmicWatch 55645.971916
2 51 15.86 -7.57 0.116666 2021-06-25 11:12:13.238491 12639 35100 rens 55645.865606

0 34 12.56 -12.40 0.025154 2021-06-25 11:12:17.324808 28957 47044 Oline 55649.951923
1 39 13.53 28.31 0.033247 2021-06-25 11:12:17.201418 26764 56694 Carlo 55649.828533
2 391 82.35 71.17 0.122476 2021-06-25 11:12:17.168171 12642 35103 rens 55649.795286

0 286 49.78 42.81 0.030541 2021-06-25 11:12:18.005570 28958 47045 Oline 55650.632685
1 31 12.01 28.31 0.450085 2021-06-25 11:12:17.975029 26765 56695 Carlo 55650.602144
2 39 13.53 27.34 0.025243 2021-06-25 11:12:18.030813 20743 64778 Franko 55650.657928

0 220 37.58 17.68 0.000196 2021-06-25 11:12:24.208427 28963 47050 Oline 55656.835542
1 39 13.53 27.56 0.175529 2021-06-25 11:12:24.208231 19066 40490 Florian 55656.835346
2 81 20.25 8.22 0.033645 2021-06-25 11:12:24.418117 12645 35110 rens 55657.045232

0 35 12.75 26.05 0.03381 2021-06-25 11:12:24.621043 17275 61132 BenRevival 55657.248158
1 120 23.58 27.56 0.036051 2021-06-25 11:12:24.740317 19067 40491 Florian 55657.367432
2 428 101.58 26.70 0.066321 2021-06-25 11:12:24.687364 23138 69578 M 55657.314479

0 290 50.82 45.07 0.276465 2021-06-25 11:12:25.178129 28964 47052 Oline 55657.805244
1 51 15.86 27.67 0.025165 2021-06-25 11:12:25.203294 10496 19735 MattiaCosmicWatch 55657.830409
2 39 13.53 27.34 0.019032 2021-06-25 11:12:25.222326 20748 64789 Franko 55657.849441

0 472 125.87 85.03 0.442076 2021-06-25 11:12:26.461612 28965 47054 Oline 55659.088727
1 56 16.76 27.34 0.004282 2021-06-25 11:12:26.585811 14391 28980 Cecile 55659.212926
2 179 30.55 26.91 0.055366 2021-06-25 11:12:26.516978 23139 69579 M 55659.144093

0 31 12.01 -11.01 0.094794 2021-06-25 11:12:27.210180 28967 47055 Oline 55659.837295
1 249 42.85 27.45 0.000173 2021-06-25 11:12:27.048867 19068 40494 Florian 55659.675982
2 137 25.12 26.91 0.026052 2021-06-25 11:12:27.048694 23140 69580 M 55659.675809

0 131 24.54 12.09 0.008707 2021-06-25 11:12:29.474888 28968 47056 Oline 55662.102003
1 39 13.53 27.45 0.222461 2021-06-25 11:12:29.438494 19070 40498 Florian 55662.065609
2 127 24.18 27.13 0.027687 2021-06-25 11:12:29.466181 20750 64793 Franko 55662.093296

0 88 20.96 2.53 0.000163 2021-06-25 11:12:31.414160 28969 47058 Oline 55664.041275
1 33 12.37 28.31 0.091155 2021-06-25 11:12:31.707561 26769 56706 Carlo 55664.334676
2 92 21.32 26.70 0.179643 2021-06-25 11:12:31.413997 23141 69583 M 55664.041112

0 31 12.01 25.52 0.066492 2021-06-25 11:12:31.917048 17276 61150 BenRevival 55664.544163
1 270 46.71 28.31 0.066218 2021-06-25 11:12:31.983266 26770 56707 Carlo 55664.610381
2 167 28.76 22.19 0.062914 2021-06-25 11:12:32.046180 12647 35116 rens 55664.673295

0 38 13.33 -7.78 0.046163 2021-06-25 11:12:33.258430 28970 47060 Oline 55665.885545
1 227 38.83 28.31 0.806434 2021-06-25 11:12:33.212267 26771 56709 Carlo 55665.839382
2 248 42.69 26.91 0.034257 2021-06-25 11:12:33.399028 23142 69584 M 55666.026143

0 46 14.91 26.48 0.087359 2021-06-25 11:12:34.758158 17278 61161 BenRevival 55667.385273
1 94 21.50 27.56 0.097793 2021-06-25 11:12:34.855951 19073 40504 Florian 55667.483066
2 355 68.30 24.44 0.03371 2021-06-25 11:12:34.670799 12146 33393 Noor 55667.297914

0 63 17.91 26.05 0.045585 2021-06-25 11:12:35.425309 17279 61164 BenRevival 55668.052424
1 422 97.97 27.34 0.09113 2021-06-25 11:12:35.608104 14393 28983 Cecile 55668.235219
2 211 35.96 26.91 0.158543 2021-06-25 11:12:35.379724 23143 69585 M 55668.006839

0 153 26.90 15.96 0.018377 2021-06-25 11:12:39.205715 28972 47065 Oline 55671.83283
1 78 19.92 27.67 0.308736 2021-06-25 11:12:39.153614 10498 19739 MattiaCosmicWatch 55671.780729
2 408 90.57 27.34 0.033724 2021-06-25 11:12:39.187338 20755 64803 Franko 55671.814453

0 103 22.23 1.24 0.024142 2021-06-25 11:12:39.445898 28973 47066 Oline 55672.073013
1 48 15.29 27.34 0.005044 2021-06-25 11:12:39.450942 14394 28984 Cecile 55672.078057
2 51 15.86 24.44 0.204338 2021-06-25 11:12:39.421756 12148 33397 Noor 55672.048871

0 67 18.51 25.52 0.071462 2021-06-25 11:12:41.544579 17280 61167 BenRevival 55674.171694
1 70 18.93 27.56 0.022166 2021-06-25 11:12:41.473117 10499 19741 MattiaCosmicWatch 55674.100232
2 108 22.63 26.70 0.217101 2021-06-25 11:12:41.450951 23145 69591 M 55674.078066

0 30 11.83 -9.07 0.143288 2021-06-25 11:12:42.330173 28975 47069 Oline 55674.957288
1 60 17.43 27.34 0.025275 2021-06-25 11:12:42.527009 14395 28985 Cecile 55675.154124
2 195 33.17 26.91 0.024227 2021-06-25 11:12:42.354400 23146 69592 M 55674.981515

0 35 12.75 -9.82 0.034436 2021-06-25 11:12:42.972460 28976 47070 Oline 55675.599575
1 41 13.92 27.67 0.081337 2021-06-25 11:12:43.053797 19077 40510 Florian 55675.680912
2 79 20.03 27.34 0.370453 2021-06-25 11:12:42.938024 20756 64807 Franko 55675.565139

0 92 21.32 3.71 0.021244 2021-06-25 11:12:44.554639 28977 47071 Oline 55677.181754
1 249 42.85 27.34 0.005605 2021-06-25 11:12:44.560244 14396 28987 Cecile 55677.187359
2 49 15.48 26.70 0.121938 2021-06-25 11:12:44.533395 23147 69595 M 55677.16051

0 39 13.53 -6.71 0.073057 2021-06-25 11:12:48.324434 28979 47076 Oline 55680.951549
1 335 61.77 27.67 0.09644 2021-06-25 11:12:48.420874 10501 19746 MattiaCosmicWatch 55681.047989
2 30 11.83 24.44 0.105408 2021-06-25 11:12:48.251377 12152 33403 Noor 55680.878492

0 63 17.91 -2.63 0.048446 2021-06-25 11:12:49.451948 28980 47077 Oline 55682.079063
1 31 12.01 28.31 0.024099 2021-06-25 11:12:49.281296 26774 56720 Carlo 55681.908411
2 184 31.36 27.34 0.023068 2021-06-25 11:12:49.257197 8341 24349 Niels 55681.884312

0 82 20.36 1.46 0.053362 2021-06-25 11:12:50.390536 28981 47078 Oline 55683.017651
1 33 12.37 27.34 0.023064 2021-06-25 11:12:50.413600 14397 28990 Cecile 55683.040715
2 192 32.67 27.13 0.049325 2021-06-25 11:12:50.337174 23148 69603 M 55682.964289

0 45 14.71 -6.49 0.048187 2021-06-25 11:12:52.530691 28983 47080 Oline 55685.157806
1 384 80.08 27.67 0.033824 2021-06-25 11:12:52.612857 19080 40518 Florian 55685.239972
2 79 20.03 27.34 0.313095 2021-06-25 11:12:52.482504 20759 64821 Franko 55685.109619

0 57 16.93 26.05 0.24439 2021-06-25 11:12:53.411343 17283 61177 BenRevival 55686.038458
1 179 30.55 27.34 0.062757 2021-06-25 11:12:53.474100 14398 28991 Cecile 55686.101215
2 71 19.06 24.66 0.027479 2021-06-25 11:12:53.501579 12153 33406 Noor 55686.128694

0 28 11.49 25.20 0.025273 2021-06-25 11:12:56.902845 17285 61180 BenRevival 55689.52996
1 77 19.81 28.31 0.161232 2021-06-25 11:12:56.877572 26778 56727 Carlo 55689.504687
2 222 37.96 26.81 0.036618 2021-06-25 11:12:57.135429 23150 69612 M 55689.762544

0 31 12.01 26.48 0.230367 2021-06-25 11:12:57.571656 17286 61181 BenRevival 55690.198771
1 31 12.01 27.67 0.027032 2021-06-25 11:12:57.810908 19081 40521 Florian 55690.438023
2 211 35.96 26.70 0.030537 2021-06-25 11:12:57.602193 23152 69614 M 55690.229308

0 210 35.78 27.56 0.069145 2021-06-25 11:13:01.121360 28986 47087 Oline 55693.748475
1 236 40.44 27.67 0.033729 2021-06-25 11:13:01.038312 19082 40522 Florian 55693.665427
2 115 23.18 26.91 0.300731 2021-06-25 11:13:01.004583 23154 69618 M 55693.631698

0 71 19.06 -6.28 0.108191 2021-06-25 11:13:01.284703 28987 47087 Oline 55693.911818
1 96 21.67 28.31 0.024097 2021-06-25 11:13:01.308800 26780 56730 Carlo 55693.935915
2 48 15.29 0.92 0.001019 2021-06-25 11:13:01.309819 12653 35137 rens 55693.936934

0 31 12.01 26.05 0.068903 2021-06-25 11:13:05.229442 17288 61190 BenRevival 55697.856557
1 53 16.22 27.56 0.045504 2021-06-25 11:13:05.086723 19085 40526 Florian 55697.713838
2 120 23.58 26.91 0.451958 2021-06-25 11:13:05.041219 23156 69623 M 55697.668334

0 31 12.01 25.63 0.112997 2021-06-25 11:13:05.613396 17290 61191 BenRevival 55698.240511
1 157 27.40 27.67 0.099844 2021-06-25 11:13:05.713240 10504 19750 MattiaCosmicWatch 55698.340355
2 243 41.74 27.34 0.036416 2021-06-25 11:13:05.749656 20762 64833 Franko 55698.376771

0 39 13.53 26.05 0.034537 2021-06-25 11:13:05.972971 17291 61193 BenRevival 55698.600086
1 69 18.79 27.56 0.034712 2021-06-25 11:13:06.117390 19086 40527 Florian 55698.744505
2 224 38.29 27.34 0.188591 2021-06-25 11:13:05.938434 20763 64834 Franko 55698.565549

0 149 26.42 26.48 0.054895 2021-06-25 11:13:06.555198 17292 61197 BenRevival 55699.182313
1 83 20.46 27.34 0.355587 2021-06-25 11:13:06.500303 14401 29000 Cecile 55699.127418
2 108 22.63 27.34 0.053899 2021-06-25 11:13:06.709409 20764 64838 Franko 55699.336524

0 30 11.83 25.52 0.121961 2021-06-25 11:13:09.004795 17295 61200 BenRevival 55701.63191
1 428 101.58 28.85 0.0574 2021-06-25 11:13:09.062195 26782 56736 Carlo 55701.68931
2 56 16.76 27.34 0.029745 2021-06-25 11:13:09.091940 20765 64840 Franko 55701.719055

0 51 15.86 -4.24 0.823743 2021-06-25 11:13:12.832057 28990 47093 Oline 55705.459172
1 110 22.78 27.45 0.024238 2021-06-25 11:13:12.856295 19088 40532 Florian 55705.48341
2 211 35.96 27.34 0.021697 2021-06-25 11:13:12.877992 20766 64843 Franko 55705.505107

0 28 11.49 25.73 0.065421 2021-06-25 11:13:25.902448 17298 61206 BenRevival 55718.529563
1 48 15.29 28.31 0.036905 2021-06-25 11:13:25.837027 26790 56749 Carlo 55718.464142
2 179 30.55 27.13 0.508974 2021-06-25 11:13:25.800122 8345 24362 Niels 55718.427237

0 49 15.48 -4.13 0.01742 2021-06-25 11:13:27.204936 28997 47104 Oline 55719.832051
1 240 41.21 28.31 0.025319 2021-06-25 11:13:27.299732 26791 56750 Carlo 55719.926847
2 35 12.75 26.91 0.026152 2021-06-25 11:13:27.187516 23162 69644 M 55719.814631

0 57 16.93 -4.13 0.052684 2021-06-25 11:13:30.578779 28998 47106 Oline 55723.205894
1 103 22.23 28.31 0.090504 2021-06-25 11:13:30.669283 26792 56751 Carlo 55723.296398
2 158 27.53 27.34 0.2111 2021-06-25 11:13:30.526095 8347 24365 Niels 55723.15321

0 368 72.93 63.44 0.036457 2021-06-25 11:13:32.809222 28999 47107 Oline 55725.436337
1 179 30.55 27.67 0.084216 2021-06-25 11:13:32.772765 10508 19758 MattiaCosmicWatch 55725.39988
2 88 20.96 9.30 0.155205 2021-06-25 11:13:32.688549 12662 35156 rens 55725.315664

0 58 17.10 26.05 0.175705 2021-06-25 11:13:32.984927 17302 61211 BenRevival 55725.612042
1 462 120.87 27.67 0.030585 2021-06-25 11:13:33.015512 19090 40546 Florian 55725.642627
2 371 73.82 26.91 0.044301 2021-06-25 11:13:33.059813 23165 69658 M 55725.686928

0 280 48.67 42.49 0.033899 2021-06-25 11:13:33.252866 29000 47108 Oline 55725.879981
1 77 19.81 27.67 0.13711 2021-06-25 11:13:33.218967 10509 19759 MattiaCosmicWatch 55725.846082
2 185 31.51 26.91 0.087349 2021-06-25 11:13:33.340215 8349 24368 Niels 55725.96733

0 113 23.02 7.04 0.157389 2021-06-25 11:13:37.065107 29003 47111 Oline 55729.692222
1 115 23.18 27.56 0.02421 2021-06-25 11:13:37.089317 19092 40549 Florian 55729.716432
2 252 43.42 26.91 0.004573 2021-06-25 11:13:37.093890 23168 69667 M 55729.721005

0 31 12.01 -12.94 0.023981 2021-06-25 11:13:37.386309 29004 47112 Oline 55730.013424
1 249 42.85 28.31 0.026364 2021-06-25 11:13:37.362328 26795 56756 Carlo 55729.989443
2 159 27.66 27.34 0.242074 2021-06-25 11:13:37.335964 8351 24369 Niels 55729.963079

0 33 12.37 -9.07 0.026287 2021-06-25 11:13:39.416740 29005 47114 Oline 55732.043855
1 56 16.76 27.34 0.005402 2021-06-25 11:13:39.422142 14405 29014 Cecile 55732.049257
2 30 11.83 27.34 0.293173 2021-06-25 11:13:39.390453 20773 64873 Franko 55732.017568

0 49 15.48 26.05 0.160354 2021-06-25 11:13:42.242251 17304 61216 BenRevival 55734.869366
1 227 38.83 27.67 0.030548 2021-06-25 11:13:42.272799 19096 40555 Florian 55734.899914
2 307 54.48 26.91 0.010305 2021-06-25 11:13:42.283104 23171 69678 M 55734.910219

0 184 31.36 22.51 0.024403 2021-06-25 11:13:43.177832 29007 47117 Oline 55735.804947
1 188 32.01 27.34 0.092545 2021-06-25 11:13:43.304125 14406 29016 Cecile 55735.93124
2 28 11.49 27.13 0.135244 2021-06-25 11:13:43.153429 23172 69679 M 55735.780544

0 335 61.77 47.97 0.112989 2021-06-25 11:13:44.963343 29010 47121 Oline 55737.590458
1 83 20.46 27.34 0.028458 2021-06-25 11:13:45.197857 14407 29017 Cecile 55737.824972
2 108 22.63 26.70 0.042561 2021-06-25 11:13:45.005904 23173 69683 M 55737.633019

0 44 14.51 -9.07 0.066345 2021-06-25 11:13:46.892448 29012 47124 Oline 55739.519563
1 222 37.96 27.67 0.027381 2021-06-25 11:13:46.958228 19097 40557 Florian 55739.585343
2 167 28.76 27.13 0.348314 2021-06-25 11:13:46.826103 20774 64879 Franko 55739.453218

0 112 22.94 7.47 0.371389 2021-06-25 11:13:51.234123 29013 47125 Oline 55743.861238
1 167 28.76 27.67 0.038538 2021-06-25 11:13:51.296917 10515 19768 MattiaCosmicWatch 55743.924032
2 330 60.13 57.96 0.024256 2021-06-25 11:13:51.258379 12670 35170 rens 55743.885494

0 46 14.91 -6.92 0.197113 2021-06-25 11:13:57.810759 29016 47130 Oline 55750.437874
1 103 22.23 27.67 0.027339 2021-06-25 11:13:57.898461 10516 19769 MattiaCosmicWatch 55750.525576
2 120 23.58 27.34 0.060363 2021-06-25 11:13:57.871122 20778 64890 Franko 55750.498237

0 352 66.89 55.38 0.409516 2021-06-25 11:13:58.307977 29017 47130 Oline 55750.935092
1 163 28.20 28.31 0.027377 2021-06-25 11:13:58.414822 26800 56776 Carlo 55751.041937
2 281 48.90 27.34 0.079468 2021-06-25 11:13:58.387445 20779 64891 Franko 55751.01456

0 185 31.51 22.72 0.360006 2021-06-25 11:14:01.506434 29019 47133 Oline 55754.133549
1 295 51.75 28.31 0.089167 2021-06-25 11:14:01.806610 26803 56781 Carlo 55754.433725
2 79 20.03 24.44 0.025003 2021-06-25 11:14:01.531437 12158 33439 Noor 55754.158552

0 39 13.53 -10.04 0.150336 2021-06-25 11:14:03.687642 29021 47135 Oline 55756.314757
1 167 28.76 28.31 0.053372 2021-06-25 11:14:03.812217 26805 56784 Carlo 55756.439332
2 48 15.29 27.34 0.071203 2021-06-25 11:14:03.758845 20782 64898 Franko 55756.38596

0 127 24.18 11.88 0.036678 2021-06-25 11:14:05.305169 29022 47136 Oline 55757.932284
1 414 93.93 27.67 0.215651 2021-06-25 11:14:05.268491 10518 19773 MattiaCosmicWatch 55757.895606
2 284 49.41 26.91 0.030384 2021-06-25 11:14:05.410384 23177 69704 M 55758.037499

0 39 13.53 26.48 0.458065 2021-06-25 11:14:06.353552 17308 61229 BenRevival 55758.980667
1 152 26.78 28.31 0.018793 2021-06-25 11:14:06.402838 26807 56788 Carlo 55759.029953
2 140 25.42 27.34 0.030493 2021-06-25 11:14:06.384045 20784 64902 Franko 55759.01116

0 96 21.67 2.53 0.016431 2021-06-25 11:14:09.399310 29023 47139 Oline 55762.026425
1 115 23.18 28.31 0.024301 2021-06-25 11:14:09.372988 26809 56792 Carlo 55762.000103
2 30 11.83 -3.16 0.114745 2021-06-25 11:14:09.348687 12677 35180 rens 55761.975802

0 78 19.92 -2.73 0.068172 2021-06-25 11:14:09.798878 29024 47140 Oline 55762.425993
1 127 24.18 28.31 0.024262 2021-06-25 11:14:09.823140 26810 56793 Carlo 55762.450255
2 63 17.91 27.34 0.033855 2021-06-25 11:14:09.730706 20786 64907 Franko 55762.357821

0 35 12.75 25.41 0.00137 2021-06-25 11:14:15.261794 17311 61233 BenRevival 55767.888909
1 96 21.67 28.31 0.013967 2021-06-25 11:14:15.260424 26813 56799 Carlo 55767.887539
2 120 23.58 27.34 0.000184 2021-06-25 11:14:15.312582 8355 24384 Niels 55767.939697

0 37 13.14 26.05 0.299971 2021-06-25 11:14:16.270949 17312 61234 BenRevival 55768.898064
1 192 32.67 28.31 0.030855 2021-06-25 11:14:16.378213 26816 56802 Carlo 55769.005328
2 211 35.96 27.34 0.050017 2021-06-25 11:14:16.320966 8356 24385 Niels 55768.948081

0 57 16.93 26.05 0.026083 2021-06-25 11:14:22.660943 17313 61235 BenRevival 55775.288058
1 163 28.20 27.34 0.010462 2021-06-25 11:14:22.671405 14416 29035 Cecile 55775.29852
2 71 19.06 27.34 0.07117 2021-06-25 11:14:22.634860 20791 64922 Franko 55775.261975

0 69 18.79 -3.92 0.040047 2021-06-25 11:14:23.669445 29032 47154 Oline 55776.29656
1 92 21.32 28.31 0.411768 2021-06-25 11:14:23.629398 26818 56808 Carlo 55776.256513
2 78 19.92 27.34 0.009649 2021-06-25 11:14:23.703228 20792 64924 Franko 55776.330343

0 48 15.29 26.05 0.308482 2021-06-25 11:14:24.746042 17315 61243 BenRevival 55777.373157
1 386 80.48 28.31 0.057896 2021-06-25 11:14:24.930425 26820 56812 Carlo 55777.55754
2 127 24.18 15.42 0.086343 2021-06-25 11:14:24.832385 12679 35188 rens 55777.4595

0 152 26.78 15.74 0.193878 2021-06-25 11:14:36.368429 29037 47163 Oline 55788.995544
1 63 17.91 27.34 0.025174 2021-06-25 11:14:36.393603 14419 29039 Cecile 55789.020718
2 96 21.67 27.34 0.001384 2021-06-25 11:14:36.394987 20794 64938 Franko 55789.022102

0 31 12.01 25.20 0.02681 2021-06-25 11:14:37.543481 17317 61246 BenRevival 55790.170596
1 76 19.69 27.67 0.02721 2021-06-25 11:14:37.516671 19106 40579 Florian 55790.143786
2 35 12.75 27.34 0.086817 2021-06-25 11:14:37.630298 8358 24387 Niels 55790.257413

0 152 26.78 14.24 0.02826 2021-06-25 11:14:40.199866 29039 47167 Oline 55792.826981
1 96 21.67 27.34 0.027952 2021-06-25 11:14:40.264443 14420 29044 Cecile 55792.891558
2 35 12.75 27.34 0.023029 2021-06-25 11:14:40.171606 8359 24389 Niels 55792.798721

0 28 11.49 -13.80 0.226064 2021-06-25 11:14:40.490507 29040 47167 Oline 55793.117622
1 82 20.36 27.67 0.067782 2021-06-25 11:14:40.583538 10522 19782 MattiaCosmicWatch 55793.210653
2 39 13.53 26.70 0.025249 2021-06-25 11:14:40.515756 23185 69727 M 55793.142871

0 37 13.14 26.05 0.091208 2021-06-25 11:14:40.880071 17318 61248 BenRevival 55793.507186
1 259 44.69 27.56 0.205325 2021-06-25 11:14:40.788863 19107 40582 Florian 55793.415978
2 120 23.58 26.70 0.033766 2021-06-25 11:14:40.913837 23186 69728 M 55793.540952

0 81 20.25 0.27 0.006358 2021-06-25 11:14:43.628640 29043 47174 Oline 55796.255755
1 48 15.29 28.31 0.541649 2021-06-25 11:14:43.597341 26830 56831 Carlo 55796.224456
2 255 43.96 26.70 0.024941 2021-06-25 11:14:43.622282 23188 69735 M 55796.249397

