# layer adc volt temp timediff time detector_muon_count detector_count detector_name
0 396 85.28 27.67 10 2021-06-23 15:38:47.616883 0 1 Carlo 0.525405
0 220 37.58 27.67 0.131451 2021-06-23 15:38:47.748334 0 2 Carlo 0.656856
2 63 17.91 27.34 0.471922 2021-06-23 15:38:48.220256 0 1 Noor 1.128778
2 158 27.53 27.34 0.601503 2021-06-23 15:38:48.821759 0 2 Noor 1.730281
2 57 16.93 27.34 0.904601 2021-06-23 15:38:49.726360 0 3 Noor 2.634882
0 79 20.03 27.67 1.231892 2021-06-23 15:38:50.958252 0 3 Carlo 3.866774
0 62 17.75 27.67 0.182664 2021-06-23 15:38:51.140916 0 4 Carlo 4.049438
0 199 33.86 27.77 2.311544 2021-06-23 15:38:53.452460 0 5 Carlo 6.360982
1 48 15.29 28.10 0.011619 2021-06-23 15:38:53.464079 0 1 Florian 6.372601
2 68 18.65 27.34 0.002268 2021-06-23 15:38:53.466347 0 4 Noor 6.374869
2 473 126.29 27.34 0.590883 2021-06-23 15:38:54.057230 1 5 Noor 6.965752
1 78 19.92 27.77 0.340975 2021-06-23 15:38:54.398205 1 2 Florian 7.306727
1 76 19.69 27.67 0.604755 2021-06-23 15:38:55.002960 1 3 Florian 7.911482
0 531 160.62 27.67 0.366067 2021-06-23 15:38:55.369027 1 6 Carlo 8.277549
0 558 172.78 27.67 0.676223 2021-06-23 15:38:56.045250 1 7 Carlo 8.953772
1 285 49.78 27.67 0.386982 2021-06-23 15:38:56.432232 1 4 Florian 9.340754
1 414 93.93 27.67 0.791382 2021-06-23 15:38:57.223614 1 5 Florian 10.132136
2 313 56.02 27.34 0.042351 2021-06-23 15:38:57.265965 1 6 Noor 10.174487
0 709 376.18 27.56 0.118819 2021-06-23 15:38:57.384784 1 8 Carlo 10.293306
0 184 31.36 27.67 1.51489 2021-06-23 15:38:58.899674 1 9 Carlo 11.808196
1 57 16.93 27.67 0.012626 2021-06-23 15:38:58.912300 2 6 Florian 11.820822
2 63 17.91 27.34 0.001379 2021-06-23 15:38:58.913679 2 7 Noor 11.822201
1 318 57.28 27.77 1.023753 2021-06-23 15:38:59.937432 3 7 Florian 12.845954
2 179 30.55 27.34 0.800568 2021-06-23 15:39:00.738000 3 8 Noor 13.646522
0 112 22.94 27.67 0.259957 2021-06-23 15:39:00.997957 2 10 Carlo 13.906479
2 143 25.74 27.34 0.208905 2021-06-23 15:39:01.206862 3 9 Noor 14.115384
1 207 35.26 27.77 0.049469 2021-06-23 15:39:01.256331 3 8 Florian 14.164853
2 172 29.49 27.34 0.099725 2021-06-23 15:39:01.356056 4 10 Noor 14.264578
2 120 23.58 27.34 0.033734 2021-06-23 15:39:01.389790 4 11 Noor 14.298312
2 159 27.66 27.34 0.210874 2021-06-23 15:39:01.600664 4 12 Noor 14.509186
2 124 23.92 27.34 0.4309 2021-06-23 15:39:02.031564 4 13 Noor 14.940086
1 224 38.29 27.67 0.013792 2021-06-23 15:39:02.045356 4 9 Florian 14.953878
0 192 32.67 27.67 0.797794 2021-06-23 15:39:02.843150 2 11 Carlo 15.751672
0 63 17.91 27.77 1.47581 2021-06-23 15:39:04.318960 2 12 Carlo 17.227482
0 286 49.78 27.67 0.716873 2021-06-23 15:39:05.035833 2 13 Carlo 17.944355
2 524 150.73 27.34 0.013896 2021-06-23 15:39:05.049729 5 14 Noor 17.958251
0 176 30.09 27.88 2.315129 2021-06-23 15:39:07.364858 3 14 Carlo 20.27338
1 71 19.06 27.88 0.013881 2021-06-23 15:39:07.378739 5 10 Florian 20.287261
0 63 17.91 27.67 0.198305 2021-06-23 15:39:07.577044 4 15 Carlo 20.485566
2 647 246.69 27.34 0.566715 2021-06-23 15:39:08.143759 6 15 Noor 21.052281
1 240 41.21 27.67 0.014879 2021-06-23 15:39:08.158638 6 11 Florian 21.06716
1 199 33.86 28.10 1.87019 2021-06-23 15:39:10.028828 7 12 Florian 22.93735
0 56 16.76 27.67 0.015825 2021-06-23 15:39:10.044653 4 16 Carlo 22.953175
0 120 23.58 27.77 0.16994 2021-06-23 15:39:10.214593 5 17 Carlo 23.123115
1 248 42.69 27.77 0.194588 2021-06-23 15:39:10.409181 8 13 Florian 23.317703
0 57 16.93 27.77 0.532529 2021-06-23 15:39:10.941710 5 18 Carlo 23.850232
2 174 29.79 27.34 0.48309 2021-06-23 15:39:11.424800 7 16 Noor 24.333322
0 56 16.76 27.77 0.199384 2021-06-23 15:39:11.624184 5 19 Carlo 24.532706
2 185 31.51 27.34 0.624679 2021-06-23 15:39:12.248863 7 17 Noor 25.157385
0 48 15.29 27.67 0.070731 2021-06-23 15:39:12.319594 5 20 Carlo 25.228116
0 152 26.78 27.77 0.466706 2021-06-23 15:39:12.786300 5 21 Carlo 25.694822
1 177 30.25 27.99 0.045692 2021-06-23 15:39:12.831992 8 14 Florian 25.740514
2 280 48.67 27.34 0.016783 2021-06-23 15:39:12.848775 7 18 Noor 25.757297
2 115 23.18 27.34 0.24279 2021-06-23 15:39:13.091565 8 19 Noor 26.000087
2 51 15.86 27.34 0.215216 2021-06-23 15:39:13.306781 8 20 Noor 26.215303
1 195 33.17 27.77 0.135923 2021-06-23 15:39:13.442704 9 15 Florian 26.351226
2 97 21.75 27.34 1.515701 2021-06-23 15:39:14.958405 8 21 Noor 27.866927
0 143 25.74 27.67 1.144321 2021-06-23 15:39:16.102726 6 22 Carlo 29.011248
1 76 19.69 27.88 0.480696 2021-06-23 15:39:16.583422 9 16 Florian 29.491944
2 70 18.93 27.34 0.10212 2021-06-23 15:39:16.685542 8 22 Noor 29.594064
1 153 26.90 28.10 0.201111 2021-06-23 15:39:16.886653 9 17 Florian 29.795175
1 60 17.43 27.88 0.491491 2021-06-23 15:39:17.378144 9 18 Florian 30.286666
1 114 23.10 27.99 0.062846 2021-06-23 15:39:17.440990 9 19 Florian 30.349512
0 655 252.34 27.67 0.352924 2021-06-23 15:39:17.793914 6 23 Carlo 30.702436
0 92 21.32 27.77 0.156209 2021-06-23 15:39:17.950123 6 24 Carlo 30.858645
2 89 21.05 27.45 0.717236 2021-06-23 15:39:18.667359 8 23 Noor 31.575881
0 61 17.60 27.88 0.267022 2021-06-23 15:39:18.934381 6 25 Carlo 31.842903
1 408 90.57 27.77 0.497533 2021-06-23 15:39:19.431914 9 20 Florian 32.340436
0 96 21.67 27.67 0.348023 2021-06-23 15:39:19.779937 6 26 Carlo 32.688459
1 60 17.43 27.99 0.900905 2021-06-23 15:39:20.680842 9 21 Florian 33.589364
0 248 42.69 27.67 2.738064 2021-06-23 15:39:23.418906 6 27 Carlo 36.327428
2 62 17.75 27.34 0.442321 2021-06-23 15:39:23.861227 8 24 Noor 36.769749
0 63 17.91 27.67 0.402235 2021-06-23 15:39:24.263462 6 28 Carlo 37.171984
0 275 47.73 27.67 1.059628 2021-06-23 15:39:25.323090 6 29 Carlo 38.231612
2 89 21.05 27.45 1.959027 2021-06-23 15:39:27.282117 8 25 Noor 40.190639
1 83 20.46 27.88 0.012694 2021-06-23 15:39:27.294811 9 22 Florian 40.203333
0 83 20.46 27.67 1.473384 2021-06-23 15:39:28.768195 6 30 Carlo 41.676717
0 149 26.42 27.67 1.126031 2021-06-23 15:39:29.894226 6 31 Carlo 42.802748
2 57 16.93 27.45 1.149018 2021-06-23 15:39:31.043244 9 26 Noor 43.951766
1 56 16.76 27.67 0.01287 2021-06-23 15:39:31.056114 10 23 Florian 43.964636
1 49 15.48 27.99 0.447562 2021-06-23 15:39:31.503676 11 24 Florian 44.412198
2 56 16.76 27.34 0.015869 2021-06-23 15:39:31.519545 10 27 Noor 44.428067
1 600 203.87 27.67 0.602341 2021-06-23 15:39:32.121886 12 25 Florian 45.030408
1 396 85.28 28.10 0.224654 2021-06-23 15:39:32.346540 12 26 Florian 45.255062
1 97 21.75 27.99 0.189817 2021-06-23 15:39:32.536357 12 27 Florian 45.444879
2 120 23.58 27.34 0.015979 2021-06-23 15:39:32.552336 11 28 Noor 45.460858
0 127 24.18 27.67 0.442786 2021-06-23 15:39:32.995122 6 32 Carlo 45.903644
1 227 38.83 27.77 0.501943 2021-06-23 15:39:33.497065 13 28 Florian 46.405587
2 92 21.32 27.34 0.033774 2021-06-23 15:39:33.530839 12 29 Noor 46.439361
1 57 16.93 28.10 0.000149 2021-06-23 15:39:33.530988 14 29 Florian 46.43951
2 63 17.91 27.34 0.1868 2021-06-23 15:39:33.717788 13 30 Noor 46.62631
0 126 24.09 27.99 1.55691 2021-06-23 15:39:35.274698 6 33 Carlo 48.18322
2 184 31.36 27.34 0.028006 2021-06-23 15:39:35.302704 13 31 Noor 48.211226
2 57 16.93 27.34 0.57537 2021-06-23 15:39:35.878074 14 32 Noor 48.786596
2 211 35.96 27.34 0.071604 2021-06-23 15:39:35.949678 14 33 Noor 48.8582
1 106 22.47 27.88 0.095652 2021-06-23 15:39:36.045330 14 30 Florian 48.953852
2 174 29.79 27.34 1.53487 2021-06-23 15:39:37.580200 14 34 Noor 50.488722
0 248 42.69 27.67 0.256716 2021-06-23 15:39:37.836916 7 34 Carlo 50.745438
0 188 32.01 27.67 0.062285 2021-06-23 15:39:37.899201 7 35 Carlo 50.807723
0 92 21.32 27.56 0.197734 2021-06-23 15:39:38.096935 7 36 Carlo 51.005457
2 131 24.54 27.34 0.209164 2021-06-23 15:39:38.306099 14 35 Noor 51.214621
0 166 28.62 27.88 0.045681 2021-06-23 15:39:38.351780 7 37 Carlo 51.260302
1 71 19.06 27.77 0.014823 2021-06-23 15:39:38.366603 14 31 Florian 51.275125
0 159 27.66 27.77 0.951224 2021-06-23 15:39:39.317827 8 38 Carlo 52.226349
0 199 33.86 27.67 0.32248 2021-06-23 15:39:39.640307 8 39 Carlo 52.548829
1 103 22.23 28.10 0.014925 2021-06-23 15:39:39.655232 15 32 Florian 52.563754
0 211 35.96 27.67 0.060871 2021-06-23 15:39:39.716103 9 40 Carlo 52.624625
0 62 17.75 27.67 0.910746 2021-06-23 15:39:40.626849 9 41 Carlo 53.535371
0 60 17.43 27.77 0.386259 2021-06-23 15:39:41.013108 9 42 Carlo 53.92163
1 241 41.39 27.99 1.983629 2021-06-23 15:39:42.996737 16 33 Florian 55.905259
2 371 73.82 27.34 0.340963 2021-06-23 15:39:43.337700 15 36 Noor 56.246222
1 184 31.36 27.67 0.121559 2021-06-23 15:39:43.459259 16 34 Florian 56.367781
0 70 18.93 27.67 0.914426 2021-06-23 15:39:44.373685 9 43 Carlo 57.282207
0 313 56.02 27.77 0.266702 2021-06-23 15:39:44.640387 9 44 Carlo 57.548909
1 56 16.76 27.77 0.358041 2021-06-23 15:39:44.998428 16 35 Florian 57.90695
2 57 16.93 27.34 0.460149 2021-06-23 15:39:45.458577 15 37 Noor 58.367099
1 62 17.75 28.10 0.012738 2021-06-23 15:39:45.471315 16 36 Florian 58.379837
0 263 45.37 27.77 0.546146 2021-06-23 15:39:46.017461 9 45 Carlo 58.925983
0 462 120.87 27.67 0.138665 2021-06-23 15:39:46.156126 9 46 Carlo 59.064648
0 280 48.67 27.88 0.271331 2021-06-23 15:39:46.427457 9 47 Carlo 59.335979
1 127 24.18 27.77 1.304856 2021-06-23 15:39:47.732313 17 37 Florian 60.640835
1 60 17.43 28.10 0.033681 2021-06-23 15:39:47.765994 17 38 Florian 60.674516
2 76 19.69 27.34 0.246136 2021-06-23 15:39:48.012130 16 38 Noor 60.920652
1 112 22.94 27.77 0.455884 2021-06-23 15:39:48.468014 17 39 Florian 61.376536
2 268 46.26 27.34 0.445586 2021-06-23 15:39:48.913600 16 39 Noor 61.822122
0 96 21.67 27.67 0.865864 2021-06-23 15:39:49.779464 9 48 Carlo 62.687986
1 163 28.20 27.77 0.675479 2021-06-23 15:39:50.454943 17 40 Florian 63.363465
0 140 25.42 27.77 1.657825 2021-06-23 15:39:52.112768 9 49 Carlo 65.02129
1 62 17.75 27.88 0.432377 2021-06-23 15:39:52.545145 17 41 Florian 65.453667
0 339 62.98 27.88 0.072117 2021-06-23 15:39:52.617262 9 50 Carlo 65.525784
2 71 19.06 27.34 0.23383 2021-06-23 15:39:52.851092 16 40 Noor 65.759614
1 176 30.09 27.88 0.117695 2021-06-23 15:39:52.968787 17 42 Florian 65.877309
2 63 17.91 27.34 0.125394 2021-06-23 15:39:53.094181 16 41 Noor 66.002703
0 78 19.92 27.77 0.29084 2021-06-23 15:39:53.385021 9 51 Carlo 66.293543
2 497 142.37 27.45 0.311793 2021-06-23 15:39:53.696814 16 42 Noor 66.605336
0 240 41.21 27.77 0.280418 2021-06-23 15:39:53.977232 9 52 Carlo 66.885754
0 304 53.73 27.88 0.934688 2021-06-23 15:39:54.911920 9 53 Carlo 67.820442
2 121 23.66 27.34 0.29565 2021-06-23 15:39:55.207570 16 43 Noor 68.116092
1 53 16.22 28.10 0.564524 2021-06-23 15:39:55.772094 17 43 Florian 68.680616
1 112 22.94 27.77 2.13001 2021-06-23 15:39:57.902104 17 44 Florian 70.810626
0 202 34.38 27.67 0.017969 2021-06-23 15:39:57.920073 9 54 Carlo 70.828595
2 89 21.05 27.34 0.319598 2021-06-23 15:39:58.239671 16 44 Noor 71.148193
1 71 19.06 27.77 0.378985 2021-06-23 15:39:58.618656 18 45 Florian 71.527178
0 163 28.20 27.67 1.060629 2021-06-23 15:39:59.679285 10 55 Carlo 72.587807
2 79 20.03 27.34 0.754056 2021-06-23 15:40:00.433341 16 45 Noor 73.341863
1 57 16.93 27.99 0.242028 2021-06-23 15:40:00.675369 18 46 Florian 73.583891
2 120 23.58 27.34 1.353207 2021-06-23 15:40:02.028576 16 46 Noor 74.937098
0 60 17.43 27.77 0.026758 2021-06-23 15:40:02.055334 10 56 Carlo 74.963856
2 135 24.92 27.34 1.022771 2021-06-23 15:40:03.078105 17 47 Noor 75.986627
0 99 21.91 27.77 0.616412 2021-06-23 15:40:03.694517 11 57 Carlo 76.603039
0 176 30.09 27.77 0.915078 2021-06-23 15:40:04.609595 11 58 Carlo 77.518117
1 179 30.55 27.77 0.030062 2021-06-23 15:40:04.639657 18 47 Florian 77.548179
2 216 36.85 27.34 1.057787 2021-06-23 15:40:05.697444 17 48 Noor 78.605966
1 255 43.96 28.10 1.135897 2021-06-23 15:40:06.833341 19 48 Florian 79.741863
2 241 41.39 27.34 1.178395 2021-06-23 15:40:08.011736 17 49 Noor 80.920258
0 188 32.01 27.56 0.87852 2021-06-23 15:40:08.890256 12 59 Carlo 81.798778
0 83 20.46 27.67 1.387634 2021-06-23 15:40:10.277890 12 60 Carlo 83.186412
2 77 19.81 27.34 0.314267 2021-06-23 15:40:10.592157 17 50 Noor 83.500679
2 81 20.25 27.34 0.638384 2021-06-23 15:40:11.230541 17 51 Noor 84.139063
2 140 25.42 27.34 0.278497 2021-06-23 15:40:11.509038 17 52 Noor 84.41756
1 140 25.42 27.99 0.013812 2021-06-23 15:40:11.522850 19 49 Florian 84.431372
0 88 20.96 27.67 0.130374 2021-06-23 15:40:11.653224 12 61 Carlo 84.561746
2 159 27.66 27.34 0.361204 2021-06-23 15:40:12.014428 18 53 Noor 84.92295
2 195 33.17 27.34 0.494461 2021-06-23 15:40:12.508889 18 54 Noor 85.417411
1 60 17.43 27.77 0.757977 2021-06-23 15:40:13.266866 20 50 Florian 86.175388
0 103 22.23 27.67 1.088015 2021-06-23 15:40:14.354881 12 62 Carlo 87.263403
0 58 17.10 27.67 0.454234 2021-06-23 15:40:14.809115 12 63 Carlo 87.717637
0 496 144.49 27.77 0.264036 2021-06-23 15:40:15.073151 12 64 Carlo 87.981673
2 249 42.85 27.34 0.093289 2021-06-23 15:40:15.166440 18 55 Noor 88.074962
2 92 21.32 27.34 0.212514 2021-06-23 15:40:15.378954 18 56 Noor 88.287476
2 56 16.76 27.34 0.649912 2021-06-23 15:40:16.028866 18 57 Noor 88.937388
1 147 26.19 28.10 0.215521 2021-06-23 15:40:16.244387 20 51 Florian 89.152909
2 224 38.29 27.45 2.357207 2021-06-23 15:40:18.601594 18 58 Noor 91.510116
1 295 51.75 27.99 0.558846 2021-06-23 15:40:19.160440 20 52 Florian 92.068962
0 89 21.05 27.67 0.127632 2021-06-23 15:40:19.288072 12 65 Carlo 92.196594
1 71 19.06 27.77 0.07739 2021-06-23 15:40:19.365462 20 53 Florian 92.273984
0 88 20.96 27.67 0.035313 2021-06-23 15:40:19.400775 12 66 Carlo 92.309297
1 176 30.09 27.88 0.402533 2021-06-23 15:40:19.803308 21 54 Florian 92.71183
2 94 21.50 27.34 0.214784 2021-06-23 15:40:20.018092 18 59 Noor 92.926614
