# layer adc volt temp timediff time detector_muon_count detector_count detector_name
0 199 33.86 27.77 2.311544 2021-06-23 15:38:53.452460 1 5 Carlo 6.360982
1 48 15.29 28.10 0.011619 2021-06-23 15:38:53.464079 1 1 Florian 6.372601
2 68 18.65 27.34 0.002268 2021-06-23 15:38:53.466347 1 5 Noor 6.374869

0 184 31.36 27.67 1.51489 2021-06-23 15:38:58.899674 2 9 Carlo 11.808196
1 57 16.93 27.67 0.012626 2021-06-23 15:38:58.912300 3 7 Florian 11.820822
2 63 17.91 27.34 0.001379 2021-06-23 15:38:58.913679 3 7 Noor 11.822201

0 152 26.78 27.77 0.466706 2021-06-23 15:39:12.786300 6 21 Carlo 25.694822
1 177 30.25 27.99 0.045692 2021-06-23 15:39:12.831992 9 14 Florian 25.740514
2 280 48.67 27.34 0.016783 2021-06-23 15:39:12.848775 8 19 Noor 25.757297

0 166 28.62 27.88 0.045681 2021-06-23 15:39:38.351780 8 38 Carlo 51.260302
1 71 19.06 27.77 0.014823 2021-06-23 15:39:38.366603 15 31 Florian 51.275125
2 131 24.54 27.34 0.209164 2021-06-23 15:39:38.306099 15 35 Noor 51.214621

0 227 38.83 27.67 0.000153 2021-06-23 15:40:31.001767 14 69 Carlo 103.910289
1 255 43.96 27.67 0.365918 2021-06-23 15:40:30.983656 24 59 Florian 103.892178
2 108 22.63 27.34 0.017958 2021-06-23 15:40:31.001614 21 68 Noor 103.910136

0 176 30.09 27.77 0.02367 2021-06-23 15:40:55.818460 20 101 Carlo 128.726982
1 140 25.42 28.10 0.016941 2021-06-23 15:40:55.835401 32 71 Florian 128.743923
2 79 20.03 27.34 0.381133 2021-06-23 15:40:55.794790 24 81 Noor 128.703312

0 115 23.18 27.67 0.014917 2021-06-23 15:40:59.699118 23 109 Carlo 132.60764
1 419 97.20 27.99 0.018809 2021-06-23 15:40:59.717927 35 75 Florian 132.626449
2 112 22.94 27.34 0.42634 2021-06-23 15:40:59.684201 25 84 Noor 132.592723

0 143 25.74 27.67 1.76481 2021-06-23 15:41:06.106589 24 112 Carlo 139.015111
1 120 23.58 27.67 0.016963 2021-06-23 15:41:06.123552 36 79 Florian 139.032074
2 224 38.29 27.34 0.001047 2021-06-23 15:41:06.124599 26 86 Noor 139.033121

0 312 55.68 27.77 0.015692 2021-06-23 15:41:21.388101 26 128 Carlo 154.296623
1 489 138.11 27.77 0.001051 2021-06-23 15:41:21.389152 39 89 Florian 154.297674
2 172 29.49 27.34 0.670698 2021-06-23 15:41:21.372409 28 95 Noor 154.280931

0 115 23.18 27.77 0.277423 2021-06-23 15:41:35.674542 29 144 Carlo 168.583064
1 60 17.43 27.99 0.016906 2021-06-23 15:41:35.691448 42 101 Florian 168.59997
2 243 41.74 27.34 0.016955 2021-06-23 15:41:35.708403 29 104 Noor 168.616925

0 236 40.44 27.77 0.015806 2021-06-23 15:41:58.286481 33 160 Carlo 191.195003
1 89 21.05 27.99 0.001152 2021-06-23 15:41:58.287633 47 110 Florian 191.196155
2 199 33.86 27.34 0.136812 2021-06-23 15:41:58.270675 31 112 Noor 191.179197

0 56 16.76 27.67 0.314812 2021-06-23 15:42:01.761634 34 163 Carlo 194.670156
1 57 16.93 27.77 0.015838 2021-06-23 15:42:01.813607 48 112 Florian 194.722129
2 113 23.02 27.34 0.036135 2021-06-23 15:42:01.797769 32 113 Noor 194.706291

0 63 17.91 27.77 0.024973 2021-06-23 15:42:01.926327 35 166 Carlo 194.834849
1 83 20.46 27.67 0.087747 2021-06-23 15:42:01.901354 49 112 Florian 194.809876
2 455 117.03 27.34 0.028999 2021-06-23 15:42:01.989048 33 114 Noor 194.89757

0 192 32.67 27.67 2.299231 2021-06-23 15:42:08.159166 36 170 Carlo 201.067688
1 71 19.06 27.77 0.016937 2021-06-23 15:42:08.176103 50 116 Florian 201.084625
2 67 18.51 27.34 0.00105 2021-06-23 15:42:08.177153 34 117 Noor 201.085675

0 103 22.23 27.67 0.015927 2021-06-23 15:42:30.945452 41 189 Carlo 223.853974
1 51 15.86 27.99 0.002075 2021-06-23 15:42:30.947527 54 125 Florian 223.856049
2 307 54.48 27.34 0.166578 2021-06-23 15:42:30.929525 36 127 Noor 223.838047

0 210 35.78 27.77 0.033745 2021-06-23 15:42:58.649561 43 208 Carlo 251.558083
1 88 20.96 28.10 0.033064 2021-06-23 15:42:58.682625 58 142 Florian 251.591147
2 53 16.22 27.34 0.000167 2021-06-23 15:42:58.682792 39 140 Noor 251.591314

0 66 18.36 27.67 0.726895 2021-06-23 15:43:06.049432 45 213 Carlo 258.957954
1 89 21.05 28.10 0.033463 2021-06-23 15:43:06.082895 60 145 Florian 258.991417
2 67 18.51 27.34 0.001068 2021-06-23 15:43:06.083963 40 145 Noor 258.992485

0 243 41.74 27.67 1.535937 2021-06-23 15:43:46.298146 55 255 Carlo 299.206668
1 63 17.91 27.88 0.017909 2021-06-23 15:43:46.316055 69 168 Florian 299.224577
2 63 17.91 27.34 0.00016 2021-06-23 15:43:46.316215 46 170 Noor 299.224737

0 185 31.51 27.67 0.254371 2021-06-23 15:44:09.907771 58 271 Carlo 322.816293
1 124 23.92 27.77 0.017698 2021-06-23 15:44:09.925469 72 178 Florian 322.833991
2 124 23.92 27.34 0.001456 2021-06-23 15:44:09.926925 49 181 Noor 322.835447

0 240 41.21 27.67 0.000158 2021-06-23 15:44:55.944705 65 309 Carlo 368.853227
1 99 21.91 27.99 1.43102 2021-06-23 15:44:55.925454 78 197 Florian 368.833976
2 60 17.43 27.34 0.019093 2021-06-23 15:44:55.944547 55 208 Noor 368.853069

0 176 30.09 27.77 0.636452 2021-06-23 15:45:43.013690 67 353 Carlo 415.922212
1 167 28.76 27.88 0.020152 2021-06-23 15:45:43.033842 84 218 Florian 415.942364
2 121 23.66 27.45 0.020071 2021-06-23 15:45:43.053913 62 236 Noor 415.962435

0 113 23.02 27.67 0.776381 2021-06-23 15:45:51.829876 70 364 Carlo 424.738398
1 63 17.91 27.88 0.017879 2021-06-23 15:45:51.847755 86 221 Florian 424.756277
2 63 17.91 27.34 0.039215 2021-06-23 15:45:51.886970 64 240 Noor 424.795492

0 313 56.02 27.77 1.411933 2021-06-23 15:46:25.780720 76 394 Carlo 458.689242
1 194 33.00 27.77 0.018002 2021-06-23 15:46:25.798722 92 239 Florian 458.707244
2 60 17.43 27.34 0.002165 2021-06-23 15:46:25.800887 71 266 Noor 458.709409

0 63 17.91 27.77 1.25805 2021-06-23 15:46:57.048107 79 421 Carlo 489.956629
1 115 23.18 28.10 0.033678 2021-06-23 15:46:57.081785 96 251 Florian 489.990307
2 56 16.76 27.34 0.000167 2021-06-23 15:46:57.081952 75 284 Noor 489.990474

0 224 38.29 27.67 0.015872 2021-06-23 15:48:26.993384 91 515 Carlo 579.901906
1 138 25.22 27.99 0.002179 2021-06-23 15:48:26.995563 111 298 Florian 579.904085
2 96 21.67 27.34 0.1706 2021-06-23 15:48:26.977512 81 328 Noor 579.886034

0 216 36.85 27.67 0.033724 2021-06-23 15:48:33.643346 93 522 Carlo 586.551868
1 126 24.09 27.88 0.033152 2021-06-23 15:48:33.676498 112 302 Florian 586.58502
2 67 18.51 27.34 0.001328 2021-06-23 15:48:33.677826 83 335 Noor 586.586348

0 103 22.23 27.77 0.075658 2021-06-23 15:48:35.565008 94 528 Carlo 588.47353
1 109 22.70 27.77 0.033671 2021-06-23 15:48:35.598679 113 303 Florian 588.507201
2 57 16.93 27.34 0.000165 2021-06-23 15:48:35.598844 84 336 Noor 588.507366

0 480 130.21 27.67 0.01694 2021-06-23 15:48:44.533400 95 535 Carlo 597.441922
1 156 27.28 27.77 0.002333 2021-06-23 15:48:44.535733 114 307 Florian 597.444255
2 110 22.78 27.34 0.521211 2021-06-23 15:48:44.516460 85 340 Noor 597.424982

0 157 27.40 27.67 0.289755 2021-06-23 15:48:53.202694 97 540 Carlo 606.111216
1 492 134.92 27.88 0.017864 2021-06-23 15:48:53.220558 119 315 Florian 606.12908
2 56 16.76 27.34 0.003571 2021-06-23 15:48:53.224129 89 351 Noor 606.132651

0 216 36.85 27.67 0.900168 2021-06-23 15:49:03.145755 99 550 Carlo 616.054277
1 102 22.15 27.77 0.033508 2021-06-23 15:49:03.179263 121 323 Florian 616.087785
2 135 24.92 27.34 0.014384 2021-06-23 15:49:03.193647 90 357 Noor 616.102169

0 384 80.08 27.67 0.469392 2021-06-23 15:49:25.971125 103 573 Carlo 638.879647
1 56 16.76 27.88 0.017991 2021-06-23 15:49:25.989116 126 336 Florian 638.897638
2 115 23.18 27.34 0.03614 2021-06-23 15:49:26.041173 92 369 Noor 638.949695

0 348 65.64 27.67 0.000157 2021-06-23 15:49:39.553353 105 583 Carlo 652.461875
1 227 38.83 28.10 0.033743 2021-06-23 15:49:39.515863 129 345 Florian 652.424385
2 88 20.96 27.45 0.037333 2021-06-23 15:49:39.553196 94 377 Noor 652.461718

0 93 21.41 27.88 0.154492 2021-06-23 15:49:55.756314 106 598 Carlo 668.664836
1 103 22.23 28.10 0.016929 2021-06-23 15:49:55.773243 133 350 Florian 668.681765
2 91 21.23 27.34 0.013059 2021-06-23 15:49:55.786302 98 391 Noor 668.694824

0 177 30.25 27.88 0.552935 2021-06-23 15:50:23.246975 108 622 Carlo 696.155497
1 583 201.26 27.77 0.017867 2021-06-23 15:50:23.264842 136 362 Florian 696.173364
2 224 38.29 27.34 0.003312 2021-06-23 15:50:23.268154 102 405 Noor 696.176676

0 403 88.99 27.67 0.340469 2021-06-23 15:50:44.539118 111 640 Carlo 717.44764
1 57 16.93 27.99 0.017718 2021-06-23 15:50:44.556836 140 374 Florian 717.465358
2 63 17.91 27.34 0.001266 2021-06-23 15:50:44.558102 106 417 Noor 717.466624

0 275 47.73 27.77 0.015832 2021-06-23 15:51:08.195580 119 660 Carlo 741.104102
1 184 31.36 28.10 0.01427 2021-06-23 15:51:08.209850 148 389 Florian 741.118372
2 76 19.69 27.34 0.413151 2021-06-23 15:51:08.179748 107 435 Noor 741.08827

0 152 26.78 27.77 0.17195 2021-06-23 15:51:32.496268 125 677 Carlo 765.40479
1 143 25.74 28.10 0.017905 2021-06-23 15:51:32.514173 153 403 Florian 765.422695
2 62 17.75 27.45 0.002254 2021-06-23 15:51:32.516427 111 451 Noor 765.424949

0 108 22.63 27.77 0.000155 2021-06-23 15:51:42.595013 126 685 Carlo 775.503535
1 206 35.07 27.77 0.258449 2021-06-23 15:51:42.574899 155 413 Florian 775.483421
2 67 18.51 27.34 0.019959 2021-06-23 15:51:42.594858 113 457 Noor 775.50338

0 536 160.18 27.67 0.011487 2021-06-23 15:51:43.166931 127 687 Carlo 776.075453
1 185 31.51 27.77 0.015944 2021-06-23 15:51:43.155444 156 414 Florian 776.063966
2 51 15.86 27.34 0.544487 2021-06-23 15:51:43.139500 114 457 Noor 776.048022

0 205 34.91 27.77 0.590181 2021-06-23 15:51:43.757112 128 688 Carlo 776.665634
1 143 25.74 27.88 0.017879 2021-06-23 15:51:43.774991 157 415 Florian 776.683513
2 67 18.51 27.34 0.00229 2021-06-23 15:51:43.777281 115 458 Noor 776.685803

0 207 35.26 27.67 0.015912 2021-06-23 15:51:56.059443 131 704 Carlo 788.967965
1 79 20.03 27.77 0.002001 2021-06-23 15:51:56.061444 160 423 Florian 788.969966
2 96 21.67 27.34 0.087535 2021-06-23 15:51:56.043531 118 472 Noor 788.952053

0 325 59.05 27.77 0.033704 2021-06-23 15:51:56.722910 132 706 Carlo 789.631432
1 287 50.23 27.99 0.603478 2021-06-23 15:51:56.664922 161 423 Florian 789.573444
2 66 18.36 27.34 0.024284 2021-06-23 15:51:56.689206 119 474 Noor 789.597728

0 255 43.96 27.67 0.015706 2021-06-23 15:53:15.223969 140 760 Carlo 868.132491
1 412 92.93 27.77 0.002105 2021-06-23 15:53:15.226074 172 451 Florian 868.134596
2 76 19.69 27.34 0.769949 2021-06-23 15:53:15.208263 127 511 Noor 868.116785

0 298 52.37 27.77 0.245863 2021-06-23 15:53:20.081546 142 766 Carlo 872.990068
1 108 22.63 27.77 0.018011 2021-06-23 15:53:20.099557 174 456 Florian 873.008079
2 241 41.39 27.34 0.002095 2021-06-23 15:53:20.101652 128 514 Noor 873.010174

0 220 37.58 27.88 1.549843 2021-06-23 15:53:34.075527 145 782 Carlo 886.984049
1 88 20.96 28.10 0.017812 2021-06-23 15:53:34.093339 178 463 Florian 887.001861
2 63 17.91 27.34 0.001279 2021-06-23 15:53:34.094618 130 520 Noor 887.00314

0 127 24.18 27.77 0.033631 2021-06-23 15:54:03.900236 147 809 Carlo 916.808758
1 59 17.27 27.77 0.016001 2021-06-23 15:54:03.916237 180 471 Florian 916.824759
2 199 33.86 27.34 0.594631 2021-06-23 15:54:03.866605 133 540 Noor 916.775127

0 255 43.96 27.88 0.672429 2021-06-23 15:54:06.494206 148 811 Carlo 919.402728
1 335 61.77 27.88 0.017671 2021-06-23 15:54:06.511877 181 473 Florian 919.420399
2 79 20.03 27.34 0.002402 2021-06-23 15:54:06.514279 134 542 Noor 919.422801

0 255 43.96 27.88 0.445556 2021-06-23 15:54:08.559455 149 812 Carlo 921.467977
1 217 37.04 27.99 0.017978 2021-06-23 15:54:08.577433 182 474 Florian 921.485955
2 56 16.76 27.34 0.002019 2021-06-23 15:54:08.579452 135 544 Noor 921.487974

0 339 62.98 27.67 0.100365 2021-06-23 15:55:08.559376 161 869 Carlo 981.467898
1 504 143.61 27.88 0.017876 2021-06-23 15:55:08.577252 192 501 Florian 981.485774
2 99 21.91 27.34 0.003472 2021-06-23 15:55:08.580724 144 574 Noor 981.489246

0 248 42.69 27.77 0.044838 2021-06-23 15:55:19.008241 163 881 Carlo 991.916763
1 121 23.66 27.77 0.869049 2021-06-23 15:55:18.943408 194 509 Florian 991.85193
2 487 132.65 27.34 0.019995 2021-06-23 15:55:18.963403 147 578 Noor 991.871925

0 376 76.43 27.67 0.033736 2021-06-23 15:55:36.102146 165 895 Carlo 1009.010668
1 188 32.01 27.88 0.033293 2021-06-23 15:55:36.135439 195 520 Florian 1009.043961
2 126 24.09 27.34 0.000176 2021-06-23 15:55:36.135615 149 588 Noor 1009.044137

0 102 22.15 27.88 0.033752 2021-06-23 15:55:37.575006 166 897 Carlo 1010.483528
1 263 45.37 28.10 0.000195 2021-06-23 15:55:37.575201 196 522 Florian 1010.483723
2 113 23.02 27.45 0.343544 2021-06-23 15:55:37.541254 150 590 Noor 1010.449776

0 141 25.53 27.77 0.04802 2021-06-23 15:56:05.791726 171 917 Carlo 1038.700248
1 63 17.91 27.99 0.019062 2021-06-23 15:56:05.810788 202 533 Florian 1038.71931
2 96 21.67 27.34 0.840217 2021-06-23 15:56:05.743706 154 610 Noor 1038.652228

0 358 69.10 27.67 0.000177 2021-06-23 15:56:07.389101 172 918 Carlo 1040.297623
1 167 28.76 27.99 1.557027 2021-06-23 15:56:07.367815 203 533 Florian 1040.276337
2 143 25.74 27.34 0.021109 2021-06-23 15:56:07.388924 155 612 Noor 1040.297446

0 255 43.96 27.67 0.809493 2021-06-23 15:56:22.960630 175 929 Carlo 1055.869152
1 312 55.68 27.99 0.018987 2021-06-23 15:56:22.979617 207 542 Florian 1055.888139
2 92 21.32 27.45 0.002319 2021-06-23 15:56:22.981936 159 621 Noor 1055.890458

0 74 19.44 27.77 0.126497 2021-06-23 15:56:24.660120 176 931 Carlo 1057.568642
1 67 18.51 27.77 0.018039 2021-06-23 15:56:24.717341 208 544 Florian 1057.625863
2 274 47.52 27.34 0.039182 2021-06-23 15:56:24.699302 160 624 Noor 1057.607824

0 179 30.55 27.67 0.686027 2021-06-23 15:56:41.947561 181 943 Carlo 1074.856083
1 81 20.25 27.99 0.018908 2021-06-23 15:56:41.966469 210 553 Florian 1074.874991
2 108 22.63 27.34 0.001325 2021-06-23 15:56:41.967794 164 639 Noor 1074.876316

0 78 19.92 27.67 1.598145 2021-06-23 15:56:48.142584 183 949 Carlo 1081.051106
1 53 16.22 27.77 0.017854 2021-06-23 15:56:48.160438 213 557 Florian 1081.06896
2 71 19.06 27.34 0.002185 2021-06-23 15:56:48.162623 166 641 Noor 1081.071145

0 167 28.76 27.77 0.119708 2021-06-23 15:56:48.423436 184 951 Carlo 1081.331958
1 332 61.17 27.99 0.033697 2021-06-23 15:56:48.457133 214 560 Florian 1081.365655
2 71 19.06 27.34 0.040316 2021-06-23 15:56:48.497622 167 642 Noor 1081.406144

0 344 64.67 27.67 0.059817 2021-06-23 15:57:14.974477 187 977 Carlo 1107.882999
1 398 85.63 27.99 0.019081 2021-06-23 15:57:14.993558 216 570 Florian 1107.90208
2 83 20.46 27.34 0.002178 2021-06-23 15:57:14.995736 169 654 Noor 1107.904258

0 205 34.91 27.88 0.641426 2021-06-23 15:57:46.468846 190 999 Carlo 1139.377368
1 96 21.67 28.10 0.018963 2021-06-23 15:57:46.487809 222 583 Florian 1139.396331
2 83 20.46 27.34 0.001221 2021-06-23 15:57:46.489030 175 678 Noor 1139.397552

0 255 43.96 27.67 0.016948 2021-06-23 15:58:20.036559 195 1031 Carlo 1172.945081
1 167 28.76 27.99 0.003225 2021-06-23 15:58:20.039784 227 598 Florian 1172.948306
2 76 19.69 27.34 0.249353 2021-06-23 15:58:20.019611 178 687 Noor 1172.928133

0 211 35.96 27.88 0.683327 2021-06-23 15:59:10.620608 201 1072 Carlo 1223.52913
1 112 22.94 27.99 0.020031 2021-06-23 15:59:10.640639 232 616 Florian 1223.549161
2 103 22.23 27.34 0.002965 2021-06-23 15:59:10.643604 184 710 Noor 1223.552126

0 547 162.22 27.77 0.016722 2021-06-23 15:59:21.343133 203 1088 Carlo 1234.251655
1 63 17.91 27.77 0.008545 2021-06-23 15:59:21.351678 234 620 Florian 1234.2602
2 93 21.41 27.34 0.392537 2021-06-23 15:59:21.326411 185 716 Noor 1234.234933

0 167 28.76 27.67 0.719549 2021-06-23 15:59:24.342154 204 1090 Carlo 1237.250676
1 51 15.86 27.77 0.020044 2021-06-23 15:59:24.362198 235 622 Florian 1237.27072
2 63 17.91 27.34 0.000167 2021-06-23 15:59:24.362365 186 717 Noor 1237.270887

0 432 101.61 27.67 0.020141 2021-06-23 15:59:26.749861 205 1094 Carlo 1239.658383
1 92 21.32 27.77 0.602752 2021-06-23 15:59:26.729720 236 625 Florian 1239.638242
2 159 27.66 27.34 0.02527 2021-06-23 15:59:26.775131 187 718 Noor 1239.683653

0 217 37.04 27.67 0.176623 2021-06-23 16:00:22.102817 210 1145 Carlo 1295.011339
1 57 16.93 27.77 0.020026 2021-06-23 16:00:22.122843 244 651 Florian 1295.031365
2 71 19.06 27.34 0.000168 2021-06-23 16:00:22.123011 197 751 Noor 1295.031533

0 304 53.73 27.77 0.799719 2021-06-23 16:00:44.956512 214 1163 Carlo 1317.865034
1 63 17.91 27.88 0.020057 2021-06-23 16:00:44.976569 249 658 Florian 1317.885091
2 66 18.36 27.34 0.000167 2021-06-23 16:00:44.976736 201 764 Noor 1317.885258

0 193 32.84 27.67 0.017916 2021-06-23 16:01:14.402123 217 1198 Carlo 1347.310645
1 222 37.96 27.67 0.015859 2021-06-23 16:01:14.417982 250 670 Florian 1347.326504
2 110 22.78 27.34 0.276596 2021-06-23 16:01:14.384207 204 779 Noor 1347.292729

0 156 27.28 27.77 0.795377 2021-06-23 16:02:40.979867 228 1271 Carlo 1433.888389
1 102 22.15 27.67 0.020003 2021-06-23 16:02:40.999870 266 711 Florian 1433.908392
2 63 17.91 27.34 0.000937 2021-06-23 16:02:41.000807 214 817 Noor 1433.909329

0 117 23.34 27.67 0.000158 2021-06-23 16:03:24.959874 238 1321 Carlo 1477.868396
1 99 21.91 27.88 1.057924 2021-06-23 16:03:24.939624 276 736 Florian 1477.848146
2 60 17.43 27.34 0.020092 2021-06-23 16:03:24.959716 219 832 Noor 1477.868238

0 120 23.58 27.77 0.017932 2021-06-23 16:03:34.235129 239 1332 Carlo 1487.143651
1 376 76.43 27.77 0.013072 2021-06-23 16:03:34.248201 277 741 Florian 1487.156723
2 231 39.55 27.34 1.303841 2021-06-23 16:03:34.217197 220 834 Noor 1487.125719

0 510 148.47 27.77 0.270552 2021-06-23 16:03:34.934254 240 1333 Carlo 1487.842776
1 259 44.69 27.88 0.021205 2021-06-23 16:03:34.955459 278 742 Florian 1487.863981
2 62 17.75 27.34 0.000175 2021-06-23 16:03:34.955634 221 836 Noor 1487.864156

0 481 129.57 27.67 0.26183 2021-06-23 16:04:06.208767 243 1361 Carlo 1519.117289
1 108 22.63 27.88 0.048729 2021-06-23 16:04:06.257496 281 756 Florian 1519.166018
2 124 23.92 27.34 0.02112 2021-06-23 16:04:06.278616 226 855 Noor 1519.187138

0 147 26.19 27.67 0.25613 2021-06-23 16:04:07.162424 244 1363 Carlo 1520.070946
1 103 22.23 27.67 0.02012 2021-06-23 16:04:07.182544 282 757 Florian 1520.091066
2 71 19.06 27.34 0.036575 2021-06-23 16:04:07.219119 227 856 Noor 1520.127641

0 99 21.91 27.77 0.017988 2021-06-23 16:04:19.477704 245 1370 Carlo 1532.386226
1 60 17.43 27.67 0.000917 2021-06-23 16:04:19.478621 283 761 Florian 1532.387143
2 371 73.82 27.34 1.305916 2021-06-23 16:04:19.459716 228 865 Noor 1532.368238

0 56 16.76 27.67 0.017904 2021-06-23 16:05:08.226889 260 1416 Carlo 1581.135411
1 66 18.36 27.77 0.00555 2021-06-23 16:05:08.232439 299 794 Florian 1581.140961
2 224 38.29 27.34 0.340695 2021-06-23 16:05:08.208985 236 902 Noor 1581.117507

0 384 80.08 27.56 0.016895 2021-06-23 16:05:18.517163 262 1429 Carlo 1591.425685
1 448 112.41 27.67 0.016873 2021-06-23 16:05:18.534036 303 801 Florian 1591.442558
2 50 15.67 27.34 0.472147 2021-06-23 16:05:18.500268 239 906 Noor 1591.40879

0 463 119.23 27.88 0.000159 2021-06-23 16:05:29.637749 264 1440 Carlo 1602.546271
1 188 32.01 27.77 0.938326 2021-06-23 16:05:29.616529 305 804 Florian 1602.525051
2 120 23.58 27.45 0.021061 2021-06-23 16:05:29.637590 240 914 Noor 1602.546112

0 159 27.66 27.67 0.031984 2021-06-23 16:05:30.948430 265 1442 Carlo 1603.856952
1 88 20.96 27.77 0.02004 2021-06-23 16:05:30.968470 306 805 Florian 1603.876992
2 127 24.18 27.34 1.235278 2021-06-23 16:05:30.916446 241 914 Noor 1603.824968

0 192 32.67 27.77 0.018038 2021-06-23 16:06:29.275686 269 1478 Carlo 1662.184208
1 243 41.74 27.99 0.00217 2021-06-23 16:06:29.277856 313 827 Florian 1662.186378
2 192 32.67 27.34 1.272567 2021-06-23 16:06:29.257648 247 947 Noor 1662.16617

0 338 62.67 27.77 0.017888 2021-06-23 16:07:01.547799 272 1500 Carlo 1694.456321
1 99 21.91 27.67 0.00213 2021-06-23 16:07:01.549929 318 848 Florian 1694.458451
2 192 32.67 27.34 0.412324 2021-06-23 16:07:01.529911 250 964 Noor 1694.438433

0 581 201.80 27.67 0.017029 2021-06-23 16:07:10.231720 273 1510 Carlo 1703.140242
1 184 31.36 27.77 0.016889 2021-06-23 16:07:10.248609 320 855 Florian 1703.157131
2 88 20.96 27.34 1.109553 2021-06-23 16:07:10.214691 252 967 Noor 1703.123213

0 142 25.64 27.67 0.000157 2021-06-23 16:07:23.048145 275 1521 Carlo 1715.956667
1 216 36.85 27.77 0.990124 2021-06-23 16:07:23.026871 322 859 Florian 1715.935393
2 56 16.76 27.34 0.021117 2021-06-23 16:07:23.047988 253 974 Noor 1715.95651

0 62 17.75 27.67 0.033815 2021-06-23 16:07:30.973881 277 1530 Carlo 1723.882403
1 121 23.66 27.88 0.000167 2021-06-23 16:07:30.974048 324 862 Florian 1723.88257
2 67 18.51 27.34 1.234485 2021-06-23 16:07:30.940066 254 979 Noor 1723.848588

0 575 187.30 27.77 0.000161 2021-06-23 16:07:34.229099 278 1535 Carlo 1727.137621
1 396 85.28 27.88 1.054737 2021-06-23 16:07:34.207823 326 865 Florian 1727.116345
2 287 50.23 27.34 0.021115 2021-06-23 16:07:34.228938 256 981 Noor 1727.13746

0 401 87.91 27.77 0.026264 2021-06-23 16:07:47.793891 283 1548 Carlo 1740.702413
1 97 21.75 27.67 0.912284 2021-06-23 16:07:47.747599 336 876 Florian 1740.656121
2 335 61.77 27.34 0.020028 2021-06-23 16:07:47.767627 262 990 Noor 1740.676149

0 131 24.54 27.67 0.017947 2021-06-23 16:08:13.860659 284 1568 Carlo 1766.769181
1 71 19.06 27.77 0.002154 2021-06-23 16:08:13.862813 338 886 Florian 1766.771335
2 51 15.86 27.34 0.229289 2021-06-23 16:08:13.842712 264 1004 Noor 1766.751234

0 97 21.75 27.67 0.154407 2021-06-23 16:08:55.916360 291 1603 Carlo 1808.824882
1 124 23.92 27.67 0.019009 2021-06-23 16:08:55.974587 349 910 Florian 1808.883109
2 125 24.00 27.34 0.039218 2021-06-23 16:08:55.955578 269 1027 Noor 1808.8641

0 63 17.91 27.88 0.012602 2021-06-23 16:09:51.387511 298 1645 Carlo 1864.296033
1 152 26.78 27.67 0.773432 2021-06-23 16:09:51.353758 358 931 Florian 1864.26228
2 135 24.92 27.34 0.021151 2021-06-23 16:09:51.374909 276 1060 Noor 1864.283431

0 172 29.49 27.77 0.017963 2021-06-23 16:11:10.569331 306 1708 Carlo 1943.477853
1 73 19.32 27.67 0.015781 2021-06-23 16:11:10.585112 367 959 Florian 1943.493634
2 49 15.48 27.34 1.791479 2021-06-23 16:11:10.551368 284 1088 Noor 1943.45989

0 146 26.08 27.67 0.000162 2021-06-23 16:11:16.601432 308 1715 Carlo 1949.509954
1 108 22.63 27.88 0.27731 2021-06-23 16:11:16.580221 370 964 Florian 1949.488743
2 76 19.69 27.34 0.021049 2021-06-23 16:11:16.601270 286 1092 Noor 1949.509792

0 385 80.11 27.77 0.013391 2021-06-23 16:11:22.150250 309 1717 Carlo 1955.058772
1 51 15.86 27.99 0.017959 2021-06-23 16:11:22.136859 371 970 Florian 1955.045381
2 78 19.92 27.34 0.637226 2021-06-23 16:11:22.118900 287 1096 Noor 1955.027422

0 238 40.82 27.88 0.019057 2021-06-23 16:11:24.334072 311 1722 Carlo 1957.242594
1 192 32.67 27.88 0.000976 2021-06-23 16:11:24.335048 373 972 Florian 1957.24357
2 147 26.19 27.34 0.064117 2021-06-23 16:11:24.315015 288 1098 Noor 1957.223537

0 172 29.49 27.77 0.018989 2021-06-23 16:11:32.138825 312 1731 Carlo 1965.047347
1 140 25.42 27.77 0.001106 2021-06-23 16:11:32.139931 374 973 Florian 1965.048453
2 152 26.78 27.34 1.595287 2021-06-23 16:11:32.119836 289 1101 Noor 1965.028358

0 125 24.00 27.67 1.585685 2021-06-23 16:11:48.331272 314 1743 Carlo 1981.239794
1 108 22.63 27.67 0.020173 2021-06-23 16:11:48.351445 377 984 Florian 1981.259967
2 71 19.06 27.34 0.010148 2021-06-23 16:11:48.361593 291 1105 Noor 1981.270115

0 60 17.43 27.77 0.053733 2021-06-23 16:11:48.415326 315 1743 Carlo 1981.323848
1 440 109.25 27.88 0.019046 2021-06-23 16:11:48.434372 378 986 Florian 1981.342894
2 96 21.67 27.34 0.011161 2021-06-23 16:11:48.445533 292 1106 Noor 1981.354055

0 224 38.29 27.56 0.019012 2021-06-23 16:11:59.125933 316 1753 Carlo 1992.034455
1 120 23.58 27.67 0.001014 2021-06-23 16:11:59.126947 380 990 Florian 1992.035469
2 167 28.76 27.34 0.1461 2021-06-23 16:11:59.106921 294 1112 Noor 1992.015443

0 63 17.91 27.67 0.000164 2021-06-23 16:12:06.550149 317 1762 Carlo 1999.458671
1 108 22.63 27.67 0.217231 2021-06-23 16:12:06.528801 381 995 Florian 1999.437323
2 255 43.96 27.34 0.021184 2021-06-23 16:12:06.549985 295 1113 Noor 1999.458507

0 386 80.48 27.67 0.381798 2021-06-23 16:12:53.606720 323 1802 Carlo 2046.515242
1 291 50.97 27.88 0.019966 2021-06-23 16:12:53.626686 389 1015 Florian 2046.535208
2 70 18.93 27.34 0.002274 2021-06-23 16:12:53.628960 298 1129 Noor 2046.537482

0 142 25.64 27.67 0.019146 2021-06-23 16:13:19.983566 328 1829 Carlo 2072.892088
1 216 36.85 27.67 0.000907 2021-06-23 16:13:19.984473 395 1028 Florian 2072.892995
2 158 27.53 27.34 0.63898 2021-06-23 16:13:19.964420 300 1141 Noor 2072.872942

0 82 20.36 27.56 0.636459 2021-06-23 16:14:01.260384 336 1868 Carlo 2114.168906
1 463 119.23 27.67 0.019836 2021-06-23 16:14:01.280220 403 1058 Florian 2114.188742
2 62 17.75 27.34 0.003329 2021-06-23 16:14:01.283549 303 1160 Noor 2114.192071

0 188 32.01 27.67 0.018035 2021-06-23 16:14:14.157457 338 1881 Carlo 2127.065979
1 120 23.58 27.67 0.003105 2021-06-23 16:14:14.160562 405 1067 Florian 2127.069084
2 96 21.67 27.34 1.062209 2021-06-23 16:14:14.139422 306 1166 Noor 2127.047944

0 284 49.41 27.67 0.017964 2021-06-23 16:14:35.648859 342 1900 Carlo 2148.557381
1 455 117.03 27.67 0.003324 2021-06-23 16:14:35.652183 411 1084 Florian 2148.560705
2 94 21.50 27.34 0.060968 2021-06-23 16:14:35.630895 309 1178 Noor 2148.539417

0 176 30.09 27.88 0.129099 2021-06-23 16:14:45.721237 345 1908 Carlo 2158.629759
1 120 23.58 27.88 0.021116 2021-06-23 16:14:45.742353 412 1089 Florian 2158.650875
2 195 33.17 27.34 0.001253 2021-06-23 16:14:45.743606 312 1184 Noor 2158.652128

0 261 45.09 27.67 0.022183 2021-06-23 16:14:49.107111 346 1913 Carlo 2162.015633
1 242 41.58 27.77 1.029188 2021-06-23 16:14:49.084928 413 1091 Florian 2161.99345
2 99 21.91 27.34 0.044357 2021-06-23 16:14:49.151468 313 1185 Noor 2162.05999

0 51 15.86 27.67 0.017881 2021-06-23 16:15:09.180410 349 1929 Carlo 2182.088932
1 56 16.76 27.88 0.015914 2021-06-23 16:15:09.196324 417 1100 Florian 2182.104846
2 99 21.91 27.34 0.86299 2021-06-23 16:15:09.162529 315 1200 Noor 2182.071051

0 176 30.09 27.56 0.122962 2021-06-23 16:15:29.073276 350 1939 Carlo 2201.981798
1 54 16.41 27.67 0.0179 2021-06-23 16:15:29.135691 418 1105 Florian 2202.044213
2 92 21.32 27.34 0.044515 2021-06-23 16:15:29.117791 316 1215 Noor 2202.026313

0 82 20.36 27.56 3.181367 2021-06-23 16:15:50.063473 354 1965 Carlo 2222.971995
1 56 16.76 27.88 0.033542 2021-06-23 16:15:50.097015 421 1110 Florian 2223.005537
2 112 22.94 27.34 0.04557 2021-06-23 16:15:50.142763 320 1230 Noor 2223.051285

0 120 23.58 27.56 0.018006 2021-06-23 16:15:56.250861 356 1970 Carlo 2229.159383
1 63 17.91 27.67 0.003125 2021-06-23 16:15:56.253986 423 1113 Florian 2229.162508
2 70 18.93 27.34 0.231298 2021-06-23 16:15:56.232855 321 1236 Noor 2229.141377

0 231 39.55 27.77 0.017949 2021-06-23 16:16:07.311672 358 1976 Carlo 2240.220194
1 71 19.06 27.77 0.003328 2021-06-23 16:16:07.315000 424 1119 Florian 2240.223522
2 51 15.86 27.45 2.114627 2021-06-23 16:16:07.293723 323 1243 Noor 2240.202245

0 334 61.44 27.67 0.024634 2021-06-23 16:16:07.467207 359 1978 Carlo 2240.375729
1 184 31.36 27.99 0.030046 2021-06-23 16:16:07.497253 425 1120 Florian 2240.405775
2 94 21.50 27.34 0.067791 2021-06-23 16:16:07.442573 324 1244 Noor 2240.351095

0 121 23.66 27.67 0.01791 2021-06-23 16:17:19.715462 373 2050 Carlo 2312.623984
1 227 38.83 27.67 0.034847 2021-06-23 16:17:19.750309 435 1143 Florian 2312.658831
2 56 16.76 27.34 1.204612 2021-06-23 16:17:19.697552 335 1279 Noor 2312.606074

0 216 36.85 27.88 0.357027 2021-06-23 16:17:44.124250 377 2071 Carlo 2337.032772
1 79 20.03 27.99 0.021066 2021-06-23 16:17:44.145316 440 1157 Florian 2337.053838
2 71 19.06 27.13 0.049362 2021-06-23 16:17:44.194678 341 1297 Noor 2337.1032

0 199 33.86 27.67 0.01807 2021-06-23 16:17:53.819776 379 2080 Carlo 2346.728298
1 78 19.92 27.99 0.003051 2021-06-23 16:17:53.822827 443 1165 Florian 2346.731349
2 76 19.69 27.34 0.321739 2021-06-23 16:17:53.801706 343 1306 Noor 2346.710228

0 120 23.58 27.56 0.018111 2021-06-23 16:18:49.642786 385 2116 Carlo 2402.551308
1 57 16.93 27.88 0.003108 2021-06-23 16:18:49.645894 451 1188 Florian 2402.554416
2 99 21.91 27.34 0.287999 2021-06-23 16:18:49.624675 348 1328 Noor 2402.533197

0 325 59.05 27.67 0.018978 2021-06-23 16:19:19.588954 390 2141 Carlo 2432.497476
1 326 59.13 27.77 0.002162 2021-06-23 16:19:19.591116 455 1199 Florian 2432.499638
2 368 72.93 27.34 0.549755 2021-06-23 16:19:19.569976 352 1336 Noor 2432.478498

0 127 24.18 27.67 0.000226 2021-06-23 16:19:53.766375 395 2182 Carlo 2466.674897
1 60 17.43 27.67 0.033753 2021-06-23 16:19:53.725713 460 1216 Florian 2466.634235
2 56 16.76 27.34 0.040436 2021-06-23 16:19:53.766149 353 1353 Noor 2466.674671

0 108 22.63 27.67 0.017957 2021-06-23 16:20:20.945974 399 2210 Carlo 2493.854496
1 62 17.75 27.67 0.013447 2021-06-23 16:20:20.959421 464 1227 Florian 2493.867943
2 78 19.92 27.34 1.273692 2021-06-23 16:20:20.928017 354 1366 Noor 2493.836539

0 159 27.66 27.77 0.260822 2021-06-23 16:20:21.220243 400 2211 Carlo 2494.128765
1 92 21.32 27.88 0.021215 2021-06-23 16:20:21.241458 465 1228 Florian 2494.14998
2 62 17.75 27.34 0.00019 2021-06-23 16:20:21.241648 355 1367 Noor 2494.15017

0 99 21.91 27.67 0.545677 2021-06-23 16:20:29.188864 402 2224 Carlo 2502.097386
1 492 134.92 27.77 0.019917 2021-06-23 16:20:29.208781 467 1235 Florian 2502.117303
2 71 19.06 27.34 0.003548 2021-06-23 16:20:29.212329 356 1371 Noor 2502.120851

0 371 73.82 27.67 1.684022 2021-06-23 16:21:03.944082 408 2252 Carlo 2536.852604
1 231 39.55 27.67 0.021069 2021-06-23 16:21:03.965151 471 1253 Florian 2536.873673
2 61 17.60 27.34 0.001306 2021-06-23 16:21:03.966457 359 1387 Noor 2536.874979

0 156 27.28 27.77 0.017785 2021-06-23 16:22:27.786314 414 2308 Carlo 2620.694836
1 263 45.37 27.67 0.003088 2021-06-23 16:22:27.789402 480 1288 Florian 2620.697924
2 48 15.29 27.34 0.736853 2021-06-23 16:22:27.768529 367 1421 Noor 2620.677051

0 224 38.29 27.56 0.018981 2021-06-23 16:22:30.714014 415 2310 Carlo 2623.622536
1 77 19.81 27.67 0.002228 2021-06-23 16:22:30.716242 481 1290 Florian 2623.624764
2 103 22.23 27.34 0.946931 2021-06-23 16:22:30.695033 368 1424 Noor 2623.603555

0 163 28.20 27.67 0.033945 2021-06-23 16:22:35.623946 416 2312 Carlo 2628.532468
1 134 24.82 27.67 0.033843 2021-06-23 16:22:35.589824 482 1294 Florian 2628.498346
2 140 25.42 27.34 1.898931 2021-06-23 16:22:35.555981 369 1429 Noor 2628.464503

0 217 37.04 27.56 0.018975 2021-06-23 16:22:49.215633 418 2320 Carlo 2642.124155
1 135 24.92 27.77 0.007913 2021-06-23 16:22:49.223546 484 1301 Florian 2642.132068
2 284 49.41 27.34 0.129025 2021-06-23 16:22:49.196658 370 1434 Noor 2642.10518

0 170 29.19 27.67 0.017776 2021-06-23 16:23:26.137117 423 2358 Carlo 2679.045639
1 83 20.46 27.67 0.003185 2021-06-23 16:23:26.140302 488 1318 Florian 2679.048824
2 89 21.05 27.34 0.823128 2021-06-23 16:23:26.119341 376 1448 Noor 2679.027863

0 163 28.20 27.67 0.000154 2021-06-23 16:23:39.030207 429 2379 Carlo 2691.938729
1 188 32.01 27.67 0.430297 2021-06-23 16:23:39.008179 493 1328 Florian 2691.916701
2 71 19.06 27.34 0.021874 2021-06-23 16:23:39.030053 380 1456 Noor 2691.938575

0 198 33.69 27.67 0.017822 2021-06-23 16:24:11.574087 436 2413 Carlo 2724.482609
1 53 16.22 27.77 0.003034 2021-06-23 16:24:11.577121 497 1348 Florian 2724.485643
2 94 21.50 27.34 0.062905 2021-06-23 16:24:11.556265 386 1474 Noor 2724.464787

0 157 27.40 27.56 0.04096 2021-06-23 16:24:18.254556 437 2420 Carlo 2731.163078
1 120 23.58 27.67 0.020851 2021-06-23 16:24:18.275407 498 1351 Florian 2731.183929
2 152 26.78 27.34 0.187311 2021-06-23 16:24:18.213596 387 1477 Noor 2731.122118

0 103 22.23 27.67 0.01769 2021-06-23 16:24:26.331928 440 2427 Carlo 2739.24045
1 384 80.08 27.67 0.003041 2021-06-23 16:24:26.334969 502 1359 Florian 2739.243491
2 88 20.96 27.34 0.217931 2021-06-23 16:24:26.314238 389 1479 Noor 2739.22276

0 156 27.28 27.67 1.09363 2021-06-23 16:24:48.496415 442 2446 Carlo 2761.404937
1 513 148.53 27.77 0.020724 2021-06-23 16:24:48.517139 506 1373 Florian 2761.425661
2 56 16.76 27.13 0.00227 2021-06-23 16:24:48.519409 394 1489 Noor 2761.427931

0 291 50.97 27.67 0.017669 2021-06-23 16:25:28.741828 449 2476 Carlo 2801.65035
1 433 104.37 27.88 0.003235 2021-06-23 16:25:28.745063 513 1392 Florian 2801.653585
2 88 20.96 27.34 0.74994 2021-06-23 16:25:28.724159 399 1512 Noor 2801.632681

0 492 134.92 27.67 0.000171 2021-06-23 16:25:31.348675 450 2478 Carlo 2804.257197
1 359 69.86 27.67 2.581362 2021-06-23 16:25:31.326425 514 1392 Florian 2804.234947
2 81 20.25 27.34 0.022079 2021-06-23 16:25:31.348504 400 1513 Noor 2804.257026

0 514 147.76 27.56 0.01764 2021-06-23 16:25:32.969220 451 2480 Carlo 2805.877742
1 76 19.69 27.67 0.012481 2021-06-23 16:25:32.981701 515 1395 Florian 2805.890223
2 51 15.86 27.34 0.273511 2021-06-23 16:25:32.951580 401 1514 Noor 2805.860102

0 108 22.63 27.77 0.018672 2021-06-23 16:25:34.017375 452 2481 Carlo 2806.925897
1 153 26.90 27.88 0.0021 2021-06-23 16:25:34.019475 516 1396 Florian 2806.927997
2 103 22.23 27.34 0.109676 2021-06-23 16:25:33.998703 402 1518 Noor 2806.907225

0 63 17.91 27.67 0.015051 2021-06-23 16:25:34.187327 453 2482 Carlo 2807.095849
1 67 18.51 27.88 0.018695 2021-06-23 16:25:34.172276 517 1398 Florian 2807.080798
2 268 46.26 27.34 0.134106 2021-06-23 16:25:34.153581 403 1518 Noor 2807.062103

0 57 16.93 27.67 0.017683 2021-06-23 16:25:40.169789 454 2485 Carlo 2813.078311
1 63 17.91 27.67 0.002216 2021-06-23 16:25:40.172005 518 1401 Florian 2813.080527
2 94 21.50 27.34 0.088721 2021-06-23 16:25:40.152106 404 1521 Noor 2813.060628

0 323 58.48 27.67 0.020835 2021-06-23 16:25:44.725377 456 2490 Carlo 2817.633899
1 79 20.03 27.99 0.035002 2021-06-23 16:25:44.704542 519 1404 Florian 2817.613064
2 69 18.79 27.34 0.18526 2021-06-23 16:25:44.669540 406 1524 Noor 2817.578062

0 368 72.93 27.77 0.019764 2021-06-23 16:25:55.821558 457 2498 Carlo 2828.73008
1 103 22.23 27.88 0.001913 2021-06-23 16:25:55.823471 520 1406 Florian 2828.731993
2 512 144.44 27.34 1.02247 2021-06-23 16:25:55.801794 407 1530 Noor 2828.710316

0 159 27.66 27.88 0.053038 2021-06-23 16:26:41.785576 462 2535 Carlo 2874.694098
1 504 143.61 27.77 0.020816 2021-06-23 16:26:41.806392 526 1430 Florian 2874.714914
2 60 17.43 27.34 0.002329 2021-06-23 16:26:41.808721 411 1556 Noor 2874.717243

