# layer adc volt temp timediff time detector_muon_count detector_count detector_name
0 63 17.91 27.67 1.438314 2021-06-23 16:22:16.626978 410 2300 Carlo 2609.5355
0 177 30.25 27.56 0.402808 2021-06-23 16:22:17.029786 410 2301 Carlo 2609.938308
2 284 49.41 27.34 0.021098 2021-06-23 16:22:17.050884 364 1416 Noor 2609.959406
0 48 15.29 27.67 1.058211 2021-06-23 16:22:18.109095 411 2302 Carlo 2611.017617
2 51 15.86 27.34 0.473866 2021-06-23 16:22:18.582961 365 1417 Noor 2611.491483
0 224 38.29 27.88 2.026642 2021-06-23 16:22:20.609603 411 2303 Carlo 2613.518125
0 102 22.15 27.77 0.242111 2021-06-23 16:22:20.851714 411 2304 Carlo 2613.760236
2 103 22.23 27.34 0.237817 2021-06-23 16:22:21.089531 365 1418 Noor 2613.998053
0 352 66.89 27.77 1.406068 2021-06-23 16:22:22.495599 411 2305 Carlo 2615.404121
1 56 16.76 27.77 0.025957 2021-06-23 16:22:22.521556 478 1287 Florian 2615.430078
0 69 18.79 27.67 3.717489 2021-06-23 16:22:26.239045 412 2306 Carlo 2619.147567
2 671 277.06 27.34 0.049874 2021-06-23 16:22:26.288919 365 1419 Noor 2619.197441
2 99 21.91 27.34 0.742757 2021-06-23 16:22:27.031676 366 1420 Noor 2619.940198
2 48 15.29 27.34 0.736853 2021-06-23 16:22:27.768529 366 1421 Noor 2620.677051
0 156 27.28 27.77 0.017785 2021-06-23 16:22:27.786314 413 2307 Carlo 2620.694836
1 263 45.37 27.67 0.003088 2021-06-23 16:22:27.789402 479 1288 Florian 2620.697924
0 384 80.08 27.67 1.299493 2021-06-23 16:22:29.088895 414 2308 Carlo 2621.997417
2 73 19.32 27.34 0.078002 2021-06-23 16:22:29.166897 367 1422 Noor 2622.075419
2 112 22.94 27.24 0.353104 2021-06-23 16:22:29.520001 367 1423 Noor 2622.428523
0 135 24.92 27.67 0.228101 2021-06-23 16:22:29.748102 414 2309 Carlo 2622.656624
2 103 22.23 27.34 0.946931 2021-06-23 16:22:30.695033 367 1424 Noor 2623.603555
0 224 38.29 27.56 0.018981 2021-06-23 16:22:30.714014 414 2310 Carlo 2623.622536
1 77 19.81 27.67 0.002228 2021-06-23 16:22:30.716242 480 1289 Florian 2623.624764
1 131 24.54 27.67 0.509989 2021-06-23 16:22:31.226231 481 1290 Florian 2624.134753
0 216 36.85 27.67 0.252897 2021-06-23 16:22:31.479128 415 2311 Carlo 2624.38765
1 355 68.30 27.88 1.43101 2021-06-23 16:22:32.910138 481 1291 Florian 2625.81866
2 63 17.91 27.34 0.133417 2021-06-23 16:22:33.043555 368 1425 Noor 2625.952077
2 62 17.75 27.45 0.509441 2021-06-23 16:22:33.552996 368 1426 Noor 2626.461518
1 207 35.26 27.88 0.104054 2021-06-23 16:22:33.657050 481 1292 Florian 2626.565572
2 140 25.42 27.34 1.898931 2021-06-23 16:22:35.555981 368 1427 Noor 2628.464503
1 134 24.82 27.67 0.033843 2021-06-23 16:22:35.589824 481 1293 Florian 2628.498346
2 96 21.67 27.34 0.000177 2021-06-23 16:22:35.590001 369 1428 Noor 2628.498523
0 163 28.20 27.67 0.033945 2021-06-23 16:22:35.623946 415 2312 Carlo 2628.532468
1 295 51.75 27.67 0.001037 2021-06-23 16:22:35.624983 482 1294 Florian 2628.533505
2 76 19.69 27.34 0.363562 2021-06-23 16:22:35.988545 369 1429 Noor 2628.897067
2 56 16.76 27.34 0.891544 2021-06-23 16:22:36.880089 369 1430 Noor 2629.788611
1 263 45.37 27.88 1.099095 2021-06-23 16:22:37.979184 482 1295 Florian 2630.887706
0 126 24.09 27.56 0.647347 2021-06-23 16:22:38.626531 416 2313 Carlo 2631.535053
1 115 23.18 27.67 2.266894 2021-06-23 16:22:40.893425 482 1296 Florian 2633.801947
0 71 19.06 27.67 0.028591 2021-06-23 16:22:40.922016 416 2314 Carlo 2633.830538
0 376 76.43 27.67 0.3808 2021-06-23 16:22:41.302816 417 2315 Carlo 2634.211338
1 66 18.36 27.99 0.351106 2021-06-23 16:22:41.653922 483 1297 Florian 2634.562444
0 76 19.69 27.67 0.424262 2021-06-23 16:22:42.078184 417 2316 Carlo 2634.986706
1 198 33.69 27.88 0.760002 2021-06-23 16:22:42.838186 483 1298 Florian 2635.746708
1 71 19.06 27.88 1.012868 2021-06-23 16:22:43.851054 483 1299 Florian 2636.759576
1 73 19.32 27.88 1.977497 2021-06-23 16:22:45.828551 483 1300 Florian 2638.737073
0 472 125.87 27.67 1.166309 2021-06-23 16:22:46.994860 417 2317 Carlo 2639.903382
0 67 18.51 27.56 0.442136 2021-06-23 16:22:47.436996 417 2318 Carlo 2640.345518
2 472 125.87 27.34 0.338844 2021-06-23 16:22:47.775840 369 1431 Noor 2640.684362
0 71 19.06 27.67 0.433498 2021-06-23 16:22:48.209338 417 2319 Carlo 2641.11786
2 79 20.03 27.34 0.858295 2021-06-23 16:22:49.067633 369 1432 Noor 2641.976155
2 284 49.41 27.34 0.129025 2021-06-23 16:22:49.196658 369 1433 Noor 2642.10518
0 217 37.04 27.56 0.018975 2021-06-23 16:22:49.215633 417 2320 Carlo 2642.124155
1 135 24.92 27.77 0.007913 2021-06-23 16:22:49.223546 483 1301 Florian 2642.132068
2 195 33.17 27.34 1.196433 2021-06-23 16:22:50.419979 370 1434 Noor 2643.328501
1 271 46.93 27.67 0.590226 2021-06-23 16:22:51.010205 484 1302 Florian 2643.918727
0 60 17.43 27.67 0.576421 2021-06-23 16:22:51.586626 418 2321 Carlo 2644.495148
1 263 45.37 27.88 1.853611 2021-06-23 16:22:53.440237 484 1303 Florian 2646.348759
0 127 24.18 27.88 0.637475 2021-06-23 16:22:54.077712 418 2322 Carlo 2646.986234
1 207 35.26 27.67 0.094312 2021-06-23 16:22:54.172024 484 1304 Florian 2647.080546
1 62 17.75 27.88 0.033783 2021-06-23 16:22:54.205807 484 1305 Florian 2647.114329
2 161 27.93 27.34 0.739199 2021-06-23 16:22:54.945006 370 1435 Noor 2647.853528
2 50 15.67 27.34 1.367583 2021-06-23 16:22:56.312589 370 1436 Noor 2649.221111
1 81 20.25 27.67 1.019077 2021-06-23 16:22:57.331666 484 1306 Florian 2650.240188
0 96 21.67 27.56 0.654094 2021-06-23 16:22:57.985760 418 2323 Carlo 2650.894282
0 184 31.36 27.67 0.137819 2021-06-23 16:22:58.123579 418 2324 Carlo 2651.032101
0 105 22.39 27.56 0.03347 2021-06-23 16:22:58.157049 418 2325 Carlo 2651.065571
0 57 16.93 27.67 0.325743 2021-06-23 16:22:58.482792 418 2326 Carlo 2651.391314
2 88 20.96 27.34 0.04713 2021-06-23 16:22:58.529922 370 1437 Noor 2651.438444
0 387 81.05 27.45 0.128465 2021-06-23 16:22:58.658387 419 2327 Carlo 2651.566909
0 441 109.77 27.67 0.430973 2021-06-23 16:22:59.089360 419 2328 Carlo 2651.997882
0 63 17.91 27.56 0.741617 2021-06-23 16:22:59.830977 419 2329 Carlo 2652.739499
2 236 40.44 27.34 0.045577 2021-06-23 16:22:59.876554 371 1438 Noor 2652.785076
0 92 21.32 27.77 0.10478 2021-06-23 16:22:59.981334 420 2330 Carlo 2652.889856
2 67 18.51 27.34 0.220166 2021-06-23 16:23:00.201500 372 1439 Noor 2653.110022
2 184 31.36 27.34 0.334382 2021-06-23 16:23:00.535882 372 1440 Noor 2653.444404
1 124 23.92 27.88 0.018928 2021-06-23 16:23:00.554810 484 1307 Florian 2653.463332
0 60 17.43 27.67 0.184135 2021-06-23 16:23:00.738945 420 2331 Carlo 2653.647467
1 440 109.25 27.67 1.145036 2021-06-23 16:23:01.883981 485 1308 Florian 2654.792503
0 231 39.55 27.67 0.152251 2021-06-23 16:23:02.036232 420 2332 Carlo 2654.944754
1 88 20.96 27.88 0.285897 2021-06-23 16:23:02.322129 485 1309 Florian 2655.230651
1 113 23.02 27.67 0.149067 2021-06-23 16:23:02.471196 485 1310 Florian 2655.379718
0 97 21.75 27.56 0.888883 2021-06-23 16:23:03.360079 420 2333 Carlo 2656.268601
0 568 189.84 27.56 0.033435 2021-06-23 16:23:03.393514 420 2334 Carlo 2656.302036
1 71 19.06 27.67 0.64088 2021-06-23 16:23:04.034394 485 1311 Florian 2656.942916
0 176 30.09 27.45 3.184347 2021-06-23 16:23:07.218741 420 2335 Carlo 2660.127263
1 455 117.03 27.67 0.552044 2021-06-23 16:23:07.770785 485 1312 Florian 2660.679307
0 620 217.12 27.67 0.971423 2021-06-23 16:23:08.742208 420 2336 Carlo 2661.65073
0 50 15.67 27.77 0.442051 2021-06-23 16:23:09.184259 420 2337 Carlo 2662.092781
0 115 23.18 27.67 0.152582 2021-06-23 16:23:09.336841 420 2338 Carlo 2662.245363
1 51 15.86 27.67 0.097917 2021-06-23 16:23:09.434758 485 1313 Florian 2662.34328
0 83 20.46 27.67 0.656846 2021-06-23 16:23:10.091604 420 2339 Carlo 2663.000126
2 96 21.67 27.34 1.143348 2021-06-23 16:23:11.234952 373 1441 Noor 2664.143474
1 71 19.06 27.67 0.017962 2021-06-23 16:23:11.252914 485 1314 Florian 2664.161436
0 146 26.08 27.67 1.102697 2021-06-23 16:23:12.355611 420 2340 Carlo 2665.264133
2 51 15.86 27.34 0.193285 2021-06-23 16:23:12.548896 374 1442 Noor 2665.457418
0 89 21.05 27.88 0.104282 2021-06-23 16:23:12.653178 420 2341 Carlo 2665.5617
0 156 27.28 27.67 1.101148 2021-06-23 16:23:13.754326 420 2342 Carlo 2666.662848
0 113 23.02 27.67 0.376207 2021-06-23 16:23:14.130533 420 2343 Carlo 2667.039055
0 319 57.64 27.56 0.033659 2021-06-23 16:23:14.164192 420 2344 Carlo 2667.072714
2 339 62.98 27.34 1.147899 2021-06-23 16:23:15.312091 374 1443 Noor 2668.220613
1 204 34.73 27.67 0.934339 2021-06-23 16:23:16.246430 486 1315 Florian 2669.154952
2 115 23.18 27.34 1.430733 2021-06-23 16:23:17.677163 374 1444 Noor 2670.585685
0 67 18.51 27.67 0.380554 2021-06-23 16:23:18.057717 420 2345 Carlo 2670.966239
2 71 19.06 27.34 0.020195 2021-06-23 16:23:18.077912 374 1445 Noor 2670.986434
0 49 15.48 27.67 0.32808 2021-06-23 16:23:18.405992 421 2346 Carlo 2671.314514
0 224 38.29 27.67 0.05744 2021-06-23 16:23:18.463432 421 2347 Carlo 2671.371954
0 83 20.46 27.67 0.384285 2021-06-23 16:23:18.847717 421 2348 Carlo 2671.756239
0 63 17.91 27.67 0.672571 2021-06-23 16:23:19.520288 421 2349 Carlo 2672.42881
0 224 38.29 27.56 0.595731 2021-06-23 16:23:20.116019 421 2350 Carlo 2673.024541
0 97 21.75 27.88 0.15614 2021-06-23 16:23:20.272159 421 2351 Carlo 2673.180681
0 249 42.85 27.67 0.2086 2021-06-23 16:23:20.480759 421 2352 Carlo 2673.389281
2 428 101.58 27.34 0.276347 2021-06-23 16:23:20.757106 375 1446 Noor 2673.665628
0 73 19.32 27.56 0.210962 2021-06-23 16:23:20.968068 421 2353 Carlo 2673.87659
1 120 23.58 27.67 0.776889 2021-06-23 16:23:21.744957 486 1316 Florian 2674.653479
2 153 26.90 27.34 1.546334 2021-06-23 16:23:23.291291 375 1447 Noor 2676.199813
0 423 97.36 27.67 0.221759 2021-06-23 16:23:23.513050 421 2354 Carlo 2676.421572
0 57 16.93 27.67 1.300293 2021-06-23 16:23:24.813343 421 2355 Carlo 2677.721865
0 203 34.56 27.77 0.462038 2021-06-23 16:23:25.275381 421 2356 Carlo 2678.183903
1 83 20.46 27.67 0.020832 2021-06-23 16:23:25.296213 486 1317 Florian 2678.204735
2 89 21.05 27.34 0.823128 2021-06-23 16:23:26.119341 375 1448 Noor 2679.027863
0 170 29.19 27.67 0.017776 2021-06-23 16:23:26.137117 422 2357 Carlo 2679.045639
1 83 20.46 27.67 0.003185 2021-06-23 16:23:26.140302 487 1318 Florian 2679.048824
0 115 23.18 27.67 0.220739 2021-06-23 16:23:26.361041 423 2358 Carlo 2679.269563
2 60 17.43 27.34 0.761281 2021-06-23 16:23:27.122322 376 1449 Noor 2680.030844
0 319 57.64 27.67 0.017641 2021-06-23 16:23:27.139963 423 2359 Carlo 2680.048485
0 478 129.43 27.67 0.156734 2021-06-23 16:23:27.296697 424 2360 Carlo 2680.205219
0 313 56.02 27.67 0.285047 2021-06-23 16:23:27.581744 424 2361 Carlo 2680.490266
0 79 20.03 27.67 0.169519 2021-06-23 16:23:27.751263 424 2362 Carlo 2680.659785
0 63 17.91 27.67 0.345409 2021-06-23 16:23:28.096672 424 2363 Carlo 2681.005194
1 74 19.44 27.77 0.245726 2021-06-23 16:23:28.342398 488 1319 Florian 2681.25092
0 114 23.10 27.56 0.50819 2021-06-23 16:23:28.850588 424 2364 Carlo 2681.75911
0 48 15.29 27.67 0.146408 2021-06-23 16:23:28.996996 424 2365 Carlo 2681.905518
0 63 17.91 27.56 0.149925 2021-06-23 16:23:29.146921 424 2366 Carlo 2682.055443
2 335 61.77 27.34 0.290666 2021-06-23 16:23:29.437587 377 1450 Noor 2682.346109
0 135 24.92 27.67 0.352561 2021-06-23 16:23:29.790148 424 2367 Carlo 2682.69867
2 63 17.91 27.34 0.454147 2021-06-23 16:23:30.244295 377 1451 Noor 2683.152817
2 99 21.91 27.34 0.859451 2021-06-23 16:23:31.103746 377 1452 Noor 2684.012268
2 78 19.92 27.34 0.494852 2021-06-23 16:23:31.598598 377 1453 Noor 2684.50712
0 88 20.96 27.77 0.369778 2021-06-23 16:23:31.968376 424 2368 Carlo 2684.876898
1 153 26.90 27.77 0.019802 2021-06-23 16:23:31.988178 488 1320 Florian 2684.8967
1 537 162.17 27.67 0.413195 2021-06-23 16:23:32.401373 489 1321 Florian 2685.309895
0 69 18.79 27.67 0.561752 2021-06-23 16:23:32.963125 425 2369 Carlo 2685.871647
0 66 18.36 27.56 0.808587 2021-06-23 16:23:33.771712 425 2370 Carlo 2686.680234
2 494 141.37 27.34 0.465919 2021-06-23 16:23:34.237631 377 1454 Noor 2687.146153
0 92 21.32 27.67 0.019772 2021-06-23 16:23:34.257403 425 2371 Carlo 2687.165925
0 49 15.48 27.67 0.069104 2021-06-23 16:23:34.326507 426 2372 Carlo 2687.235029
0 496 144.49 27.67 0.247612 2021-06-23 16:23:34.574119 426 2373 Carlo 2687.482641
0 97 21.75 27.67 0.408233 2021-06-23 16:23:34.982352 426 2374 Carlo 2687.890874
0 92 21.32 27.77 0.549092 2021-06-23 16:23:35.531444 426 2375 Carlo 2688.439966
0 79 20.03 27.67 0.089988 2021-06-23 16:23:35.621432 426 2376 Carlo 2688.529954
1 73 19.32 27.67 0.019799 2021-06-23 16:23:35.641231 489 1322 Florian 2688.549753
1 89 21.05 27.88 0.159434 2021-06-23 16:23:35.800665 490 1323 Florian 2688.709187
0 271 46.93 27.77 0.420081 2021-06-23 16:23:36.220746 427 2377 Carlo 2689.129268
1 179 30.55 27.88 0.405347 2021-06-23 16:23:36.626093 490 1324 Florian 2689.534615
2 192 32.67 27.34 0.19795 2021-06-23 16:23:36.824043 378 1455 Noor 2689.732565
1 63 17.91 27.67 0.018642 2021-06-23 16:23:36.842685 490 1325 Florian 2689.751207
0 127 24.18 27.56 1.685642 2021-06-23 16:23:38.528327 427 2378 Carlo 2691.436849
1 63 17.91 27.67 0.049555 2021-06-23 16:23:38.577882 491 1326 Florian 2691.486404
1 188 32.01 27.67 0.430297 2021-06-23 16:23:39.008179 492 1327 Florian 2691.916701
2 71 19.06 27.34 0.021874 2021-06-23 16:23:39.030053 379 1456 Noor 2691.938575
0 163 28.20 27.67 0.000154 2021-06-23 16:23:39.030207 428 2379 Carlo 2691.938729
1 89 21.05 27.77 0.63235 2021-06-23 16:23:39.662557 493 1328 Florian 2692.571079
2 60 17.43 27.34 0.057645 2021-06-23 16:23:39.720202 380 1457 Noor 2692.628724
0 85 20.67 27.67 0.017969 2021-06-23 16:23:39.738171 429 2380 Carlo 2692.646693
2 94 21.50 27.34 0.270961 2021-06-23 16:23:40.009132 381 1458 Noor 2692.917654
1 82 20.36 27.67 0.38879 2021-06-23 16:23:40.397922 493 1329 Florian 2693.306444
0 179 30.55 27.77 0.294504 2021-06-23 16:23:40.692426 430 2381 Carlo 2693.600948
0 280 48.67 27.67 0.269623 2021-06-23 16:23:40.962049 430 2382 Carlo 2693.870571
0 124 23.92 27.67 2.077536 2021-06-23 16:23:43.039585 430 2383 Carlo 2695.948107
2 67 18.51 27.34 0.638733 2021-06-23 16:23:43.678318 381 1459 Noor 2696.58684
0 71 19.06 27.67 0.160041 2021-06-23 16:23:43.838359 430 2384 Carlo 2696.746881
0 142 25.64 27.88 0.076193 2021-06-23 16:23:43.914552 430 2385 Carlo 2696.823074
0 414 93.93 27.67 0.107999 2021-06-23 16:23:44.022551 430 2386 Carlo 2696.931073
2 56 16.76 27.34 0.081485 2021-06-23 16:23:44.104036 381 1460 Noor 2697.012558
0 71 19.06 27.56 0.114273 2021-06-23 16:23:44.218309 430 2387 Carlo 2697.126831
1 69 18.79 27.67 1.507124 2021-06-23 16:23:45.725433 493 1330 Florian 2698.633955
2 199 33.86 27.34 0.2107 2021-06-23 16:23:45.936133 381 1461 Noor 2698.844655
0 167 28.76 27.67 0.21926 2021-06-23 16:23:46.155393 430 2388 Carlo 2699.063915
1 76 19.69 27.99 0.020742 2021-06-23 16:23:46.176135 493 1331 Florian 2699.084657
0 88 20.96 27.67 0.212661 2021-06-23 16:23:46.388796 431 2389 Carlo 2699.297318
0 127 24.18 27.56 0.279573 2021-06-23 16:23:46.668369 431 2390 Carlo 2699.576891
0 51 15.86 27.67 0.158263 2021-06-23 16:23:46.826632 431 2391 Carlo 2699.735154
2 460 119.54 27.34 0.053207 2021-06-23 16:23:46.879839 381 1462 Noor 2699.788361
0 115 23.18 27.67 0.031363 2021-06-23 16:23:46.911202 431 2392 Carlo 2699.819724
1 159 27.66 27.67 0.347238 2021-06-23 16:23:47.258440 494 1332 Florian 2700.166962
0 147 26.19 27.88 0.164274 2021-06-23 16:23:47.422714 432 2393 Carlo 2700.331236
1 79 20.03 27.88 1.296793 2021-06-23 16:23:48.719507 494 1333 Florian 2701.628029
0 195 33.17 27.67 0.260413 2021-06-23 16:23:48.979920 432 2394 Carlo 2701.888442
1 231 39.55 27.67 0.020814 2021-06-23 16:23:49.000734 494 1334 Florian 2701.909256
0 153 26.90 27.77 1.064188 2021-06-23 16:23:50.064922 433 2395 Carlo 2702.973444
2 62 17.75 27.34 0.675708 2021-06-23 16:23:50.740630 382 1463 Noor 2703.649152
1 134 24.82 27.67 0.477282 2021-06-23 16:23:51.217912 495 1335 Florian 2704.126434
2 217 37.04 27.34 0.395642 2021-06-23 16:23:51.613554 382 1464 Noor 2704.522076
1 255 43.96 27.67 1.478782 2021-06-23 16:23:53.092336 495 1336 Florian 2706.000858
1 334 61.44 27.67 0.075173 2021-06-23 16:23:53.167509 495 1337 Florian 2706.076031
1 56 16.76 27.67 0.121847 2021-06-23 16:23:53.289356 495 1338 Florian 2706.197878
0 166 28.62 27.56 1.068635 2021-06-23 16:23:54.357991 433 2396 Carlo 2707.266513
2 49 15.48 27.34 0.146264 2021-06-23 16:23:54.504255 382 1465 Noor 2707.412777
0 60 17.43 27.67 0.519294 2021-06-23 16:23:55.023549 433 2397 Carlo 2707.932071
0 51 15.86 27.67 0.082808 2021-06-23 16:23:55.106357 433 2398 Carlo 2708.014879
2 543 164.77 27.34 0.604415 2021-06-23 16:23:55.710772 382 1466 Noor 2708.619294
1 195 33.17 27.67 0.095397 2021-06-23 16:23:55.806169 495 1339 Florian 2708.714691
2 268 46.26 27.34 1.366073 2021-06-23 16:23:57.172242 382 1467 Noor 2710.080764
1 204 34.73 27.67 0.15803 2021-06-23 16:23:57.330272 495 1340 Florian 2710.238794
1 179 30.55 27.67 1.714169 2021-06-23 16:23:59.044441 495 1341 Florian 2711.952963
0 156 27.28 27.67 0.903891 2021-06-23 16:23:59.948332 433 2399 Carlo 2712.856854
0 99 21.91 27.67 0.993627 2021-06-23 16:24:00.941959 433 2400 Carlo 2713.850481
2 243 41.74 27.34 1.096591 2021-06-23 16:24:02.038550 382 1468 Noor 2714.947072
0 300 52.79 27.67 1.157566 2021-06-23 16:24:03.196116 433 2401 Carlo 2716.104638
2 51 15.86 27.34 0.543598 2021-06-23 16:24:03.739714 382 1469 Noor 2716.648236
1 297 52.13 27.67 0.024621 2021-06-23 16:24:03.764335 495 1342 Florian 2716.672857
0 204 34.73 27.67 0.130696 2021-06-23 16:24:03.895031 433 2402 Carlo 2716.803553
2 71 19.06 27.34 0.020901 2021-06-23 16:24:03.915932 383 1470 Noor 2716.824454
0 71 19.06 27.67 0.109325 2021-06-23 16:24:04.025257 434 2403 Carlo 2716.933779
1 281 48.90 27.77 0.163976 2021-06-23 16:24:04.189233 496 1343 Florian 2717.097755
0 81 20.25 27.67 0.136516 2021-06-23 16:24:04.325749 434 2404 Carlo 2717.234271
0 60 17.43 27.67 0.653588 2021-06-23 16:24:04.979337 434 2405 Carlo 2717.887859
2 106 22.47 27.34 1.271186 2021-06-23 16:24:06.250523 384 1471 Noor 2719.159045
0 376 76.43 27.56 1.686525 2021-06-23 16:24:07.937048 434 2406 Carlo 2720.84557
2 88 20.96 27.34 0.295201 2021-06-23 16:24:08.232249 384 1472 Noor 2721.140771
0 229 39.22 27.67 0.921932 2021-06-23 16:24:09.154181 434 2407 Carlo 2722.062703
2 140 25.42 27.34 0.039187 2021-06-23 16:24:09.193368 384 1473 Noor 2722.10189
1 89 21.05 27.88 0.219712 2021-06-23 16:24:09.413080 496 1344 Florian 2722.321602
0 71 19.06 27.77 0.693054 2021-06-23 16:24:10.106134 435 2408 Carlo 2723.014656
0 56 16.76 27.67 0.124548 2021-06-23 16:24:10.230682 435 2409 Carlo 2723.139204
1 88 20.96 27.67 0.586175 2021-06-23 16:24:10.816857 496 1345 Florian 2723.725379
0 230 39.39 27.67 0.420209 2021-06-23 16:24:11.237066 435 2410 Carlo 2724.145588
1 97 21.75 27.67 0.076847 2021-06-23 16:24:11.313913 496 1346 Florian 2724.222435
0 217 37.04 27.56 0.093244 2021-06-23 16:24:11.407157 435 2411 Carlo 2724.315679
1 147 26.19 27.67 0.086203 2021-06-23 16:24:11.493360 496 1347 Florian 2724.401882
2 94 21.50 27.34 0.062905 2021-06-23 16:24:11.556265 385 1474 Noor 2724.464787
0 198 33.69 27.67 0.017822 2021-06-23 16:24:11.574087 435 2412 Carlo 2724.482609
1 53 16.22 27.77 0.003034 2021-06-23 16:24:11.577121 496 1348 Florian 2724.485643
0 88 20.96 27.67 2.340392 2021-06-23 16:24:13.917513 436 2413 Carlo 2726.826035
0 135 24.92 27.67 0.422199 2021-06-23 16:24:14.339712 436 2414 Carlo 2727.248234
0 67 18.51 27.67 0.732434 2021-06-23 16:24:15.072146 436 2415 Carlo 2727.980668
2 99 21.91 27.34 0.558145 2021-06-23 16:24:15.630291 386 1475 Noor 2728.538813
1 56 16.76 27.88 0.611616 2021-06-23 16:24:16.241907 497 1349 Florian 2729.150429
0 268 46.26 27.77 0.394093 2021-06-23 16:24:16.636000 436 2416 Carlo 2729.544522
0 63 17.91 27.67 0.033384 2021-06-23 16:24:16.669384 436 2417 Carlo 2729.577906
0 60 17.43 27.67 0.57649 2021-06-23 16:24:17.245874 436 2418 Carlo 2730.154396
0 639 249.88 27.67 0.340536 2021-06-23 16:24:17.586410 436 2419 Carlo 2730.494932
2 99 21.91 27.34 0.439875 2021-06-23 16:24:18.026285 386 1476 Noor 2730.934807
2 152 26.78 27.34 0.187311 2021-06-23 16:24:18.213596 386 1477 Noor 2731.122118
0 157 27.40 27.56 0.04096 2021-06-23 16:24:18.254556 436 2420 Carlo 2731.163078
1 120 23.58 27.67 0.020851 2021-06-23 16:24:18.275407 497 1350 Florian 2731.183929
1 409 91.12 27.67 0.699844 2021-06-23 16:24:18.975251 498 1351 Florian 2731.883773
0 179 30.55 27.67 0.057123 2021-06-23 16:24:19.032374 437 2421 Carlo 2731.940896
0 108 22.63 27.67 0.068241 2021-06-23 16:24:19.100615 437 2422 Carlo 2732.009137
1 195 33.17 27.67 0.020901 2021-06-23 16:24:19.121516 498 1352 Florian 2732.030038
0 304 53.73 27.77 0.798561 2021-06-23 16:24:19.920077 438 2423 Carlo 2732.828599
1 96 21.67 27.88 0.715133 2021-06-23 16:24:20.635210 499 1353 Florian 2733.543732
1 345 64.98 27.67 0.325888 2021-06-23 16:24:20.961098 499 1354 Florian 2733.86962
0 63 17.91 27.77 0.087785 2021-06-23 16:24:21.048883 438 2424 Carlo 2733.957405
1 83 20.46 27.88 0.187719 2021-06-23 16:24:21.236602 499 1355 Florian 2734.145124
2 120 23.58 27.34 0.020829 2021-06-23 16:24:21.257431 387 1478 Noor 2734.165953
1 536 160.18 27.67 0.980435 2021-06-23 16:24:22.237866 500 1356 Florian 2735.146388
0 300 52.79 27.67 0.748207 2021-06-23 16:24:22.986073 438 2425 Carlo 2735.894595
0 78 19.92 27.88 3.090357 2021-06-23 16:24:26.076430 438 2426 Carlo 2738.984952
1 60 17.43 27.67 0.019877 2021-06-23 16:24:26.096307 500 1357 Florian 2739.004829
2 88 20.96 27.34 0.217931 2021-06-23 16:24:26.314238 388 1479 Noor 2739.22276
0 103 22.23 27.67 0.01769 2021-06-23 16:24:26.331928 439 2427 Carlo 2739.24045
1 384 80.08 27.67 0.003041 2021-06-23 16:24:26.334969 501 1358 Florian 2739.243491
1 60 17.43 27.67 0.189724 2021-06-23 16:24:26.524693 502 1359 Florian 2739.433215
0 49 15.48 27.56 1.029389 2021-06-23 16:24:27.554082 440 2428 Carlo 2740.462604
0 384 80.08 27.67 0.194397 2021-06-23 16:24:27.748479 440 2429 Carlo 2740.657001
0 85 20.67 27.67 0.915852 2021-06-23 16:24:28.664331 440 2430 Carlo 2741.572853
2 49 15.48 27.34 0.48935 2021-06-23 16:24:29.153681 389 1480 Noor 2742.062203
1 96 21.67 27.67 1.047124 2021-06-23 16:24:30.200805 502 1360 Florian 2743.109327
0 176 30.09 27.67 0.512403 2021-06-23 16:24:30.713208 440 2431 Carlo 2743.62173
2 284 49.41 27.34 0.908202 2021-06-23 16:24:31.621410 389 1481 Noor 2744.529932
1 88 20.96 27.67 0.018711 2021-06-23 16:24:31.640121 502 1361 Florian 2744.548643
0 88 20.96 27.67 0.146516 2021-06-23 16:24:31.786637 440 2432 Carlo 2744.695159
1 504 143.61 27.88 0.565492 2021-06-23 16:24:32.352129 503 1362 Florian 2745.260651
1 316 56.81 27.67 1.038595 2021-06-23 16:24:33.390724 503 1363 Florian 2746.299246
0 83 20.46 27.67 0.540554 2021-06-23 16:24:33.931278 440 2433 Carlo 2746.8398
1 159 27.66 27.67 1.399112 2021-06-23 16:24:35.330390 503 1364 Florian 2748.238912
2 355 68.30 27.34 1.226875 2021-06-23 16:24:36.557265 390 1482 Noor 2749.465787
0 61 17.60 27.67 0.085145 2021-06-23 16:24:36.642410 440 2434 Carlo 2749.550932
0 96 21.67 27.67 0.033394 2021-06-23 16:24:36.675804 440 2435 Carlo 2749.584326
1 444 109.09 27.67 0.774702 2021-06-23 16:24:37.450506 503 1365 Florian 2750.359028
1 82 20.36 27.67 0.280807 2021-06-23 16:24:37.731313 503 1366 Florian 2750.639835
2 209 35.61 27.34 0.835692 2021-06-23 16:24:38.567005 390 1483 Noor 2751.475527
0 57 16.93 27.77 1.669233 2021-06-23 16:24:40.236238 440 2436 Carlo 2753.14476
2 63 17.91 27.34 0.093425 2021-06-23 16:24:40.329663 390 1484 Noor 2753.238185
0 81 20.25 27.67 0.281332 2021-06-23 16:24:40.610995 440 2437 Carlo 2753.519517
1 94 21.50 27.88 0.37134 2021-06-23 16:24:40.982335 503 1367 Florian 2753.890857
1 56 16.76 27.67 0.033467 2021-06-23 16:24:41.015802 503 1368 Florian 2753.924324
0 63 17.91 27.67 0.36074 2021-06-23 16:24:41.376542 440 2438 Carlo 2754.285064
0 497 142.37 27.56 0.357492 2021-06-23 16:24:41.734034 440 2439 Carlo 2754.642556
0 51 15.86 27.67 0.600842 2021-06-23 16:24:42.334876 440 2440 Carlo 2755.243398
2 432 101.61 27.34 0.687355 2021-06-23 16:24:43.022231 390 1485 Noor 2755.930753
1 339 62.98 27.88 0.019685 2021-06-23 16:24:43.041916 503 1369 Florian 2755.950438
1 121 23.66 27.88 0.149368 2021-06-23 16:24:43.191284 504 1370 Florian 2756.099806
0 62 17.75 27.67 1.390937 2021-06-23 16:24:44.582221 440 2441 Carlo 2757.490743
2 419 97.20 27.34 0.645367 2021-06-23 16:24:45.227588 391 1486 Noor 2758.13611
0 71 19.06 27.67 0.039804 2021-06-23 16:24:45.267392 440 2442 Carlo 2758.175914
2 428 101.58 27.34 0.971276 2021-06-23 16:24:46.238668 392 1487 Noor 2759.14719
0 77 19.81 27.67 0.409416 2021-06-23 16:24:46.648084 441 2443 Carlo 2759.556606
2 103 22.23 27.34 0.163796 2021-06-23 16:24:46.811880 392 1488 Noor 2759.720402
1 81 20.25 27.88 0.018647 2021-06-23 16:24:46.830527 504 1371 Florian 2759.739049
1 60 17.43 27.88 0.458574 2021-06-23 16:24:47.289101 505 1372 Florian 2760.197623
0 127 24.18 27.67 0.113684 2021-06-23 16:24:47.402785 441 2444 Carlo 2760.311307
0 156 27.28 27.67 1.09363 2021-06-23 16:24:48.496415 441 2445 Carlo 2761.404937
1 513 148.53 27.77 0.020724 2021-06-23 16:24:48.517139 505 1373 Florian 2761.425661
2 56 16.76 27.13 0.00227 2021-06-23 16:24:48.519409 393 1489 Noor 2761.427931
0 48 15.29 27.67 0.171505 2021-06-23 16:24:48.690914 442 2446 Carlo 2761.599436
1 224 38.29 27.88 0.069753 2021-06-23 16:24:48.760667 506 1374 Florian 2761.669189
2 108 22.63 27.34 0.205444 2021-06-23 16:24:48.966111 394 1490 Noor 2761.874633
2 56 16.76 27.34 1.643287 2021-06-23 16:24:50.609398 394 1491 Noor 2763.51792
0 167 28.76 27.56 2.540974 2021-06-23 16:24:53.150372 442 2447 Carlo 2766.058894
1 49 15.48 27.67 0.020824 2021-06-23 16:24:53.171196 506 1375 Florian 2766.079718
1 152 26.78 27.67 1.252168 2021-06-23 16:24:54.423364 507 1376 Florian 2767.331886
2 63 17.91 27.34 0.352025 2021-06-23 16:24:54.775389 394 1492 Noor 2767.683911
2 88 20.96 27.34 0.448482 2021-06-23 16:24:55.223871 394 1493 Noor 2768.132393
0 188 32.01 27.67 0.318843 2021-06-23 16:24:55.542714 443 2448 Carlo 2768.451236
1 79 20.03 27.67 0.020796 2021-06-23 16:24:55.563510 507 1377 Florian 2768.472032
1 135 24.92 27.67 0.124916 2021-06-23 16:24:55.688426 508 1378 Florian 2768.596948
0 199 33.86 27.67 0.342197 2021-06-23 16:24:56.030623 444 2449 Carlo 2768.939145
0 127 24.18 27.67 0.324077 2021-06-23 16:24:56.354700 444 2450 Carlo 2769.263222
0 60 17.43 27.67 0.835883 2021-06-23 16:24:57.190583 444 2451 Carlo 2770.099105
0 120 23.58 27.88 0.948583 2021-06-23 16:24:58.139166 444 2452 Carlo 2771.047688
2 167 28.76 27.34 0.982338 2021-06-23 16:24:59.121504 394 1494 Noor 2772.030026
1 131 24.54 27.77 0.018669 2021-06-23 16:24:59.140173 508 1379 Florian 2772.048695
1 88 20.96 27.67 0.015043 2021-06-23 16:24:59.155216 509 1380 Florian 2772.063738
0 71 19.06 27.56 0.053491 2021-06-23 16:24:59.208707 444 2453 Carlo 2772.117229
0 389 81.58 27.56 0.611868 2021-06-23 16:24:59.820575 444 2454 Carlo 2772.729097
2 391 82.35 27.34 0.630288 2021-06-23 16:25:00.450863 395 1495 Noor 2773.359385
2 56 16.76 27.34 1.492079 2021-06-23 16:25:01.942942 395 1496 Noor 2774.851464
0 280 48.67 27.67 0.239129 2021-06-23 16:25:02.182071 444 2455 Carlo 2775.090593
2 152 26.78 27.34 0.317682 2021-06-23 16:25:02.499753 395 1497 Noor 2775.408275
1 71 19.06 27.77 3.078066 2021-06-23 16:25:05.577819 509 1381 Florian 2778.486341
2 113 23.02 27.34 0.580883 2021-06-23 16:25:06.158702 395 1498 Noor 2779.067224
0 227 38.83 27.67 0.752126 2021-06-23 16:25:06.910828 444 2456 Carlo 2779.81935
0 51 15.86 27.67 0.689159 2021-06-23 16:25:07.599987 444 2457 Carlo 2780.508509
1 60 17.43 27.67 0.019724 2021-06-23 16:25:07.619711 509 1382 Florian 2780.528233
2 103 22.23 27.34 0.401439 2021-06-23 16:25:08.021150 395 1499 Noor 2780.929672
1 88 20.96 27.67 1.684719 2021-06-23 16:25:09.705869 510 1383 Florian 2782.614391
0 120 23.58 27.67 0.148796 2021-06-23 16:25:09.854665 445 2458 Carlo 2782.763187
1 195 33.17 27.67 1.722756 2021-06-23 16:25:11.577421 510 1384 Florian 2784.485943
2 92 21.32 27.34 0.188321 2021-06-23 16:25:11.765742 395 1500 Noor 2784.674264
0 448 112.41 27.67 1.629303 2021-06-23 16:25:13.395045 445 2459 Carlo 2786.303567
2 81 20.25 27.34 0.046366 2021-06-23 16:25:13.441411 395 1501 Noor 2786.349933
2 92 21.32 27.34 0.290503 2021-06-23 16:25:13.731914 396 1502 Noor 2786.640436
0 83 20.46 27.67 0.699308 2021-06-23 16:25:14.431222 446 2460 Carlo 2787.339744
2 51 15.86 27.34 0.407166 2021-06-23 16:25:14.838388 396 1503 Noor 2787.74691
2 79 20.03 27.34 0.167515 2021-06-23 16:25:15.005903 396 1504 Noor 2787.914425
2 67 18.51 27.34 0.688519 2021-06-23 16:25:15.694422 396 1505 Noor 2788.602944
0 51 15.86 27.67 0.777802 2021-06-23 16:25:16.472224 446 2461 Carlo 2789.380746
2 248 42.69 27.34 0.377809 2021-06-23 16:25:16.850033 396 1506 Noor 2789.758555
2 179 30.55 27.34 0.589152 2021-06-23 16:25:17.439185 396 1507 Noor 2790.347707
0 158 27.53 27.88 0.028893 2021-06-23 16:25:17.468078 446 2462 Carlo 2790.3766
0 83 20.46 27.77 0.652671 2021-06-23 16:25:18.120749 447 2463 Carlo 2791.029271
0 287 50.23 27.56 0.125954 2021-06-23 16:25:18.246703 447 2464 Carlo 2791.155225
2 103 22.23 27.34 0.891488 2021-06-23 16:25:19.138191 397 1508 Noor 2792.046713
2 227 38.83 27.34 0.576513 2021-06-23 16:25:19.714704 397 1509 Noor 2792.623226
0 177 30.25 27.67 0.327248 2021-06-23 16:25:20.041952 447 2465 Carlo 2792.950474
1 57 16.93 27.67 1.363714 2021-06-23 16:25:21.405666 510 1385 Florian 2794.314188
0 110 22.78 27.67 1.007915 2021-06-23 16:25:22.413581 447 2466 Carlo 2795.322103
1 384 80.08 27.88 0.473709 2021-06-23 16:25:22.887290 510 1386 Florian 2795.795812
0 225 38.48 27.67 0.828588 2021-06-23 16:25:23.715878 447 2467 Carlo 2796.6244
0 126 24.09 27.67 0.343474 2021-06-23 16:25:24.059352 447 2468 Carlo 2796.967874
0 227 38.83 27.56 0.633312 2021-06-23 16:25:24.692664 447 2469 Carlo 2797.601186
0 57 16.93 27.88 0.060687 2021-06-23 16:25:24.753351 447 2470 Carlo 2797.661873
1 80 20.14 27.67 0.033387 2021-06-23 16:25:24.786738 510 1387 Florian 2797.69526
0 345 64.98 27.56 0.000292 2021-06-23 16:25:24.787030 448 2471 Carlo 2797.695552
2 668 291.28 27.34 0.469474 2021-06-23 16:25:25.256504 397 1510 Noor 2798.165026
1 291 50.97 27.67 0.157357 2021-06-23 16:25:25.413861 511 1388 Florian 2798.322383
0 419 97.20 27.67 0.278767 2021-06-23 16:25:25.692628 448 2472 Carlo 2798.60115
0 408 90.57 27.77 0.749801 2021-06-23 16:25:26.442429 448 2473 Carlo 2799.350951
2 60 17.43 27.34 0.672792 2021-06-23 16:25:27.115221 397 1511 Noor 2800.023743
1 67 18.51 27.67 0.017797 2021-06-23 16:25:27.133018 511 1389 Florian 2800.04154
0 81 20.25 27.67 0.142287 2021-06-23 16:25:27.275305 448 2474 Carlo 2800.183827
0 184 31.36 27.88 0.502078 2021-06-23 16:25:27.777383 448 2475 Carlo 2800.685905
1 217 37.04 27.77 0.196836 2021-06-23 16:25:27.974219 512 1390 Florian 2800.882741
2 88 20.96 27.34 0.74994 2021-06-23 16:25:28.724159 398 1512 Noor 2801.632681
0 291 50.97 27.67 0.017669 2021-06-23 16:25:28.741828 448 2476 Carlo 2801.65035
1 433 104.37 27.88 0.003235 2021-06-23 16:25:28.745063 512 1391 Florian 2801.653585
1 359 69.86 27.67 2.581362 2021-06-23 16:25:31.326425 513 1392 Florian 2804.234947
2 81 20.25 27.34 0.022079 2021-06-23 16:25:31.348504 399 1513 Noor 2804.257026
0 492 134.92 27.67 0.000171 2021-06-23 16:25:31.348675 449 2477 Carlo 2804.257197
0 67 18.51 27.67 0.454355 2021-06-23 16:25:31.803030 450 2478 Carlo 2804.711552
1 174 29.79 27.67 0.328925 2021-06-23 16:25:32.131955 514 1393 Florian 2805.040477
0 384 80.08 27.77 0.546114 2021-06-23 16:25:32.678069 450 2479 Carlo 2805.586591
2 51 15.86 27.34 0.273511 2021-06-23 16:25:32.951580 400 1514 Noor 2805.860102
0 514 147.76 27.56 0.01764 2021-06-23 16:25:32.969220 450 2480 Carlo 2805.877742
1 76 19.69 27.67 0.012481 2021-06-23 16:25:32.981701 514 1394 Florian 2805.890223
1 51 15.86 27.67 0.487877 2021-06-23 16:25:33.469578 515 1395 Florian 2806.3781
2 271 46.93 27.34 0.176664 2021-06-23 16:25:33.646242 401 1515 Noor 2806.554764
2 82 20.36 27.34 0.242785 2021-06-23 16:25:33.889027 401 1516 Noor 2806.797549
2 103 22.23 27.34 0.109676 2021-06-23 16:25:33.998703 401 1517 Noor 2806.907225
0 108 22.63 27.77 0.018672 2021-06-23 16:25:34.017375 451 2481 Carlo 2806.925897
1 153 26.90 27.88 0.0021 2021-06-23 16:25:34.019475 515 1396 Florian 2806.927997
2 268 46.26 27.34 0.134106 2021-06-23 16:25:34.153581 402 1518 Noor 2807.062103
1 67 18.51 27.88 0.018695 2021-06-23 16:25:34.172276 516 1397 Florian 2807.080798
0 63 17.91 27.67 0.015051 2021-06-23 16:25:34.187327 452 2482 Carlo 2807.095849
1 57 16.93 27.67 0.491672 2021-06-23 16:25:34.678999 517 1398 Florian 2807.587521
1 88 20.96 27.67 1.672155 2021-06-23 16:25:36.351154 517 1399 Florian 2809.259676
0 61 17.60 27.67 1.15751 2021-06-23 16:25:37.508664 453 2483 Carlo 2810.417186
2 120 23.58 27.34 0.84908 2021-06-23 16:25:38.357744 403 1519 Noor 2811.266266
2 481 129.57 27.34 1.209961 2021-06-23 16:25:39.567705 403 1520 Noor 2812.476227
1 440 109.25 27.67 0.49568 2021-06-23 16:25:40.063385 517 1400 Florian 2812.971907
2 94 21.50 27.34 0.088721 2021-06-23 16:25:40.152106 403 1521 Noor 2813.060628
0 57 16.93 27.67 0.017683 2021-06-23 16:25:40.169789 453 2484 Carlo 2813.078311
1 63 17.91 27.67 0.002216 2021-06-23 16:25:40.172005 517 1401 Florian 2813.080527
0 415 95.00 27.67 0.230059 2021-06-23 16:25:40.402064 454 2485 Carlo 2813.310586
2 56 16.76 27.34 1.520927 2021-06-23 16:25:41.922991 404 1522 Noor 2814.831513
0 305 53.88 27.77 0.017669 2021-06-23 16:25:41.940660 454 2486 Carlo 2814.849182
2 326 59.13 27.34 0.889918 2021-06-23 16:25:42.830578 405 1523 Noor 2815.7391
0 56 16.76 27.56 0.118243 2021-06-23 16:25:42.948821 455 2487 Carlo 2815.857343
0 62 17.75 27.67 0.069608 2021-06-23 16:25:43.018429 455 2488 Carlo 2815.926951
1 57 16.93 27.67 1.202553 2021-06-23 16:25:44.220982 518 1402 Florian 2817.129504
1 62 17.75 27.67 0.263298 2021-06-23 16:25:44.484280 518 1403 Florian 2817.392802
2 69 18.79 27.34 0.18526 2021-06-23 16:25:44.669540 405 1524 Noor 2817.578062
1 79 20.03 27.99 0.035002 2021-06-23 16:25:44.704542 518 1404 Florian 2817.613064
0 323 58.48 27.67 0.020835 2021-06-23 16:25:44.725377 455 2489 Carlo 2817.633899
0 198 33.69 27.67 1.183033 2021-06-23 16:25:45.908410 456 2490 Carlo 2818.816932
2 135 24.92 27.34 0.141709 2021-06-23 16:25:46.050119 406 1525 Noor 2818.958641
1 345 64.98 27.67 0.070982 2021-06-23 16:25:46.121101 519 1405 Florian 2819.029623
0 51 15.86 27.67 0.772483 2021-06-23 16:25:46.893584 456 2491 Carlo 2819.802106
2 368 72.93 27.34 1.191433 2021-06-23 16:25:48.085017 406 1526 Noor 2820.993539
0 89 21.05 27.67 0.177133 2021-06-23 16:25:48.262150 456 2492 Carlo 2821.170672
2 103 22.23 27.34 0.252969 2021-06-23 16:25:48.515119 406 1527 Noor 2821.423641
0 99 21.91 27.67 0.72195 2021-06-23 16:25:49.237069 456 2493 Carlo 2822.145591
0 241 41.39 27.67 1.269681 2021-06-23 16:25:50.506750 456 2494 Carlo 2823.415272
0 67 18.51 27.67 1.657269 2021-06-23 16:25:52.164019 456 2495 Carlo 2825.072541
2 96 21.67 27.34 0.751222 2021-06-23 16:25:52.915241 406 1528 Noor 2825.823763
0 56 16.76 27.67 1.362929 2021-06-23 16:25:54.278170 456 2496 Carlo 2827.186692
2 184 31.36 27.34 0.501154 2021-06-23 16:25:54.779324 406 1529 Noor 2827.687846
2 512 144.44 27.34 1.02247 2021-06-23 16:25:55.801794 406 1530 Noor 2828.710316
0 368 72.93 27.77 0.019764 2021-06-23 16:25:55.821558 456 2497 Carlo 2828.73008
1 103 22.23 27.88 0.001913 2021-06-23 16:25:55.823471 519 1406 Florian 2828.731993
0 112 22.94 27.67 0.821874 2021-06-23 16:25:56.645345 457 2498 Carlo 2829.553867
0 184 31.36 27.67 0.726362 2021-06-23 16:25:57.371707 457 2499 Carlo 2830.280229
1 63 17.91 27.67 0.02071 2021-06-23 16:25:57.392417 520 1407 Florian 2830.300939
1 99 21.91 27.67 0.316358 2021-06-23 16:25:57.708775 521 1408 Florian 2830.617297
2 115 23.18 27.34 0.089262 2021-06-23 16:25:57.798037 407 1531 Noor 2830.706559
1 142 25.64 27.88 0.263827 2021-06-23 16:25:58.061864 521 1409 Florian 2830.970386
0 67 18.51 27.67 0.64092 2021-06-23 16:25:58.702784 458 2500 Carlo 2831.611306
1 291 50.97 27.67 0.666564 2021-06-23 16:25:59.369348 521 1410 Florian 2832.27787
0 60 17.43 27.67 0.910679 2021-06-23 16:26:00.280027 458 2501 Carlo 2833.188549
2 56 16.76 27.13 0.019781 2021-06-23 16:26:00.299808 407 1532 Noor 2833.20833
2 99 21.91 27.34 0.657147 2021-06-23 16:26:00.956955 408 1533 Noor 2833.865477
0 51 15.86 27.67 0.688209 2021-06-23 16:26:01.645164 459 2502 Carlo 2834.553686
1 415 95.00 27.67 0.058229 2021-06-23 16:26:01.703393 521 1411 Florian 2834.611915
0 295 51.75 27.88 1.149873 2021-06-23 16:26:02.853266 459 2503 Carlo 2835.761788
1 327 59.28 27.88 0.080513 2021-06-23 16:26:02.933779 521 1412 Florian 2835.842301
0 49 15.48 27.56 1.105199 2021-06-23 16:26:04.038978 459 2504 Carlo 2836.9475
1 62 17.75 27.67 0.111678 2021-06-23 16:26:04.150656 521 1413 Florian 2837.059178
0 49 15.48 27.67 0.413008 2021-06-23 16:26:04.563664 459 2505 Carlo 2837.472186
1 50 15.67 27.77 1.769989 2021-06-23 16:26:06.333653 521 1414 Florian 2839.242175
0 71 19.06 27.67 0.276427 2021-06-23 16:26:06.610080 459 2506 Carlo 2839.518602
0 626 224.75 27.67 0.251577 2021-06-23 16:26:06.861657 459 2507 Carlo 2839.770179
0 435 104.92 27.67 0.955246 2021-06-23 16:26:07.816903 459 2508 Carlo 2840.725425
1 193 32.84 27.67 0.124476 2021-06-23 16:26:07.941379 521 1415 Florian 2840.849901
1 62 17.75 27.77 0.869049 2021-06-23 16:26:08.810428 521 1416 Florian 2841.71895
2 167 28.76 27.34 0.324272 2021-06-23 16:26:09.134700 408 1534 Noor 2842.043222
1 103 22.23 27.67 0.198799 2021-06-23 16:26:09.333499 521 1417 Florian 2842.242021
2 192 32.67 27.34 0.520202 2021-06-23 16:26:09.853701 408 1535 Noor 2842.762223
1 113 23.02 27.67 0.018773 2021-06-23 16:26:09.872474 521 1418 Florian 2842.780996
2 176 30.09 27.34 0.08031 2021-06-23 16:26:09.952784 409 1536 Noor 2842.861306
2 70 18.93 27.34 0.75237 2021-06-23 16:26:10.705154 409 1537 Noor 2843.613676
0 179 30.55 27.56 0.347346 2021-06-23 16:26:11.052500 459 2509 Carlo 2843.961022
2 419 97.20 27.34 0.862322 2021-06-23 16:26:11.914822 409 1538 Noor 2844.823344
0 66 18.36 27.67 0.68221 2021-06-23 16:26:12.597032 459 2510 Carlo 2845.505554
1 57 16.93 27.88 0.301344 2021-06-23 16:26:12.898376 522 1419 Florian 2845.806898
1 353 67.64 27.67 0.772409 2021-06-23 16:26:13.670785 522 1420 Florian 2846.579307
0 248 42.69 27.56 0.528567 2021-06-23 16:26:14.199352 459 2511 Carlo 2847.107874
2 103 22.23 27.34 0.086557 2021-06-23 16:26:14.285909 409 1539 Noor 2847.194431
2 68 18.65 27.13 0.372003 2021-06-23 16:26:14.657912 409 1540 Noor 2847.566434
2 147 26.19 27.13 1.907398 2021-06-23 16:26:16.565310 409 1541 Noor 2849.473832
0 97 21.75 27.88 0.086189 2021-06-23 16:26:16.651499 459 2512 Carlo 2849.560021
1 83 20.46 27.67 0.160996 2021-06-23 16:26:16.812495 522 1421 Florian 2849.721017
1 220 37.58 27.67 0.57304 2021-06-23 16:26:17.385535 522 1422 Florian 2850.294057
0 418 96.60 27.67 0.138336 2021-06-23 16:26:17.523871 459 2513 Carlo 2850.432393
1 147 26.19 27.67 1.579946 2021-06-23 16:26:19.103817 522 1423 Florian 2852.012339
0 56 16.76 27.56 0.338605 2021-06-23 16:26:19.442422 459 2514 Carlo 2852.350944
0 61 17.60 27.67 1.405356 2021-06-23 16:26:20.847778 459 2515 Carlo 2853.7563
2 50 15.67 27.34 0.236633 2021-06-23 16:26:21.084411 409 1542 Noor 2853.992933
2 50 15.67 27.34 0.276935 2021-06-23 16:26:21.361346 409 1543 Noor 2854.269868
1 71 19.06 27.88 0.017627 2021-06-23 16:26:21.378973 522 1424 Florian 2854.287495
0 156 27.28 27.67 0.091602 2021-06-23 16:26:21.470575 459 2516 Carlo 2854.379097
2 271 46.93 27.34 1.424579 2021-06-23 16:26:22.895154 410 1544 Noor 2855.803676
2 135 24.92 27.34 0.033477 2021-06-23 16:26:22.928631 410 1545 Noor 2855.837153
0 96 21.67 27.67 0.107732 2021-06-23 16:26:23.036363 459 2517 Carlo 2855.944885
0 99 21.91 27.67 0.211627 2021-06-23 16:26:23.247990 459 2518 Carlo 2856.156512
2 67 18.51 27.34 1.211153 2021-06-23 16:26:24.459143 410 1546 Noor 2857.367665
0 133 24.73 27.67 0.688438 2021-06-23 16:26:25.147581 459 2519 Carlo 2858.056103
0 57 16.93 27.67 1.131569 2021-06-23 16:26:26.279150 459 2520 Carlo 2859.187672
2 56 16.76 27.34 1.234835 2021-06-23 16:26:27.513985 410 1547 Noor 2860.422507
0 152 26.78 27.67 1.57512 2021-06-23 16:26:29.089105 459 2521 Carlo 2861.997627
0 67 18.51 27.67 0.096278 2021-06-23 16:26:29.185383 459 2522 Carlo 2862.093905
0 140 25.42 27.67 0.478722 2021-06-23 16:26:29.664105 459 2523 Carlo 2862.572627
2 51 15.86 27.34 0.80685 2021-06-23 16:26:30.470955 410 1548 Noor 2863.379477
0 76 19.69 27.67 0.405093 2021-06-23 16:26:30.876048 459 2524 Carlo 2863.78457
2 60 17.43 27.34 0.509308 2021-06-23 16:26:31.385356 410 1549 Noor 2864.293878
2 353 67.64 27.34 1.117003 2021-06-23 16:26:32.502359 410 1550 Noor 2865.410881
1 71 19.06 27.67 0.194135 2021-06-23 16:26:32.696494 523 1425 Florian 2865.605016
0 76 19.69 27.67 0.128769 2021-06-23 16:26:32.825263 459 2525 Carlo 2865.733785
0 51 15.86 27.67 0.262802 2021-06-23 16:26:33.088065 459 2526 Carlo 2865.996587
2 60 17.43 27.34 0.378239 2021-06-23 16:26:33.466304 410 1551 Noor 2866.374826
2 49 15.48 27.34 0.386198 2021-06-23 16:26:33.852502 410 1552 Noor 2866.761024
0 192 32.67 27.67 0.485199 2021-06-23 16:26:34.337701 459 2527 Carlo 2867.246223
0 71 19.06 27.67 1.193368 2021-06-23 16:26:35.531069 459 2528 Carlo 2868.439591
0 287 50.23 27.77 1.131365 2021-06-23 16:26:36.662434 459 2529 Carlo 2869.570956
2 48 15.29 27.34 0.227184 2021-06-23 16:26:36.889618 410 1553 Noor 2869.79814
1 76 19.69 27.67 1.746801 2021-06-23 16:26:38.636419 523 1426 Florian 2871.544941
0 249 42.85 27.67 0.033488 2021-06-23 16:26:38.669907 459 2530 Carlo 2871.578429
1 71 19.06 27.67 0.000165 2021-06-23 16:26:38.670072 524 1427 Florian 2871.578594
0 60 17.43 27.77 0.326084 2021-06-23 16:26:38.996156 460 2531 Carlo 2871.904678
1 489 138.11 27.67 1.875347 2021-06-23 16:26:40.871503 524 1428 Florian 2873.780025
0 172 29.49 27.77 0.119487 2021-06-23 16:26:40.990990 460 2532 Carlo 2873.899512
0 202 34.38 27.56 0.300043 2021-06-23 16:26:41.291033 460 2533 Carlo 2874.199555
1 174 29.79 27.67 0.020761 2021-06-23 16:26:41.311794 524 1429 Florian 2874.220316
0 60 17.43 27.67 0.420744 2021-06-23 16:26:41.732538 461 2534 Carlo 2874.64106
0 159 27.66 27.88 0.053038 2021-06-23 16:26:41.785576 461 2535 Carlo 2874.694098
1 504 143.61 27.77 0.020816 2021-06-23 16:26:41.806392 525 1430 Florian 2874.714914
2 60 17.43 27.34 0.002329 2021-06-23 16:26:41.808721 410 1554 Noor 2874.717243
2 98 21.83 27.34 0.010317 2021-06-23 16:26:41.819038 411 1555 Noor 2874.72756
2 51 15.86 27.34 0.117285 2021-06-23 16:26:41.936323 411 1556 Noor 2874.844845
2 56 16.76 27.34 0.033491 2021-06-23 16:26:41.969814 411 1557 Noor 2874.878336
2 83 20.46 27.34 0.033216 2021-06-23 16:26:42.003030 411 1558 Noor 2874.911552
2 57 16.93 27.34 0.397461 2021-06-23 16:26:42.400491 411 1559 Noor 2875.309013
0 163 28.20 27.67 0.017694 2021-06-23 16:26:42.418185 462 2536 Carlo 2875.326707
0 49 15.48 27.77 0.096585 2021-06-23 16:26:42.514770 463 2537 Carlo 2875.423292
2 49 15.48 27.34 0.238482 2021-06-23 16:26:42.753252 412 1560 Noor 2875.661774
1 76 19.69 27.67 0.367481 2021-06-23 16:26:43.120733 526 1431 Florian 2876.029255
0 248 42.69 27.77 0.043809 2021-06-23 16:26:43.164542 463 2538 Carlo 2876.073064
0 53 16.22 27.67 0.092115 2021-06-23 16:26:43.256657 464 2539 Carlo 2876.165179
1 231 39.55 27.67 0.820458 2021-06-23 16:26:44.077115 527 1432 Florian 2876.985637
2 57 16.93 27.34 0.137116 2021-06-23 16:26:44.214231 412 1561 Noor 2877.122753
2 51 15.86 27.34 2.60115 2021-06-23 16:26:46.815381 412 1562 Noor 2879.723903
1 240 41.21 27.67 0.017669 2021-06-23 16:26:46.833050 527 1433 Florian 2879.741572
