# layer adc volt temp timediff time detector_muon_count detector_count detector_name
0 140 25.42 26.05 10 2021-06-18 20:28:14.392479 0 1 CarloCosmicWatch 0.221158
0 62 17.75 26.70 0.366884 2021-06-18 20:28:14.759363 0 1 Franko 0.588042
0 49 15.48 26.91 0.033736 2021-06-18 20:28:14.793099 0 2 Franko 0.621778
0 224 38.29 26.70 1.393739 2021-06-18 20:28:16.186838 0 3 Franko 2.015517
0 415 95.00 26.05 1.357789 2021-06-18 20:28:17.544627 0 2 CarloCosmicWatch 3.373306
0 63 17.91 26.70 0.235239 2021-06-18 20:28:17.779866 0 4 Franko 3.608545
0 270 46.71 26.05 0.059264 2021-06-18 20:28:17.839130 0 3 CarloCosmicWatch 3.667809
0 127 24.18 26.70 0.423997 2021-06-18 20:28:18.263127 0 5 Franko 4.091806
0 56 16.76 26.05 1.325615 2021-06-18 20:28:19.588742 0 4 CarloCosmicWatch 5.417421
0 99 21.91 26.05 0.0821 2021-06-18 20:28:19.670842 0 5 CarloCosmicWatch 5.499521
0 254 43.77 26.48 0.02687 2021-06-18 20:28:19.697712 0 6 Franko 5.526391
0 115 23.18 26.91 0.634042 2021-06-18 20:28:20.331754 0 7 Franko 6.160433
0 217 37.04 26.05 3.836171 2021-06-18 20:28:24.167925 0 6 CarloCosmicWatch 9.996604
0 185 31.51 26.05 0.188566 2021-06-18 20:28:24.356491 0 7 CarloCosmicWatch 10.18517
0 103 22.23 26.05 0.096947 2021-06-18 20:28:24.453438 0 8 CarloCosmicWatch 10.282117
0 66 18.36 26.70 0.248038 2021-06-18 20:28:24.701476 0 8 Franko 10.530155
0 51 15.86 26.05 0.865159 2021-06-18 20:28:25.566635 0 9 CarloCosmicWatch 11.395314
0 71 19.06 26.48 0.055346 2021-06-18 20:28:25.621981 0 9 Franko 11.45066
0 51 15.86 26.05 1.734968 2021-06-18 20:28:27.356949 0 10 CarloCosmicWatch 13.185628
0 460 119.54 26.70 1.424051 2021-06-18 20:28:28.781000 0 10 Franko 14.609679
0 76 19.69 26.05 1.121173 2021-06-18 20:28:29.902173 0 11 CarloCosmicWatch 15.730852
0 71 19.06 26.48 1.388824 2021-06-18 20:28:31.290997 0 11 Franko 17.119676
0 135 24.92 26.70 0.318116 2021-06-18 20:28:31.609113 0 12 Franko 17.437792
0 184 31.36 26.05 1.928693 2021-06-18 20:28:33.537806 0 12 CarloCosmicWatch 19.366485
0 355 68.30 26.05 0.265439 2021-06-18 20:28:33.803245 0 13 CarloCosmicWatch 19.631924
0 127 24.18 26.05 0.174726 2021-06-18 20:28:33.977971 0 14 CarloCosmicWatch 19.80665
0 51 15.86 26.05 0.259998 2021-06-18 20:28:34.237969 0 15 CarloCosmicWatch 20.066648
0 112 22.94 26.70 0.046894 2021-06-18 20:28:34.284863 0 13 Franko 20.113542
0 159 27.66 26.05 0.067964 2021-06-18 20:28:34.352827 0 16 CarloCosmicWatch 20.181506
0 51 15.86 26.70 0.089741 2021-06-18 20:28:34.442568 0 14 Franko 20.271247
0 167 28.76 26.70 0.443722 2021-06-18 20:28:34.886290 0 15 Franko 20.714969
0 366 72.41 26.05 0.016838 2021-06-18 20:28:34.903128 0 17 CarloCosmicWatch 20.731807
0 227 38.83 26.05 3.482139 2021-06-18 20:28:38.385267 0 18 CarloCosmicWatch 24.213946
0 140 25.42 26.05 0.50096 2021-06-18 20:28:38.886227 0 19 CarloCosmicWatch 24.714906
0 103 22.23 26.05 0.309575 2021-06-18 20:28:39.195802 0 20 CarloCosmicWatch 25.024481
0 369 73.42 26.05 0.379397 2021-06-18 20:28:39.575199 0 21 CarloCosmicWatch 25.403878
0 172 29.49 26.05 0.090455 2021-06-18 20:28:39.665654 0 22 CarloCosmicWatch 25.494333
0 133 24.73 26.81 1.089883 2021-06-18 20:28:40.755537 0 16 Franko 26.584216
0 83 20.46 26.70 0.258215 2021-06-18 20:28:41.013752 0 17 Franko 26.842431
0 57 16.93 26.05 0.016009 2021-06-18 20:28:41.029761 0 23 CarloCosmicWatch 26.85844
0 67 18.51 26.05 1.008907 2021-06-18 20:28:42.038668 0 24 CarloCosmicWatch 27.867347
0 70 18.93 26.05 0.501784 2021-06-18 20:28:42.540452 0 25 CarloCosmicWatch 28.369131
0 112 22.94 26.70 0.571227 2021-06-18 20:28:43.111679 0 18 Franko 28.940358
0 110 22.78 26.05 0.337811 2021-06-18 20:28:43.449490 0 26 CarloCosmicWatch 29.278169
0 240 41.21 26.05 1.246057 2021-06-18 20:28:44.695547 0 27 CarloCosmicWatch 30.524226
0 103 22.23 26.05 0.110166 2021-06-18 20:28:44.805713 0 28 CarloCosmicWatch 30.634392
0 248 42.69 26.05 0.160031 2021-06-18 20:28:44.965744 0 29 CarloCosmicWatch 30.794423
0 79 20.03 26.05 0.949977 2021-06-18 20:28:45.915721 0 30 CarloCosmicWatch 31.7444
0 79 20.03 26.05 0.361435 2021-06-18 20:28:46.277156 0 31 CarloCosmicWatch 32.105835
0 63 17.91 26.70 0.162995 2021-06-18 20:28:46.440151 0 19 Franko 32.26883
0 216 36.85 26.05 0.629488 2021-06-18 20:28:47.069639 0 32 CarloCosmicWatch 32.898318
0 99 21.91 26.70 0.040933 2021-06-18 20:28:47.110572 0 20 Franko 32.939251
0 284 49.41 26.70 0.70989 2021-06-18 20:28:47.820462 0 21 Franko 33.649141
0 56 16.76 26.70 0.497462 2021-06-18 20:28:48.317924 0 22 Franko 34.146603
0 241 41.39 26.70 1.215657 2021-06-18 20:28:49.533581 0 23 Franko 35.36226
0 286 49.78 26.70 0.931706 2021-06-18 20:28:50.465287 0 24 Franko 36.293966
0 127 24.18 26.70 0.92729 2021-06-18 20:28:51.392577 0 25 Franko 37.221256
0 201 34.22 26.70 0.710665 2021-06-18 20:28:52.103242 0 26 Franko 37.931921
0 172 29.49 26.05 0.298128 2021-06-18 20:28:52.401370 0 33 CarloCosmicWatch 38.230049
0 231 39.55 26.70 0.560732 2021-06-18 20:28:52.962102 0 27 Franko 38.790781
0 140 25.42 26.91 0.077622 2021-06-18 20:28:53.039724 0 28 Franko 38.868403
0 546 165.41 26.70 0.129568 2021-06-18 20:28:53.169292 0 29 Franko 38.997971
0 174 29.79 26.91 1.372221 2021-06-18 20:28:54.541513 0 30 Franko 40.370192
0 131 24.54 26.70 0.132983 2021-06-18 20:28:54.674496 0 31 Franko 40.503175
0 423 97.36 26.70 0.370618 2021-06-18 20:28:55.045114 0 32 Franko 40.873793
0 57 16.93 26.70 1.735563 2021-06-18 20:28:56.780677 0 33 Franko 42.609356
0 51 15.86 26.05 1.073234 2021-06-18 20:28:57.853911 0 34 CarloCosmicWatch 43.68259
0 204 34.73 26.59 0.89963 2021-06-18 20:28:58.753541 0 34 Franko 44.58222
0 63 17.91 26.05 0.261515 2021-06-18 20:28:59.015056 0 35 CarloCosmicWatch 44.843735
0 51 15.86 26.05 0.92916 2021-06-18 20:28:59.944216 0 36 CarloCosmicWatch 45.772895
0 49 15.48 26.70 0.422345 2021-06-18 20:29:00.366561 0 35 Franko 46.19524
0 71 19.06 26.05 0.439114 2021-06-18 20:29:00.805675 0 37 CarloCosmicWatch 46.634354
0 216 36.85 26.05 0.613711 2021-06-18 20:29:01.419386 0 38 CarloCosmicWatch 47.248065
0 71 19.06 26.70 0.180822 2021-06-18 20:29:01.600208 0 36 Franko 47.428887
0 71 19.06 26.48 1.316959 2021-06-18 20:29:02.917167 0 39 CarloCosmicWatch 48.745846
0 304 53.73 26.05 0.263972 2021-06-18 20:29:03.181139 0 40 CarloCosmicWatch 49.009818
0 51 15.86 26.05 0.033798 2021-06-18 20:29:03.214937 0 41 CarloCosmicWatch 49.043616
0 96 21.67 26.48 0.209723 2021-06-18 20:29:03.424660 0 37 Franko 49.253339
0 63 17.91 26.91 1.654588 2021-06-18 20:29:05.079248 0 38 Franko 50.907927
0 204 34.73 26.05 0.863572 2021-06-18 20:29:05.942820 0 42 CarloCosmicWatch 51.771499
0 199 33.86 26.70 0.039701 2021-06-18 20:29:05.982521 0 39 Franko 51.8112
0 97 21.75 26.59 0.485175 2021-06-18 20:29:06.467696 0 40 Franko 52.296375
0 159 27.66 26.05 0.710304 2021-06-18 20:29:07.178000 0 43 CarloCosmicWatch 53.006679
0 121 23.66 26.70 0.218263 2021-06-18 20:29:07.396263 0 41 Franko 53.224942
0 102 22.15 26.59 0.206371 2021-06-18 20:29:07.602634 0 42 Franko 53.431313
0 120 23.58 26.05 0.079006 2021-06-18 20:29:07.681640 0 44 CarloCosmicWatch 53.510319
0 135 24.92 26.91 0.56909 2021-06-18 20:29:08.250730 0 43 Franko 54.079409
0 63 17.91 26.81 0.118562 2021-06-18 20:29:08.369292 0 44 Franko 54.197971
0 305 53.88 26.05 0.221047 2021-06-18 20:29:08.590339 0 45 CarloCosmicWatch 54.419018
0 152 26.78 26.05 0.185801 2021-06-18 20:29:08.776140 0 46 CarloCosmicWatch 54.604819
0 57 16.93 26.05 0.824601 2021-06-18 20:29:09.600741 0 47 CarloCosmicWatch 55.42942
0 224 38.29 26.70 1.153845 2021-06-18 20:29:10.754586 0 45 Franko 56.583265
0 88 20.96 26.05 0.151672 2021-06-18 20:29:10.906258 0 48 CarloCosmicWatch 56.734937
0 69 18.79 26.91 0.543357 2021-06-18 20:29:11.449615 0 46 Franko 57.278294
0 50 15.67 26.05 1.096299 2021-06-18 20:29:12.545914 0 49 CarloCosmicWatch 58.374593
