# layer adc volt temp timediff time detector_muon_count detector_count detector_name
0 206 35.07 26.59 10 2021-06-18 11:33:17.878219 0 1 CarloCosmicWatch 1.786301
0 224 38.29 26.70 2.128403 2021-06-18 11:33:20.006622 0 2 CarloCosmicWatch 3.914704
0 71 19.06 26.70 0.728371 2021-06-18 11:33:20.734993 0 3 CarloCosmicWatch 4.643075
0 63 17.91 26.70 2.749956 2021-06-18 11:33:23.484949 0 4 CarloCosmicWatch 7.393031
0 327 59.28 26.70 0.221643 2021-06-18 11:33:23.706592 0 5 CarloCosmicWatch 7.614674
0 78 19.92 26.70 0.868343 2021-06-18 11:33:24.574935 0 6 CarloCosmicWatch 8.483017
0 88 20.96 26.70 0.805862 2021-06-18 11:33:25.380797 0 7 CarloCosmicWatch 9.288879
0 124 23.92 26.70 0.156769 2021-06-18 11:33:25.537566 0 8 CarloCosmicWatch 9.445648
0 115 23.18 26.70 1.641503 2021-06-18 11:33:27.179069 0 9 CarloCosmicWatch 11.087151
0 112 22.94 26.70 0.200868 2021-06-18 11:33:27.379937 0 10 CarloCosmicWatch 11.288019
0 71 19.06 26.48 2.192679 2021-06-18 11:33:29.572616 0 11 CarloCosmicWatch 13.480698
0 49 15.48 26.59 0.290412 2021-06-18 11:33:29.863028 0 12 CarloCosmicWatch 13.77111
0 81 20.25 26.70 1.846361 2021-06-18 11:33:31.709389 0 13 CarloCosmicWatch 15.617471
0 271 46.93 26.70 0.535753 2021-06-18 11:33:32.245142 0 14 CarloCosmicWatch 16.153224
0 112 22.94 26.70 0.238421 2021-06-18 11:33:32.483563 0 15 CarloCosmicWatch 16.391645
0 57 16.93 26.70 0.54132 2021-06-18 11:33:33.024883 0 16 CarloCosmicWatch 16.932965
0 63 17.91 26.38 2.400935 2021-06-18 11:33:35.425818 0 17 CarloCosmicWatch 19.3339
0 56 16.76 26.70 1.721486 2021-06-18 11:33:37.147304 0 18 CarloCosmicWatch 21.055386
0 51 15.86 26.70 0.540401 2021-06-18 11:33:37.687705 0 19 CarloCosmicWatch 21.595787
0 56 16.76 26.48 1.670846 2021-06-18 11:33:39.358551 0 20 CarloCosmicWatch 23.266633
0 385 80.11 26.48 1.362759 2021-06-18 11:33:40.721310 0 21 CarloCosmicWatch 24.629392
0 60 17.43 26.70 5.054693 2021-06-18 11:33:45.776003 0 22 CarloCosmicWatch 29.684085
0 67 18.51 26.48 2.737784 2021-06-18 11:33:48.513787 0 23 CarloCosmicWatch 32.421869
0 88 20.96 26.59 6.447287 2021-06-18 11:33:54.961074 0 24 CarloCosmicWatch 38.869156
0 156 27.28 26.27 0.86085 2021-06-18 11:33:55.821924 0 25 CarloCosmicWatch 39.730006
0 120 23.58 26.27 4.925499 2021-06-18 11:34:00.747423 0 26 CarloCosmicWatch 44.655505
0 508 144.95 26.05 1.307091 2021-06-18 11:34:02.054514 0 27 CarloCosmicWatch 45.962596
0 83 20.46 26.27 0.468801 2021-06-18 11:34:02.523315 0 28 CarloCosmicWatch 46.431397
0 133 24.73 26.27 1.811998 2021-06-18 11:34:04.335313 0 29 CarloCosmicWatch 48.243395
0 61 17.60 26.38 0.033594 2021-06-18 11:34:04.368907 0 30 CarloCosmicWatch 48.276989
0 63 17.91 26.16 0.553993 2021-06-18 11:34:04.922900 0 31 CarloCosmicWatch 48.830982
0 79 20.03 26.48 4.906316 2021-06-18 11:34:09.829216 0 32 CarloCosmicWatch 53.737298
0 300 52.79 26.59 1.702903 2021-06-18 11:34:11.532119 0 33 CarloCosmicWatch 55.440201
0 167 28.76 26.27 0.03376 2021-06-18 11:34:11.565879 0 34 CarloCosmicWatch 55.473961
0 146 26.08 26.38 2.19274 2021-06-18 11:34:13.758619 0 35 CarloCosmicWatch 57.666701
0 92 21.32 26.48 0.288221 2021-06-18 11:34:14.046840 0 36 CarloCosmicWatch 57.954922
0 441 109.77 26.70 3.145703 2021-06-18 11:34:17.192543 0 37 CarloCosmicWatch 61.100625
0 207 35.26 26.70 1.114498 2021-06-18 11:34:18.307041 0 38 CarloCosmicWatch 62.215123
0 176 30.09 26.48 2.244654 2021-06-18 11:34:20.551695 0 39 CarloCosmicWatch 64.459777
0 192 32.67 26.48 2.43571 2021-06-18 11:34:22.987405 0 40 CarloCosmicWatch 66.895487
0 163 28.20 26.70 0.759764 2021-06-18 11:34:23.747169 0 41 CarloCosmicWatch 67.655251
0 79 20.03 26.48 1.542641 2021-06-18 11:34:25.289810 0 42 CarloCosmicWatch 69.197892
0 57 16.93 26.70 3.156512 2021-06-18 11:34:28.446322 0 43 CarloCosmicWatch 72.354404
0 263 45.37 26.70 0.03366 2021-06-18 11:34:28.479982 0 44 CarloCosmicWatch 72.388064
0 152 26.78 26.70 4.156812 2021-06-18 11:34:32.636794 0 45 CarloCosmicWatch 76.544876
0 103 22.23 26.27 1.22282 2021-06-18 11:34:33.859614 0 46 CarloCosmicWatch 77.767696
0 524 150.73 26.05 2.669457 2021-06-18 11:34:36.529071 0 47 CarloCosmicWatch 80.437153
0 92 21.32 26.59 0.033735 2021-06-18 11:34:36.562806 0 48 CarloCosmicWatch 80.470888
0 184 31.36 26.70 0.776484 2021-06-18 11:34:37.339290 0 49 CarloCosmicWatch 81.247372
0 83 20.46 26.48 0.167026 2021-06-18 11:34:37.506316 0 50 CarloCosmicWatch 81.414398
