# layer adc volt temp timediff time detector_muon_count detector_count detector_name
1 316 56.81 51.84 10 2021-06-18 13:43:14.960044 0 1 rens 1.641783
2 300 52.79 27.34 0.011773 2021-06-18 13:43:14.971817 0 1 CarloCosmicWatch 1.653556
2 101 22.08 27.45 0.646204 2021-06-18 13:43:15.618021 1 2 CarloCosmicWatch 2.29976
2 51 15.86 27.34 1.612184 2021-06-18 13:43:17.230205 1 3 CarloCosmicWatch 3.911944
2 120 23.58 27.34 3.740815 2021-06-18 13:43:20.971020 1 4 CarloCosmicWatch 7.652759
2 166 28.62 27.34 3.403388 2021-06-18 13:43:24.374408 1 5 CarloCosmicWatch 11.056147
1 153 26.90 22.29 0.033696 2021-06-18 13:43:24.408104 1 2 rens 11.089843
2 140 25.42 27.45 0.000147 2021-06-18 13:43:24.408251 2 6 CarloCosmicWatch 11.08999
1 274 47.52 31.96 0.047657 2021-06-18 13:43:24.455908 2 3 rens 11.137647
1 88 20.96 10.37 2.1554 2021-06-18 13:43:26.611308 2 4 rens 13.293047
2 312 55.68 27.34 0.012775 2021-06-18 13:43:26.624083 2 7 CarloCosmicWatch 13.305822
2 71 19.06 27.34 2.653239 2021-06-18 13:43:29.277322 3 8 CarloCosmicWatch 15.959061
2 135 24.92 27.45 0.548448 2021-06-18 13:43:29.825770 3 9 CarloCosmicWatch 16.507509
2 433 104.37 27.34 0.689733 2021-06-18 13:43:30.515503 3 10 CarloCosmicWatch 17.197242
2 51 15.86 27.34 2.09061 2021-06-18 13:43:32.606113 3 11 CarloCosmicWatch 19.287852
2 291 50.97 27.34 0.033765 2021-06-18 13:43:32.639878 3 12 CarloCosmicWatch 19.321617
1 76 19.69 2.74 0.048637 2021-06-18 13:43:32.688515 3 5 rens 19.370254
2 120 23.58 27.34 0.09228 2021-06-18 13:43:32.780795 4 13 CarloCosmicWatch 19.462534
2 67 18.51 27.45 0.882617 2021-06-18 13:43:33.663412 4 14 CarloCosmicWatch 20.345151
2 206 35.07 27.34 1.609648 2021-06-18 13:43:35.273060 4 15 CarloCosmicWatch 21.954799
2 127 24.18 27.34 1.274493 2021-06-18 13:43:36.547553 4 16 CarloCosmicWatch 23.229292
2 135 24.92 27.34 1.220401 2021-06-18 13:43:37.767954 4 17 CarloCosmicWatch 24.449693
2 71 19.06 27.34 0.185972 2021-06-18 13:43:37.953926 4 18 CarloCosmicWatch 24.635665
2 51 15.86 27.34 3.971974 2021-06-18 13:43:41.925900 4 19 CarloCosmicWatch 28.607639
2 377 76.28 27.45 1.451449 2021-06-18 13:43:43.377349 4 20 CarloCosmicWatch 30.059088
1 61 17.60 5.43 0.027477 2021-06-18 13:43:43.404826 4 6 rens 30.086565
1 105 22.39 13.92 2.428826 2021-06-18 13:43:45.833652 5 7 rens 32.515391
2 120 23.58 27.34 0.014849 2021-06-18 13:43:45.848501 5 21 CarloCosmicWatch 32.53024
1 199 33.86 22.40 0.176698 2021-06-18 13:43:46.025199 6 8 rens 32.706938
2 199 33.86 27.45 0.014909 2021-06-18 13:43:46.040108 6 22 CarloCosmicWatch 32.721847
2 195 33.17 27.34 0.240619 2021-06-18 13:43:46.280727 7 23 CarloCosmicWatch 32.962466
2 51 15.86 27.34 0.433498 2021-06-18 13:43:46.714225 7 24 CarloCosmicWatch 33.395964
2 184 31.36 27.34 0.56269 2021-06-18 13:43:47.276915 7 25 CarloCosmicWatch 33.958654
2 158 27.53 27.34 4.037286 2021-06-18 13:43:51.314201 7 26 CarloCosmicWatch 37.99594
1 149 26.42 20.04 0.02746 2021-06-18 13:43:51.341661 7 9 rens 38.0234
2 563 181.65 27.34 0.078145 2021-06-18 13:43:51.419806 8 27 CarloCosmicWatch 38.101545
2 176 30.09 27.45 0.209684 2021-06-18 13:43:51.629490 8 28 CarloCosmicWatch 38.311229
1 188 32.01 24.12 0.027355 2021-06-18 13:43:51.656845 8 10 rens 38.338584
2 227 38.83 27.34 1.350354 2021-06-18 13:43:53.007199 9 29 CarloCosmicWatch 39.688938
1 540 166.11 102.75 0.027371 2021-06-18 13:43:53.034570 9 11 rens 39.716309
2 88 20.96 27.45 0.598709 2021-06-18 13:43:53.633279 10 30 CarloCosmicWatch 40.315018
1 81 20.25 11.88 0.026371 2021-06-18 13:43:53.659650 10 12 rens 40.341389
2 60 17.43 27.45 1.979944 2021-06-18 13:43:55.639594 11 31 CarloCosmicWatch 42.321333
2 152 26.78 27.34 0.173191 2021-06-18 13:43:55.812785 11 32 CarloCosmicWatch 42.494524
2 88 20.96 27.34 0.642385 2021-06-18 13:43:56.455170 11 33 CarloCosmicWatch 43.136909
2 505 145.23 27.34 0.483991 2021-06-18 13:43:56.939161 11 34 CarloCosmicWatch 43.6209
2 98 21.83 27.34 0.687667 2021-06-18 13:43:57.626828 11 35 CarloCosmicWatch 44.308567
1 71 19.06 7.04 0.02607 2021-06-18 13:43:57.652898 11 13 rens 44.334637
1 88 20.96 -1.66 0.106908 2021-06-18 13:43:57.759806 12 14 rens 44.441545
2 241 41.39 27.34 0.014956 2021-06-18 13:43:57.774762 12 36 CarloCosmicWatch 44.456501
2 179 30.55 27.34 0.325117 2021-06-18 13:43:58.099879 13 37 CarloCosmicWatch 44.781618
2 96 21.67 27.34 0.721034 2021-06-18 13:43:58.820913 13 38 CarloCosmicWatch 45.502652
2 163 28.20 27.34 3.198622 2021-06-18 13:44:02.019535 13 39 CarloCosmicWatch 48.701274
2 51 15.86 27.34 1.196615 2021-06-18 13:44:03.216150 13 40 CarloCosmicWatch 49.897889
2 76 19.69 27.34 0.131758 2021-06-18 13:44:03.347908 13 41 CarloCosmicWatch 50.029647
2 51 15.86 27.34 0.206742 2021-06-18 13:44:03.554650 13 42 CarloCosmicWatch 50.236389
2 152 26.78 27.34 0.750549 2021-06-18 13:44:04.305199 13 43 CarloCosmicWatch 50.986938
1 415 95.00 77.62 0.114737 2021-06-18 13:44:04.419936 13 15 rens 51.101675
2 440 109.25 27.34 0.015985 2021-06-18 13:44:04.435921 13 44 CarloCosmicWatch 51.11766
2 110 22.78 27.34 0.146963 2021-06-18 13:44:04.582884 14 45 CarloCosmicWatch 51.264623
1 77 19.81 9.62 0.027459 2021-06-18 13:44:04.610343 14 16 rens 51.292082
2 63 17.91 27.45 1.593331 2021-06-18 13:44:06.203674 15 46 CarloCosmicWatch 52.885413
1 89 21.05 11.88 2.125293 2021-06-18 13:44:08.328967 15 17 rens 55.010706
2 153 26.90 27.34 0.01492 2021-06-18 13:44:08.343887 15 47 CarloCosmicWatch 55.025626
2 76 19.69 27.34 1.455024 2021-06-18 13:44:09.798911 16 48 CarloCosmicWatch 56.48065
1 238 40.82 40.23 0.77015 2021-06-18 13:44:10.569061 16 18 rens 57.2508
2 235 40.29 27.34 0.01602 2021-06-18 13:44:10.585081 16 49 CarloCosmicWatch 57.26682
2 56 16.76 27.34 3.999457 2021-06-18 13:44:14.584538 17 50 CarloCosmicWatch 61.266277
2 294 51.51 27.34 1.976585 2021-06-18 13:44:16.561123 17 51 CarloCosmicWatch 63.242862
1 79 20.03 9.30 2.047233 2021-06-18 13:44:18.608356 17 19 rens 65.290095
2 227 38.83 27.34 0.013799 2021-06-18 13:44:18.622155 17 52 CarloCosmicWatch 65.303894
2 433 104.37 27.34 0.110306 2021-06-18 13:44:18.732461 18 53 CarloCosmicWatch 65.4142
1 153 26.90 11.88 0.028466 2021-06-18 13:44:18.760927 18 20 rens 65.442666
1 103 22.23 11.88 0.549347 2021-06-18 13:44:19.310274 19 21 rens 65.992013
2 176 30.09 27.45 0.015861 2021-06-18 13:44:19.326135 19 54 CarloCosmicWatch 66.007874
2 67 18.51 27.34 0.017879 2021-06-18 13:44:19.344014 20 55 CarloCosmicWatch 66.025753
2 99 21.91 27.34 0.327626 2021-06-18 13:44:19.671640 20 56 CarloCosmicWatch 66.353379
2 79 20.03 27.34 0.664133 2021-06-18 13:44:20.335773 20 57 CarloCosmicWatch 67.017512
2 88 20.96 27.45 0.712465 2021-06-18 13:44:21.048238 20 58 CarloCosmicWatch 67.729977
2 78 19.92 27.34 3.017974 2021-06-18 13:44:24.066212 20 59 CarloCosmicWatch 70.747951
2 188 32.01 27.34 0.763312 2021-06-18 13:44:24.829524 20 60 CarloCosmicWatch 71.511263
2 83 20.46 27.34 0.77761 2021-06-18 13:44:25.607134 20 61 CarloCosmicWatch 72.288873
2 67 18.51 27.34 4.846952 2021-06-18 13:44:30.454086 20 62 CarloCosmicWatch 77.135825
1 217 37.04 35.94 0.495614 2021-06-18 13:44:30.949700 20 22 rens 77.631439
2 432 101.61 27.34 0.015862 2021-06-18 13:44:30.965562 20 63 CarloCosmicWatch 77.647301
2 193 32.84 27.34 2.15636 2021-06-18 13:44:33.121922 21 64 CarloCosmicWatch 79.803661
2 67 18.51 27.34 1.209473 2021-06-18 13:44:34.331395 21 65 CarloCosmicWatch 81.013134
2 88 20.96 27.34 0.033725 2021-06-18 13:44:34.365120 21 66 CarloCosmicWatch 81.046859
2 88 20.96 27.34 3.426858 2021-06-18 13:44:37.791978 21 67 CarloCosmicWatch 84.473717
2 153 26.90 27.34 3.705601 2021-06-18 13:44:41.497579 21 68 CarloCosmicWatch 88.179318
2 51 15.86 27.45 0.42137 2021-06-18 13:44:41.918949 21 69 CarloCosmicWatch 88.600688
2 57 16.93 27.34 0.428082 2021-06-18 13:44:42.347031 21 70 CarloCosmicWatch 89.02877
2 60 17.43 27.34 0.46371 2021-06-18 13:44:42.810741 21 71 CarloCosmicWatch 89.49248
2 70 18.93 27.34 1.895288 2021-06-18 13:44:44.706029 21 72 CarloCosmicWatch 91.387768
2 97 21.75 27.34 0.352418 2021-06-18 13:44:45.058447 21 73 CarloCosmicWatch 91.740186
1 75 19.57 7.69 0.026437 2021-06-18 13:44:45.084884 21 23 rens 91.766623
2 83 20.46 27.34 0.234249 2021-06-18 13:44:45.319133 22 74 CarloCosmicWatch 92.000872
2 89 21.05 27.34 0.511133 2021-06-18 13:44:45.830266 22 75 CarloCosmicWatch 92.512005
2 211 35.96 27.34 0.441126 2021-06-18 13:44:46.271392 22 76 CarloCosmicWatch 92.953131
1 83 20.46 9.62 0.027371 2021-06-18 13:44:46.298763 22 24 rens 92.980502
2 63 17.91 27.45 1.140554 2021-06-18 13:44:47.439317 23 77 CarloCosmicWatch 94.121056
2 255 43.96 27.34 1.957321 2021-06-18 13:44:49.396638 23 78 CarloCosmicWatch 96.078377
1 126 24.09 11.88 0.027374 2021-06-18 13:44:49.424012 23 25 rens 96.105751
2 96 21.67 27.34 0.235833 2021-06-18 13:44:49.659845 24 79 CarloCosmicWatch 96.341584
2 131 24.54 27.34 2.334262 2021-06-18 13:44:51.994107 24 80 CarloCosmicWatch 98.675846
2 457 118.95 27.34 0.661077 2021-06-18 13:44:52.655184 24 81 CarloCosmicWatch 99.336923
2 50 15.67 27.34 0.482609 2021-06-18 13:44:53.137793 24 82 CarloCosmicWatch 99.819532
2 743 466.23 27.45 0.654105 2021-06-18 13:44:53.791898 24 83 CarloCosmicWatch 100.473637
2 412 92.93 27.34 3.436109 2021-06-18 13:44:57.228007 24 84 CarloCosmicWatch 103.909746
1 60 17.43 5.43 0.028467 2021-06-18 13:44:57.256474 24 26 rens 103.938213
2 206 35.07 27.34 2.232449 2021-06-18 13:44:59.488923 25 85 CarloCosmicWatch 106.170662
1 96 21.67 0.60 0.028468 2021-06-18 13:44:59.517391 25 27 rens 106.19913
2 88 20.96 27.34 0.465066 2021-06-18 13:44:59.982457 26 86 CarloCosmicWatch 106.664196
2 152 26.78 27.34 0.611528 2021-06-18 13:45:00.593985 26 87 CarloCosmicWatch 107.275724
2 108 22.63 27.34 2.709574 2021-06-18 13:45:03.303559 26 88 CarloCosmicWatch 109.985298
2 220 37.58 27.34 0.175296 2021-06-18 13:45:03.478855 26 89 CarloCosmicWatch 110.160594
2 255 43.96 27.34 1.568442 2021-06-18 13:45:05.047297 26 90 CarloCosmicWatch 111.729036
1 159 27.66 19.61 0.02841 2021-06-18 13:45:05.075707 26 28 rens 111.757446
1 147 26.19 22.19 2.399815 2021-06-18 13:45:07.475522 27 29 rens 114.157261
2 480 130.21 27.34 0.016977 2021-06-18 13:45:07.492499 27 91 CarloCosmicWatch 114.174238
2 359 69.86 27.34 0.65674 2021-06-18 13:45:08.149239 28 92 CarloCosmicWatch 114.830978
2 71 19.06 27.34 3.876555 2021-06-18 13:45:12.025794 28 93 CarloCosmicWatch 118.707533
2 99 21.91 27.34 0.28334 2021-06-18 13:45:12.309134 28 94 CarloCosmicWatch 118.990873
2 48 15.29 27.34 0.385695 2021-06-18 13:45:12.694829 28 95 CarloCosmicWatch 119.376568
2 99 21.91 27.34 0.594173 2021-06-18 13:45:13.289002 28 96 CarloCosmicWatch 119.970741
2 435 104.92 27.34 2.629366 2021-06-18 13:45:15.918368 28 97 CarloCosmicWatch 122.600107
2 287 50.23 27.34 0.362999 2021-06-18 13:45:16.281367 28 98 CarloCosmicWatch 122.963106
1 112 22.94 8.65 0.028403 2021-06-18 13:45:16.309770 28 30 rens 122.991509
2 207 35.26 27.34 0.376335 2021-06-18 13:45:16.686105 29 99 CarloCosmicWatch 123.367844
1 94 21.50 11.88 0.927634 2021-06-18 13:45:17.613739 29 31 rens 124.295478
2 361 70.62 27.34 0.015899 2021-06-18 13:45:17.629638 29 100 CarloCosmicWatch 124.311377
1 79 20.03 -2.73 0.137688 2021-06-18 13:45:17.767326 30 32 rens 124.449065
2 161 27.93 27.34 0.015877 2021-06-18 13:45:17.783203 30 101 CarloCosmicWatch 124.464942
2 96 21.67 27.34 1.031303 2021-06-18 13:45:18.814506 31 102 CarloCosmicWatch 125.496245
2 71 19.06 27.34 0.676165 2021-06-18 13:45:19.490671 31 103 CarloCosmicWatch 126.17241
2 79 20.03 27.34 0.655369 2021-06-18 13:45:20.146040 31 104 CarloCosmicWatch 126.827779
2 79 20.03 27.34 0.175736 2021-06-18 13:45:20.321776 31 105 CarloCosmicWatch 127.003515
1 472 125.87 89.43 0.028479 2021-06-18 13:45:20.350255 31 33 rens 127.031994
1 428 101.58 82.77 0.195782 2021-06-18 13:45:20.546037 32 34 rens 127.227776
2 371 73.82 27.34 0.018053 2021-06-18 13:45:20.564090 32 106 CarloCosmicWatch 127.245829
2 49 15.48 27.34 0.684052 2021-06-18 13:45:21.248142 33 107 CarloCosmicWatch 127.929881
2 63 17.91 27.34 1.12134 2021-06-18 13:45:22.369482 33 108 CarloCosmicWatch 129.051221
2 120 23.58 27.34 1.032557 2021-06-18 13:45:23.402039 33 109 CarloCosmicWatch 130.083778
2 121 23.66 27.34 3.328129 2021-06-18 13:45:26.730168 33 110 CarloCosmicWatch 133.411907
2 69 18.79 27.34 1.123529 2021-06-18 13:45:27.853697 33 111 CarloCosmicWatch 134.535436
2 108 22.63 27.34 0.410733 2021-06-18 13:45:28.264430 33 112 CarloCosmicWatch 134.946169
2 56 16.76 27.34 0.349609 2021-06-18 13:45:28.614039 33 113 CarloCosmicWatch 135.295778
2 57 16.93 27.34 0.737606 2021-06-18 13:45:29.351645 33 114 CarloCosmicWatch 136.033384
2 55 16.58 27.34 0.18721 2021-06-18 13:45:29.538855 33 115 CarloCosmicWatch 136.220594
1 192 32.67 27.67 0.966845 2021-06-18 13:45:30.505700 33 35 rens 137.187439
2 120 23.58 27.34 0.016929 2021-06-18 13:45:30.522629 33 116 CarloCosmicWatch 137.204368
2 255 43.96 27.34 0.098329 2021-06-18 13:45:30.620958 34 117 CarloCosmicWatch 137.302697
1 70 18.93 -3.92 0.029482 2021-06-18 13:45:30.650440 34 36 rens 137.332179
2 355 68.30 27.34 1.641338 2021-06-18 13:45:32.291778 35 118 CarloCosmicWatch 138.973517
2 67 18.51 27.34 0.573201 2021-06-18 13:45:32.864979 35 119 CarloCosmicWatch 139.546718
2 198 33.69 27.34 0.033747 2021-06-18 13:45:32.898726 35 120 CarloCosmicWatch 139.580465
1 271 46.93 47.32 0.05506 2021-06-18 13:45:32.953786 35 37 rens 139.635525
2 207 35.26 27.34 0.11712 2021-06-18 13:45:33.070906 35 121 CarloCosmicWatch 139.752645
1 449 112.05 79.23 0.029533 2021-06-18 13:45:33.100439 35 38 rens 139.782178
2 184 31.36 27.34 2.42823 2021-06-18 13:45:35.528669 36 122 CarloCosmicWatch 142.210408
2 66 18.36 27.34 0.708468 2021-06-18 13:45:36.237137 36 123 CarloCosmicWatch 142.918876
2 412 92.93 27.34 4.697187 2021-06-18 13:45:40.934324 36 124 CarloCosmicWatch 147.616063
2 188 32.01 27.34 4.929051 2021-06-18 13:45:45.863375 36 125 CarloCosmicWatch 152.545114
2 63 17.91 27.45 1.299424 2021-06-18 13:45:47.162799 36 126 CarloCosmicWatch 153.844538
2 359 69.86 27.34 1.21968 2021-06-18 13:45:48.382479 36 127 CarloCosmicWatch 155.064218
1 799 620.61 158.51 0.029314 2021-06-18 13:45:48.411793 36 39 rens 155.093532
2 192 32.67 27.34 0.560099 2021-06-18 13:45:48.971892 37 128 CarloCosmicWatch 155.653631
2 51 15.86 27.34 0.37468 2021-06-18 13:45:49.346572 37 129 CarloCosmicWatch 156.028311
2 71 19.06 27.34 0.298269 2021-06-18 13:45:49.644841 37 130 CarloCosmicWatch 156.32658
2 207 35.26 27.34 2.412 2021-06-18 13:45:52.056841 37 131 CarloCosmicWatch 158.73858
2 67 18.51 27.34 0.376614 2021-06-18 13:45:52.433455 37 132 CarloCosmicWatch 159.115194
2 185 31.51 27.34 3.507858 2021-06-18 13:45:55.941313 37 133 CarloCosmicWatch 162.623052
2 63 17.91 27.34 0.554486 2021-06-18 13:45:56.495799 37 134 CarloCosmicWatch 163.177538
1 88 20.96 9.73 0.609946 2021-06-18 13:45:57.105745 37 40 rens 163.787484
2 249 42.85 27.34 0.014702 2021-06-18 13:45:57.120447 37 135 CarloCosmicWatch 163.802186
2 56 16.76 27.34 0.063136 2021-06-18 13:45:57.183583 38 136 CarloCosmicWatch 163.865322
2 67 18.51 27.34 0.505532 2021-06-18 13:45:57.689115 38 137 CarloCosmicWatch 164.370854
2 156 27.28 27.34 0.396256 2021-06-18 13:45:58.085371 38 138 CarloCosmicWatch 164.76711
2 207 35.26 27.34 2.52135 2021-06-18 13:46:00.606721 38 139 CarloCosmicWatch 167.28846
1 248 42.69 41.85 0.029557 2021-06-18 13:46:00.636278 38 41 rens 167.318017
2 207 35.26 27.34 0.268419 2021-06-18 13:46:00.904697 39 140 CarloCosmicWatch 167.586436
1 115 23.18 12.63 0.029541 2021-06-18 13:46:00.934238 39 42 rens 167.615977
2 48 15.29 27.34 2.513877 2021-06-18 13:46:03.448115 40 141 CarloCosmicWatch 170.129854
2 263 45.37 27.34 0.945951 2021-06-18 13:46:04.394066 40 142 CarloCosmicWatch 171.075805
2 265 45.75 27.34 1.555024 2021-06-18 13:46:05.949090 40 143 CarloCosmicWatch 172.630829
2 103 22.23 27.34 0.775179 2021-06-18 13:46:06.724269 40 144 CarloCosmicWatch 173.406008
2 220 37.58 27.34 1.445712 2021-06-18 13:46:08.169981 40 145 CarloCosmicWatch 174.85172
1 174 29.79 26.70 0.029506 2021-06-18 13:46:08.199487 40 43 rens 174.881226
2 57 16.93 27.34 3.669929 2021-06-18 13:46:11.869416 41 146 CarloCosmicWatch 178.551155
2 126 24.09 27.45 2.207933 2021-06-18 13:46:14.077349 41 147 CarloCosmicWatch 180.759088
1 224 38.29 37.33 0.08479 2021-06-18 13:46:14.162139 41 44 rens 180.843878
2 280 48.67 27.45 0.017908 2021-06-18 13:46:14.180047 41 148 CarloCosmicWatch 180.861786
1 112 22.94 12.63 0.495066 2021-06-18 13:46:14.675113 42 45 rens 181.356852
2 131 24.54 27.34 0.017857 2021-06-18 13:46:14.692970 42 149 CarloCosmicWatch 181.374709
2 56 16.76 27.34 0.29493 2021-06-18 13:46:14.987900 43 150 CarloCosmicWatch 181.669639
2 97 21.75 27.34 0.851763 2021-06-18 13:46:15.839663 43 151 CarloCosmicWatch 182.521402
2 152 26.78 27.34 1.136529 2021-06-18 13:46:16.976192 43 152 CarloCosmicWatch 183.657931
1 178 30.40 28.20 1.08439 2021-06-18 13:46:18.060582 43 46 rens 184.742321
2 496 144.49 27.45 0.017953 2021-06-18 13:46:18.078535 43 153 CarloCosmicWatch 184.760274
2 56 16.76 27.34 2.074555 2021-06-18 13:46:20.153090 44 154 CarloCosmicWatch 186.834829
2 133 24.73 27.34 0.112209 2021-06-18 13:46:20.265299 44 155 CarloCosmicWatch 186.947038
2 67 18.51 27.34 1.50037 2021-06-18 13:46:21.765669 44 156 CarloCosmicWatch 188.447408
2 60 17.43 27.34 0.889445 2021-06-18 13:46:22.655114 44 157 CarloCosmicWatch 189.336853
2 176 30.09 27.34 1.65358 2021-06-18 13:46:24.308694 44 158 CarloCosmicWatch 190.990433
1 163 28.20 22.19 0.029567 2021-06-18 13:46:24.338261 44 47 rens 191.02
2 152 26.78 27.34 2.536614 2021-06-18 13:46:26.874875 45 159 CarloCosmicWatch 193.556614
2 176 30.09 27.34 1.862367 2021-06-18 13:46:28.737242 45 160 CarloCosmicWatch 195.418981
2 199 33.86 27.34 1.726127 2021-06-18 13:46:30.463369 45 161 CarloCosmicWatch 197.145108
1 131 24.54 19.72 0.029448 2021-06-18 13:46:30.492817 45 48 rens 197.174556
2 67 18.51 27.34 0.056659 2021-06-18 13:46:30.549476 46 162 CarloCosmicWatch 197.231215
2 92 21.32 27.34 0.178949 2021-06-18 13:46:30.728425 46 163 CarloCosmicWatch 197.410164
2 63 17.91 27.45 0.810001 2021-06-18 13:46:31.538426 46 164 CarloCosmicWatch 198.220165
2 56 16.76 27.34 1.631318 2021-06-18 13:46:33.169744 46 165 CarloCosmicWatch 199.851483
2 102 22.15 27.34 1.664948 2021-06-18 13:46:34.834692 46 166 CarloCosmicWatch 201.516431
2 56 16.76 27.34 1.350973 2021-06-18 13:46:36.185665 46 167 CarloCosmicWatch 202.867404
2 167 28.76 27.34 0.656397 2021-06-18 13:46:36.842062 46 168 CarloCosmicWatch 203.523801
1 195 33.17 31.96 0.040151 2021-06-18 13:46:36.882213 46 49 rens 203.563952
2 135 24.92 27.45 1.613874 2021-06-18 13:46:38.496087 47 169 CarloCosmicWatch 205.177826
2 241 41.39 27.34 0.033804 2021-06-18 13:46:38.529891 47 170 CarloCosmicWatch 205.21163
2 121 23.66 27.34 1.329349 2021-06-18 13:46:39.859240 47 171 CarloCosmicWatch 206.540979
2 536 160.18 27.34 0.480163 2021-06-18 13:46:40.339403 47 172 CarloCosmicWatch 207.021142
1 225 38.48 36.47 0.033688 2021-06-18 13:46:40.373091 47 50 rens 207.05483
2 572 183.73 27.34 0.000259 2021-06-18 13:46:40.373350 48 173 CarloCosmicWatch 207.055089
1 56 16.76 -6.49 0.066418 2021-06-18 13:46:40.439768 48 51 rens 207.121507
2 237 40.69 27.45 0.000216 2021-06-18 13:46:40.439984 48 174 CarloCosmicWatch 207.121723
1 69 18.79 6.07 1.332336 2021-06-18 13:46:41.772320 49 52 rens 208.454059
2 140 25.42 27.34 0.033782 2021-06-18 13:46:41.806102 49 175 CarloCosmicWatch 208.487841
1 153 26.90 2.31 0.00029 2021-06-18 13:46:41.806392 50 53 rens 208.488131
2 152 26.78 27.34 0.029723 2021-06-18 13:46:41.836115 50 176 CarloCosmicWatch 208.517854
2 110 22.78 27.34 0.52518 2021-06-18 13:46:42.361295 50 177 CarloCosmicWatch 209.043034
2 504 143.61 27.34 1.236101 2021-06-18 13:46:43.597396 50 178 CarloCosmicWatch 210.279135
2 332 61.17 27.34 0.508504 2021-06-18 13:46:44.105900 50 179 CarloCosmicWatch 210.787639
2 99 21.91 27.45 0.082768 2021-06-18 13:46:44.188668 50 180 CarloCosmicWatch 210.870407
2 70 18.93 27.34 1.25931 2021-06-18 13:46:45.447978 50 181 CarloCosmicWatch 212.129717
2 88 20.96 27.34 1.851768 2021-06-18 13:46:47.299746 50 182 CarloCosmicWatch 213.981485
2 273 47.25 27.34 3.679024 2021-06-18 13:46:50.978770 50 183 CarloCosmicWatch 217.660509
1 243 41.74 42.17 0.029482 2021-06-18 13:46:51.008252 50 54 rens 217.689991
2 344 64.67 27.34 2.98349 2021-06-18 13:46:53.991742 51 184 CarloCosmicWatch 220.673481
1 384 80.08 69.78 0.029514 2021-06-18 13:46:54.021256 51 55 rens 220.702995
2 376 76.43 27.34 0.172035 2021-06-18 13:46:54.193291 52 185 CarloCosmicWatch 220.87503
2 57 16.93 27.34 0.203873 2021-06-18 13:46:54.397164 52 186 CarloCosmicWatch 221.078903
1 318 57.28 55.38 0.075259 2021-06-18 13:46:54.472423 52 56 rens 221.154162
2 135 24.92 27.34 0.018049 2021-06-18 13:46:54.490472 52 187 CarloCosmicWatch 221.172211
2 71 19.06 27.34 0.210639 2021-06-18 13:46:54.701111 53 188 CarloCosmicWatch 221.38285
2 142 25.64 27.34 2.239716 2021-06-18 13:46:56.940827 53 189 CarloCosmicWatch 223.622566
1 96 21.67 11.98 1.285046 2021-06-18 13:46:58.225873 53 57 rens 224.907612
2 184 31.36 27.34 0.041627 2021-06-18 13:46:58.267500 53 190 CarloCosmicWatch 224.949239
2 231 39.55 27.34 2.032219 2021-06-18 13:47:00.299719 54 191 CarloCosmicWatch 226.981458
2 207 35.26 27.34 0.403079 2021-06-18 13:47:00.702798 54 192 CarloCosmicWatch 227.384537
1 149 26.42 22.40 0.029484 2021-06-18 13:47:00.732282 54 58 rens 227.414021
1 199 33.86 28.31 1.932644 2021-06-18 13:47:02.664926 55 59 rens 229.346665
2 284 49.41 27.34 0.018043 2021-06-18 13:47:02.682969 55 193 CarloCosmicWatch 229.364708
2 51 15.86 27.34 3.983671 2021-06-18 13:47:06.666640 56 194 CarloCosmicWatch 233.348379
2 79 20.03 27.34 3.289889 2021-06-18 13:47:09.956529 56 195 CarloCosmicWatch 236.638268
1 98 21.83 12.20 0.164135 2021-06-18 13:47:10.120664 56 60 rens 236.802403
2 241 41.39 27.34 0.016993 2021-06-18 13:47:10.137657 56 196 CarloCosmicWatch 236.819396
2 172 29.49 27.34 0.598352 2021-06-18 13:47:10.736009 57 197 CarloCosmicWatch 237.417748
1 62 17.75 1.24 0.029511 2021-06-18 13:47:10.765520 57 61 rens 237.447259
2 332 61.17 27.34 0.400327 2021-06-18 13:47:11.165847 58 198 CarloCosmicWatch 237.847586
1 249 42.85 37.12 0.029572 2021-06-18 13:47:11.195419 58 62 rens 237.877158
1 114 23.10 14.13 1.035954 2021-06-18 13:47:12.231373 59 63 rens 238.913112
2 380 78.12 27.34 0.042528 2021-06-18 13:47:12.273901 59 199 CarloCosmicWatch 238.95564
2 49 15.48 27.34 1.028572 2021-06-18 13:47:13.302473 60 200 CarloCosmicWatch 239.984212
2 143 25.74 27.45 0.264301 2021-06-18 13:47:13.566774 60 201 CarloCosmicWatch 240.248513
2 57 16.93 27.34 0.245917 2021-06-18 13:47:13.812691 60 202 CarloCosmicWatch 240.49443
2 56 16.76 27.34 0.658514 2021-06-18 13:47:14.471205 60 203 CarloCosmicWatch 241.152944
2 399 87.30 27.45 0.066761 2021-06-18 13:47:14.537966 60 204 CarloCosmicWatch 241.219705
1 271 46.93 47.22 0.033606 2021-06-18 13:47:14.571572 60 64 rens 241.253311
2 56 16.76 27.34 0.000204 2021-06-18 13:47:14.571776 61 205 CarloCosmicWatch 241.253515
2 158 27.53 27.34 4.185308 2021-06-18 13:47:18.757084 61 206 CarloCosmicWatch 245.438823
2 243 41.74 27.34 0.033777 2021-06-18 13:47:18.790861 61 207 CarloCosmicWatch 245.4726
1 248 42.69 41.95 0.058252 2021-06-18 13:47:18.849113 61 65 rens 245.530852
2 297 52.13 27.45 1.349176 2021-06-18 13:47:20.198289 61 208 CarloCosmicWatch 246.880028
2 185 31.51 27.45 3.384402 2021-06-18 13:47:23.582691 61 209 CarloCosmicWatch 250.26443
2 71 19.06 27.34 4.131757 2021-06-18 13:47:27.714448 61 210 CarloCosmicWatch 254.396187
2 195 33.17 27.34 0.564128 2021-06-18 13:47:28.278576 61 211 CarloCosmicWatch 254.960315
2 103 22.23 27.34 0.758244 2021-06-18 13:47:29.036820 61 212 CarloCosmicWatch 255.718559
2 71 19.06 27.34 1.969185 2021-06-18 13:47:31.006005 61 213 CarloCosmicWatch 257.687744
2 271 46.93 27.34 0.342391 2021-06-18 13:47:31.348396 61 214 CarloCosmicWatch 258.030135
2 101 22.08 27.45 0.123869 2021-06-18 13:47:31.472265 61 215 CarloCosmicWatch 258.154004
2 319 57.64 27.34 0.141848 2021-06-18 13:47:31.614113 61 216 CarloCosmicWatch 258.295852
1 121 23.66 16.28 0.030465 2021-06-18 13:47:31.644578 61 66 rens 258.326317
2 83 20.46 27.45 3.323999 2021-06-18 13:47:34.968577 62 217 CarloCosmicWatch 261.650316
2 83 20.46 27.45 0.173792 2021-06-18 13:47:35.142369 62 218 CarloCosmicWatch 261.824108
1 248 42.69 37.55 0.029329 2021-06-18 13:47:35.171698 62 67 rens 261.853437
1 179 30.55 27.99 1.868488 2021-06-18 13:47:37.040186 63 68 rens 263.721925
2 167 28.76 27.45 0.017974 2021-06-18 13:47:37.058160 63 219 CarloCosmicWatch 263.739899
2 313 56.02 27.34 2.239607 2021-06-18 13:47:39.297767 64 220 CarloCosmicWatch 265.979506
2 76 19.69 27.34 3.557154 2021-06-18 13:47:42.854921 64 221 CarloCosmicWatch 269.53666
2 102 22.15 27.34 0.54911 2021-06-18 13:47:43.404031 64 222 CarloCosmicWatch 270.08577
1 79 20.03 9.30 0.062468 2021-06-18 13:47:43.466499 64 69 rens 270.148238
2 114 23.10 27.45 0.015716 2021-06-18 13:47:43.482215 64 223 CarloCosmicWatch 270.163954
2 364 71.71 27.45 1.425657 2021-06-18 13:47:44.907872 65 224 CarloCosmicWatch 271.589611
1 122 23.75 17.46 0.030547 2021-06-18 13:47:44.938419 65 70 rens 271.620158
2 355 68.30 27.34 4.477346 2021-06-18 13:47:49.415765 66 225 CarloCosmicWatch 276.097504
1 448 112.41 83.63 0.030626 2021-06-18 13:47:49.446391 66 71 rens 276.12813
2 300 52.79 27.34 0.269769 2021-06-18 13:47:49.716160 67 226 CarloCosmicWatch 276.397899
2 78 19.92 27.45 1.271104 2021-06-18 13:47:50.987264 67 227 CarloCosmicWatch 277.669003
2 398 85.63 27.34 0.728004 2021-06-18 13:47:51.715268 67 228 CarloCosmicWatch 278.397007
2 71 19.06 27.34 1.364681 2021-06-18 13:47:53.079949 67 229 CarloCosmicWatch 279.761688
2 56 16.76 27.34 0.881001 2021-06-18 13:47:53.960950 67 230 CarloCosmicWatch 280.642689
2 158 27.53 27.34 3.135131 2021-06-18 13:47:57.096081 67 231 CarloCosmicWatch 283.77782
2 78 19.92 27.34 1.295949 2021-06-18 13:47:58.392030 67 232 CarloCosmicWatch 285.073769
2 57 16.93 27.34 0.898412 2021-06-18 13:47:59.290442 67 233 CarloCosmicWatch 285.972181
1 71 19.06 7.69 1.41453 2021-06-18 13:48:00.704972 67 72 rens 287.386711
2 133 24.73 27.34 0.017011 2021-06-18 13:48:00.721983 67 234 CarloCosmicWatch 287.403722
2 121 23.66 27.34 2.183123 2021-06-18 13:48:02.905106 68 235 CarloCosmicWatch 289.586845
1 327 59.28 57.96 2.606263 2021-06-18 13:48:05.511369 68 73 rens 292.193108
2 120 23.58 27.34 0.019016 2021-06-18 13:48:05.530385 68 236 CarloCosmicWatch 292.212124
2 56 16.76 27.45 0.76583 2021-06-18 13:48:06.296215 69 237 CarloCosmicWatch 292.977954
1 112 22.94 1.24 2.74389 2021-06-18 13:48:09.040105 69 74 rens 295.721844
2 78 19.92 27.34 0.018084 2021-06-18 13:48:09.058189 69 238 CarloCosmicWatch 295.739928
2 96 21.67 27.34 0.435943 2021-06-18 13:48:09.494132 70 239 CarloCosmicWatch 296.175871
2 173 29.64 27.45 1.926848 2021-06-18 13:48:11.420980 70 240 CarloCosmicWatch 298.102719
1 102 22.15 1.24 0.030539 2021-06-18 13:48:11.451519 70 75 rens 298.133258
1 368 72.93 64.40 0.675586 2021-06-18 13:48:12.127105 71 76 rens 298.808844
2 306 54.23 27.34 0.018995 2021-06-18 13:48:12.146100 71 241 CarloCosmicWatch 298.827839
2 271 46.93 27.34 0.544824 2021-06-18 13:48:12.690924 72 242 CarloCosmicWatch 299.372663
2 65 18.22 27.34 0.529161 2021-06-18 13:48:13.220085 72 243 CarloCosmicWatch 299.901824
1 181 30.87 27.13 1.719151 2021-06-18 13:48:14.939236 72 77 rens 301.620975
2 352 66.89 27.34 0.018984 2021-06-18 13:48:14.958220 72 244 CarloCosmicWatch 301.639959
2 103 22.23 27.34 0.177442 2021-06-18 13:48:15.135662 73 245 CarloCosmicWatch 301.817401
1 88 20.96 -1.02 0.618182 2021-06-18 13:48:15.753844 73 78 rens 302.435583
2 225 38.48 27.34 0.017951 2021-06-18 13:48:15.771795 73 246 CarloCosmicWatch 302.453534
2 204 34.73 27.34 0.062236 2021-06-18 13:48:15.834031 74 247 CarloCosmicWatch 302.51577
2 51 15.86 27.34 0.077866 2021-06-18 13:48:15.911897 74 248 CarloCosmicWatch 302.593636
1 159 27.66 24.44 1.902363 2021-06-18 13:48:17.814260 74 79 rens 304.495999
2 131 24.54 27.34 0.019013 2021-06-18 13:48:17.833273 74 249 CarloCosmicWatch 304.515012
2 396 85.28 27.34 0.217674 2021-06-18 13:48:18.050947 75 250 CarloCosmicWatch 304.732686
2 112 22.94 27.45 2.779592 2021-06-18 13:48:20.830539 75 251 CarloCosmicWatch 307.512278
1 396 85.28 73.75 0.837507 2021-06-18 13:48:21.668046 75 80 rens 308.349785
2 199 33.86 27.34 0.019006 2021-06-18 13:48:21.687052 75 252 CarloCosmicWatch 308.368791
1 162 28.06 25.73 3.57251 2021-06-18 13:48:25.259562 76 81 rens 311.941301
2 224 38.29 27.34 0.041165 2021-06-18 13:48:25.300727 76 253 CarloCosmicWatch 311.982466
2 63 17.91 27.45 3.064368 2021-06-18 13:48:28.365095 77 254 CarloCosmicWatch 315.046834
2 88 20.96 27.34 0.03361 2021-06-18 13:48:28.398705 77 255 CarloCosmicWatch 315.080444
2 403 88.99 27.34 0.066752 2021-06-18 13:48:28.465457 77 256 CarloCosmicWatch 315.147196
1 126 24.09 16.71 0.624535 2021-06-18 13:48:29.089992 77 82 rens 315.771731
2 259 44.69 27.34 0.019094 2021-06-18 13:48:29.109086 77 257 CarloCosmicWatch 315.790825
2 195 33.17 27.34 1.53514 2021-06-18 13:48:30.644226 78 258 CarloCosmicWatch 317.325965
2 76 19.69 27.34 3.432854 2021-06-18 13:48:34.077080 78 259 CarloCosmicWatch 320.758819
1 172 29.49 26.91 0.79179 2021-06-18 13:48:34.868870 78 83 rens 321.550609
2 127 24.18 27.34 0.01908 2021-06-18 13:48:34.887950 78 260 CarloCosmicWatch 321.569689
2 145 25.96 27.34 0.171311 2021-06-18 13:48:35.059261 79 261 CarloCosmicWatch 321.741
1 203 34.56 31.21 0.54813 2021-06-18 13:48:35.607391 79 84 rens 322.28913
2 287 50.23 27.34 0.019102 2021-06-18 13:48:35.626493 79 262 CarloCosmicWatch 322.308232
2 63 17.91 27.34 0.880929 2021-06-18 13:48:36.507422 80 263 CarloCosmicWatch 323.189161
2 319 57.64 27.34 0.678496 2021-06-18 13:48:37.185918 80 264 CarloCosmicWatch 323.867657
2 152 26.78 27.34 0.033765 2021-06-18 13:48:37.219683 80 265 CarloCosmicWatch 323.901422
2 57 16.93 27.34 1.085733 2021-06-18 13:48:38.305416 80 266 CarloCosmicWatch 324.987155
2 63 17.91 27.34 0.611478 2021-06-18 13:48:38.916894 80 267 CarloCosmicWatch 325.598633
1 167 28.76 26.05 0.439922 2021-06-18 13:48:39.356816 80 85 rens 326.038555
2 127 24.18 27.45 0.019078 2021-06-18 13:48:39.375894 80 268 CarloCosmicWatch 326.057633
1 159 27.66 23.15 0.813025 2021-06-18 13:48:40.188919 81 86 rens 326.870658
2 192 32.67 27.45 0.019055 2021-06-18 13:48:40.207974 81 269 CarloCosmicWatch 326.889713
1 82 20.36 -4.45 3.941049 2021-06-18 13:48:44.149023 82 87 rens 330.830762
2 302 53.30 27.34 0.018068 2021-06-18 13:48:44.167091 82 270 CarloCosmicWatch 330.84883
2 147 26.19 27.34 0.69633 2021-06-18 13:48:44.863421 83 271 CarloCosmicWatch 331.54516
1 57 16.93 1.78 0.030537 2021-06-18 13:48:44.893958 83 88 rens 331.575697
2 159 27.66 27.34 0.233015 2021-06-18 13:48:45.126973 84 272 CarloCosmicWatch 331.808712
1 508 144.95 88.25 0.030576 2021-06-18 13:48:45.157549 84 89 rens 331.839288
2 92 21.32 27.45 1.22484 2021-06-18 13:48:46.382389 85 273 CarloCosmicWatch 333.064128
2 57 16.93 27.34 1.016245 2021-06-18 13:48:47.398634 85 274 CarloCosmicWatch 334.080373
2 108 22.63 27.45 2.346129 2021-06-18 13:48:49.744763 85 275 CarloCosmicWatch 336.426502
2 103 22.23 27.34 0.203104 2021-06-18 13:48:49.947867 85 276 CarloCosmicWatch 336.629606
1 99 21.91 0.49 0.03063 2021-06-18 13:48:49.978497 85 90 rens 336.660236
2 48 15.29 27.45 1.242292 2021-06-18 13:48:51.220789 86 277 CarloCosmicWatch 337.902528
2 60 17.43 27.34 2.291734 2021-06-18 13:48:53.512523 86 278 CarloCosmicWatch 340.194262
2 51 15.86 27.34 1.462343 2021-06-18 13:48:54.974866 86 279 CarloCosmicWatch 341.656605
2 51 15.86 27.45 0.124139 2021-06-18 13:48:55.099005 86 280 CarloCosmicWatch 341.780744
1 179 30.55 27.67 1.475834 2021-06-18 13:48:56.574839 86 91 rens 343.256578
2 126 24.09 27.34 0.018947 2021-06-18 13:48:56.593786 86 281 CarloCosmicWatch 343.275525
2 78 19.92 27.45 1.315707 2021-06-18 13:48:57.909493 87 282 CarloCosmicWatch 344.591232
2 399 87.30 27.45 0.882973 2021-06-18 13:48:58.792466 87 283 CarloCosmicWatch 345.474205
2 153 26.90 27.34 1.463745 2021-06-18 13:49:00.256211 87 284 CarloCosmicWatch 346.93795
2 79 20.03 27.34 1.944998 2021-06-18 13:49:02.201209 87 285 CarloCosmicWatch 348.882948
2 89 21.05 27.34 1.344502 2021-06-18 13:49:03.545711 87 286 CarloCosmicWatch 350.22745
2 51 15.86 27.34 1.705129 2021-06-18 13:49:05.250840 87 287 CarloCosmicWatch 351.932579
1 127 24.18 18.00 0.338008 2021-06-18 13:49:05.588848 87 92 rens 352.270587
2 236 40.44 27.34 0.019043 2021-06-18 13:49:05.607891 87 288 CarloCosmicWatch 352.28963
2 339 62.98 27.45 0.593215 2021-06-18 13:49:06.201106 88 289 CarloCosmicWatch 352.882845
1 108 22.63 14.02 0.782945 2021-06-18 13:49:06.984051 88 93 rens 353.66579
2 451 113.08 27.34 0.019055 2021-06-18 13:49:07.003106 88 290 CarloCosmicWatch 353.684845
2 70 18.93 27.34 0.570918 2021-06-18 13:49:07.574024 89 291 CarloCosmicWatch 354.255763
2 421 97.33 27.34 0.920081 2021-06-18 13:49:08.494105 89 292 CarloCosmicWatch 355.175844
1 174 29.79 24.44 0.030565 2021-06-18 13:49:08.524670 89 94 rens 355.206409
2 156 27.28 27.34 2.055825 2021-06-18 13:49:10.580495 90 293 CarloCosmicWatch 357.262234
2 102 22.15 27.34 2.333739 2021-06-18 13:49:12.914234 90 294 CarloCosmicWatch 359.595973
2 287 50.23 27.34 1.208051 2021-06-18 13:49:14.122285 90 295 CarloCosmicWatch 360.804024
1 120 23.58 7.90 0.030539 2021-06-18 13:49:14.152824 90 95 rens 360.834563
2 199 33.86 27.45 0.279539 2021-06-18 13:49:14.432363 91 296 CarloCosmicWatch 361.114102
2 79 20.03 27.34 0.297999 2021-06-18 13:49:14.730362 91 297 CarloCosmicWatch 361.412101
2 62 17.75 27.34 0.525132 2021-06-18 13:49:15.255494 91 298 CarloCosmicWatch 361.937233
2 131 24.54 27.34 0.916817 2021-06-18 13:49:16.172311 91 299 CarloCosmicWatch 362.85405
2 71 19.06 27.34 1.589527 2021-06-18 13:49:17.761838 91 300 CarloCosmicWatch 364.443577
2 102 22.15 27.34 0.632896 2021-06-18 13:49:18.394734 91 301 CarloCosmicWatch 365.076473
2 51 15.86 27.34 0.641084 2021-06-18 13:49:19.035818 91 302 CarloCosmicWatch 365.717557
2 57 16.93 27.34 0.477866 2021-06-18 13:49:19.513684 91 303 CarloCosmicWatch 366.195423
2 199 33.86 27.34 0.734497 2021-06-18 13:49:20.248181 91 304 CarloCosmicWatch 366.92992
1 159 27.66 23.69 0.030617 2021-06-18 13:49:20.278798 91 96 rens 366.960537
2 115 23.18 27.34 5.315255 2021-06-18 13:49:25.594053 92 305 CarloCosmicWatch 372.275792
2 67 18.51 27.34 0.566228 2021-06-18 13:49:26.160281 92 306 CarloCosmicWatch 372.84202
2 56 16.76 27.34 0.994453 2021-06-18 13:49:27.154734 92 307 CarloCosmicWatch 373.836473
2 50 15.67 27.34 0.193901 2021-06-18 13:49:27.348635 92 308 CarloCosmicWatch 374.030374
2 70 18.93 27.34 0.376431 2021-06-18 13:49:27.725066 92 309 CarloCosmicWatch 374.406805
2 60 17.43 27.34 0.519875 2021-06-18 13:49:28.244941 92 310 CarloCosmicWatch 374.92668
2 323 58.48 27.34 0.704596 2021-06-18 13:49:28.949537 92 311 CarloCosmicWatch 375.631276
2 108 22.63 27.45 0.073298 2021-06-18 13:49:29.022835 92 312 CarloCosmicWatch 375.704574
2 127 24.18 27.34 2.620875 2021-06-18 13:49:31.643710 92 313 CarloCosmicWatch 378.325449
2 345 64.98 27.34 2.438049 2021-06-18 13:49:34.081759 92 314 CarloCosmicWatch 380.763498
1 159 27.66 23.15 0.033765 2021-06-18 13:49:34.115524 92 97 rens 380.797263
2 280 48.67 27.45 0.000235 2021-06-18 13:49:34.115759 93 315 CarloCosmicWatch 380.797498
1 286 49.78 34.65 0.057871 2021-06-18 13:49:34.173630 93 98 rens 380.855369
2 115 23.18 27.45 2.951939 2021-06-18 13:49:37.125569 93 316 CarloCosmicWatch 383.807308
2 199 33.86 27.34 0.676976 2021-06-18 13:49:37.802545 93 317 CarloCosmicWatch 384.484284
1 255 43.96 43.35 0.030577 2021-06-18 13:49:37.833122 93 99 rens 384.514861
2 231 39.55 27.34 0.298266 2021-06-18 13:49:38.131388 94 318 CarloCosmicWatch 384.813127
2 159 27.66 27.34 0.079925 2021-06-18 13:49:38.211313 94 319 CarloCosmicWatch 384.893052
1 152 26.78 19.82 0.030515 2021-06-18 13:49:38.241828 94 100 rens 384.923567
2 207 35.26 27.34 1.918404 2021-06-18 13:49:40.160232 95 320 CarloCosmicWatch 386.841971
1 124 23.92 4.14 0.030591 2021-06-18 13:49:40.190823 95 101 rens 386.872562
2 176 30.09 27.34 0.539538 2021-06-18 13:49:40.730361 96 321 CarloCosmicWatch 387.4121
1 489 138.11 92.87 0.975769 2021-06-18 13:49:41.706130 96 102 rens 388.387869
2 261 45.09 27.45 0.021122 2021-06-18 13:49:41.727252 96 322 CarloCosmicWatch 388.408991
2 184 31.36 27.34 0.120752 2021-06-18 13:49:41.848004 97 323 CarloCosmicWatch 388.529743
1 110 22.78 19.72 0.030335 2021-06-18 13:49:41.878339 97 103 rens 388.560078
2 263 45.37 27.34 8.601317 2021-06-18 13:49:50.479656 98 324 CarloCosmicWatch 397.161395
2 270 46.71 27.45 1.861472 2021-06-18 13:49:52.341128 98 325 CarloCosmicWatch 399.022867
1 229 39.22 36.90 0.030593 2021-06-18 13:49:52.371721 98 104 rens 399.05346
2 67 18.51 27.34 0.371912 2021-06-18 13:49:52.743633 99 326 CarloCosmicWatch 399.425372
2 409 91.12 27.34 0.248546 2021-06-18 13:49:52.992179 99 327 CarloCosmicWatch 399.673918
1 97 21.75 9.83 0.030563 2021-06-18 13:49:53.022742 99 105 rens 399.704481
2 344 64.67 27.34 2.50499 2021-06-18 13:49:55.527732 100 328 CarloCosmicWatch 402.209471
1 547 162.22 104.90 0.030537 2021-06-18 13:49:55.558269 100 106 rens 402.240008
2 96 21.67 27.34 0.824093 2021-06-18 13:49:56.382362 101 329 CarloCosmicWatch 403.064101
1 97 21.75 11.88 2.577475 2021-06-18 13:49:58.959837 101 107 rens 405.641576
2 192 32.67 27.34 0.019107 2021-06-18 13:49:58.978944 101 330 CarloCosmicWatch 405.660683
1 396 85.28 73.75 2.037287 2021-06-18 13:50:01.016231 102 108 rens 407.69797
2 334 61.44 27.34 0.020092 2021-06-18 13:50:01.036323 102 331 CarloCosmicWatch 407.718062
2 57 16.93 27.34 0.709091 2021-06-18 13:50:01.745414 103 332 CarloCosmicWatch 408.427153
2 71 19.06 27.34 0.238449 2021-06-18 13:50:01.983863 103 333 CarloCosmicWatch 408.665602
2 243 41.74 27.34 0.637368 2021-06-18 13:50:02.621231 103 334 CarloCosmicWatch 409.30297
2 81 20.25 27.34 0.300055 2021-06-18 13:50:02.921286 103 335 CarloCosmicWatch 409.603025
2 103 22.23 27.34 1.657178 2021-06-18 13:50:04.578464 103 336 CarloCosmicWatch 411.260203
1 92 21.32 9.30 0.03041 2021-06-18 13:50:04.608874 103 109 rens 411.290613
2 332 61.17 27.34 0.123994 2021-06-18 13:50:04.732868 104 337 CarloCosmicWatch 411.414607
2 60 17.43 27.45 0.266625 2021-06-18 13:50:04.999493 104 338 CarloCosmicWatch 411.681232
1 78 19.92 7.69 0.882053 2021-06-18 13:50:05.881546 104 110 rens 412.563285
2 71 19.06 27.34 0.017754 2021-06-18 13:50:05.899300 104 339 CarloCosmicWatch 412.581039
2 78 19.92 27.34 0.215984 2021-06-18 13:50:06.115284 105 340 CarloCosmicWatch 412.797023
2 163 28.20 27.34 1.319283 2021-06-18 13:50:07.434567 105 341 CarloCosmicWatch 414.116306
2 83 20.46 27.34 0.686742 2021-06-18 13:50:08.121309 105 342 CarloCosmicWatch 414.803048
2 177 30.25 27.34 0.505182 2021-06-18 13:50:08.626491 105 343 CarloCosmicWatch 415.30823
1 302 53.30 52.80 0.030289 2021-06-18 13:50:08.656780 105 111 rens 415.338519
2 163 28.20 27.34 0.093735 2021-06-18 13:50:08.750515 106 344 CarloCosmicWatch 415.432254
1 127 24.18 13.92 0.030491 2021-06-18 13:50:08.781006 106 112 rens 415.462745
2 57 16.93 27.45 0.179908 2021-06-18 13:50:08.960914 107 345 CarloCosmicWatch 415.642653
2 63 17.91 27.34 0.45077 2021-06-18 13:50:09.411684 107 346 CarloCosmicWatch 416.093423
2 115 23.18 27.34 0.329782 2021-06-18 13:50:09.741466 107 347 CarloCosmicWatch 416.423205
2 304 53.73 27.34 2.011445 2021-06-18 13:50:11.752911 107 348 CarloCosmicWatch 418.43465
2 56 16.76 27.34 0.681629 2021-06-18 13:50:12.434540 107 349 CarloCosmicWatch 419.116279
1 492 134.92 93.09 0.033768 2021-06-18 13:50:12.468308 107 113 rens 419.150047
2 271 46.93 27.34 0.018238 2021-06-18 13:50:12.486546 108 350 CarloCosmicWatch 419.168285
1 184 31.36 24.44 2.026763 2021-06-18 13:50:14.513309 108 114 rens 421.195048
2 312 55.68 27.34 0.020055 2021-06-18 13:50:14.533364 108 351 CarloCosmicWatch 421.215103
2 67 18.51 27.34 0.573866 2021-06-18 13:50:15.107230 109 352 CarloCosmicWatch 421.788969
2 224 38.29 27.34 1.402921 2021-06-18 13:50:16.510151 109 353 CarloCosmicWatch 423.19189
2 97 21.75 27.34 0.294923 2021-06-18 13:50:16.805074 109 354 CarloCosmicWatch 423.486813
1 89 21.05 16.92 0.029515 2021-06-18 13:50:16.834589 109 115 rens 423.516328
2 60 17.43 27.34 0.032274 2021-06-18 13:50:16.866863 110 355 CarloCosmicWatch 423.548602
2 319 57.64 27.34 1.242446 2021-06-18 13:50:18.109309 110 356 CarloCosmicWatch 424.791048
2 451 113.08 27.34 0.083206 2021-06-18 13:50:18.192515 110 357 CarloCosmicWatch 424.874254
1 350 66.46 63.44 0.031577 2021-06-18 13:50:18.224092 110 116 rens 424.905831
2 304 53.73 27.34 0.208296 2021-06-18 13:50:18.432388 111 358 CarloCosmicWatch 425.114127
2 131 24.54 27.34 0.295101 2021-06-18 13:50:18.727489 111 359 CarloCosmicWatch 425.409228
2 134 24.82 27.45 1.119531 2021-06-18 13:50:19.847020 111 360 CarloCosmicWatch 426.528759
2 199 33.86 27.34 0.653433 2021-06-18 13:50:20.500453 111 361 CarloCosmicWatch 427.182192
2 50 15.67 27.34 1.227909 2021-06-18 13:50:21.728362 111 362 CarloCosmicWatch 428.410101
2 195 33.17 27.34 0.980396 2021-06-18 13:50:22.708758 111 363 CarloCosmicWatch 429.390497
2 71 19.06 27.45 2.567759 2021-06-18 13:50:25.276517 111 364 CarloCosmicWatch 431.958256
2 124 23.92 27.34 1.875607 2021-06-18 13:50:27.152124 111 365 CarloCosmicWatch 433.833863
2 211 35.96 27.34 0.100898 2021-06-18 13:50:27.253022 111 366 CarloCosmicWatch 433.934761
2 78 19.92 27.34 0.332025 2021-06-18 13:50:27.585047 111 367 CarloCosmicWatch 434.266786
2 207 35.26 27.34 0.194078 2021-06-18 13:50:27.779125 111 368 CarloCosmicWatch 434.460864
1 66 18.36 5.86 0.030491 2021-06-18 13:50:27.809616 111 117 rens 434.491355
2 131 24.54 27.34 1.289585 2021-06-18 13:50:29.099201 112 369 CarloCosmicWatch 435.78094
2 81 20.25 27.34 1.574913 2021-06-18 13:50:30.674114 112 370 CarloCosmicWatch 437.355853
2 89 21.05 27.34 0.143788 2021-06-18 13:50:30.817902 112 371 CarloCosmicWatch 437.499641
1 167 28.76 24.44 0.029486 2021-06-18 13:50:30.847388 112 118 rens 437.529127
2 121 23.66 27.45 1.06937 2021-06-18 13:50:31.916758 113 372 CarloCosmicWatch 438.598497
2 224 38.29 27.45 0.454703 2021-06-18 13:50:32.371461 113 373 CarloCosmicWatch 439.0532
2 369 73.42 27.45 0.257977 2021-06-18 13:50:32.629438 113 374 CarloCosmicWatch 439.311177
1 66 18.36 5.32 0.030485 2021-06-18 13:50:32.659923 113 119 rens 439.341662
2 176 30.09 27.34 1.612635 2021-06-18 13:50:34.272558 114 375 CarloCosmicWatch 440.954297
1 184 31.36 28.31 0.395083 2021-06-18 13:50:34.667641 114 120 rens 441.34938
2 231 39.55 27.45 0.020122 2021-06-18 13:50:34.687763 114 376 CarloCosmicWatch 441.369502
2 167 28.76 27.45 2.108201 2021-06-18 13:50:36.795964 115 377 CarloCosmicWatch 443.477703
1 229 39.22 37.33 0.030555 2021-06-18 13:50:36.826519 115 121 rens 443.508258
2 199 33.86 27.34 0.200162 2021-06-18 13:50:37.026681 116 378 CarloCosmicWatch 443.70842
1 103 22.23 9.30 0.030594 2021-06-18 13:50:37.057275 116 122 rens 443.739014
2 78 19.92 27.34 1.571632 2021-06-18 13:50:38.628907 117 379 CarloCosmicWatch 445.310646
2 70 18.93 27.34 1.524813 2021-06-18 13:50:40.153720 117 380 CarloCosmicWatch 446.835459
2 184 31.36 27.45 2.810834 2021-06-18 13:50:42.964554 117 381 CarloCosmicWatch 449.646293
2 51 15.86 27.45 0.322065 2021-06-18 13:50:43.286619 117 382 CarloCosmicWatch 449.968358
2 63 17.91 27.34 2.324337 2021-06-18 13:50:45.610956 117 383 CarloCosmicWatch 452.292695
2 188 32.01 27.34 3.354996 2021-06-18 13:50:48.965952 117 384 CarloCosmicWatch 455.647691
2 103 22.23 27.34 1.041845 2021-06-18 13:50:50.007797 117 385 CarloCosmicWatch 456.689536
2 241 41.39 27.34 0.396368 2021-06-18 13:50:50.404165 117 386 CarloCosmicWatch 457.085904
1 176 30.09 26.16 1.593154 2021-06-18 13:50:51.997319 117 123 rens 458.679058
2 271 46.93 27.34 0.020075 2021-06-18 13:50:52.017394 117 387 CarloCosmicWatch 458.699133
2 167 28.76 27.34 0.107223 2021-06-18 13:50:52.124617 118 388 CarloCosmicWatch 458.806356
2 432 101.61 27.34 0.690941 2021-06-18 13:50:52.815558 118 389 CarloCosmicWatch 459.497297
1 192 32.67 28.20 0.031609 2021-06-18 13:50:52.847167 118 124 rens 459.528906
2 384 80.08 27.34 1.124607 2021-06-18 13:50:53.971774 119 390 CarloCosmicWatch 460.653513
1 121 23.66 6.83 0.130919 2021-06-18 13:50:54.102693 119 125 rens 460.784432
2 263 45.37 27.34 0.018971 2021-06-18 13:50:54.121664 119 391 CarloCosmicWatch 460.803403
2 60 17.43 27.34 0.35451 2021-06-18 13:50:54.476174 120 392 CarloCosmicWatch 461.157913
1 433 104.37 81.48 6.08082 2021-06-18 13:51:00.556994 120 126 rens 467.238733
2 472 125.87 27.34 0.021091 2021-06-18 13:51:00.578085 120 393 CarloCosmicWatch 467.259824
2 50 15.67 27.34 0.01273 2021-06-18 13:51:00.590815 121 394 CarloCosmicWatch 467.272554
2 140 25.42 27.34 3.108236 2021-06-18 13:51:03.699051 121 395 CarloCosmicWatch 470.38079
2 230 39.39 27.34 2.494175 2021-06-18 13:51:06.193226 121 396 CarloCosmicWatch 472.874965
2 179 30.55 27.34 0.169424 2021-06-18 13:51:06.362650 121 397 CarloCosmicWatch 473.044389
2 56 16.76 27.34 1.464711 2021-06-18 13:51:07.827361 121 398 CarloCosmicWatch 474.5091
2 255 43.96 27.45 1.742127 2021-06-18 13:51:09.569488 121 399 CarloCosmicWatch 476.251227
2 371 73.82 27.34 0.55092 2021-06-18 13:51:10.120408 121 400 CarloCosmicWatch 476.802147
2 295 51.75 27.34 2.255665 2021-06-18 13:51:12.376073 121 401 CarloCosmicWatch 479.057812
2 294 51.51 27.34 0.033713 2021-06-18 13:51:12.409786 121 402 CarloCosmicWatch 479.091525
2 62 17.75 27.45 1.132364 2021-06-18 13:51:13.542150 121 403 CarloCosmicWatch 480.223889
2 56 16.76 27.34 1.535922 2021-06-18 13:51:15.078072 121 404 CarloCosmicWatch 481.759811
2 166 28.62 27.45 0.383258 2021-06-18 13:51:15.461330 121 405 CarloCosmicWatch 482.143069
2 124 23.92 27.34 0.577944 2021-06-18 13:51:16.039274 121 406 CarloCosmicWatch 482.721013
2 178 30.40 27.34 1.515292 2021-06-18 13:51:17.554566 121 407 CarloCosmicWatch 484.236305
2 78 19.92 27.34 1.527166 2021-06-18 13:51:19.081732 121 408 CarloCosmicWatch 485.763471
2 50 15.67 27.45 2.293518 2021-06-18 13:51:21.375250 121 409 CarloCosmicWatch 488.056989
2 241 41.39 27.34 4.145187 2021-06-18 13:51:25.520437 121 410 CarloCosmicWatch 492.202176
2 391 82.35 27.34 0.033664 2021-06-18 13:51:25.554101 121 411 CarloCosmicWatch 492.23584
2 57 16.93 27.34 1.297331 2021-06-18 13:51:26.851432 121 412 CarloCosmicWatch 493.533171
2 211 35.96 27.34 2.151898 2021-06-18 13:51:29.003330 121 413 CarloCosmicWatch 495.685069
2 62 17.75 27.34 0.599998 2021-06-18 13:51:29.603328 121 414 CarloCosmicWatch 496.285067
2 102 22.15 27.45 4.789897 2021-06-18 13:51:34.393225 121 415 CarloCosmicWatch 501.074964
2 207 35.26 27.34 0.274635 2021-06-18 13:51:34.667860 121 416 CarloCosmicWatch 501.349599
2 207 35.26 27.45 0.74752 2021-06-18 13:51:35.415380 121 417 CarloCosmicWatch 502.097119
2 147 26.19 27.34 0.198939 2021-06-18 13:51:35.614319 121 418 CarloCosmicWatch 502.296058
2 481 129.57 27.34 2.468035 2021-06-18 13:51:38.082354 121 419 CarloCosmicWatch 504.764093
2 249 42.85 27.45 0.823843 2021-06-18 13:51:38.906197 121 420 CarloCosmicWatch 505.587936
2 199 33.86 27.34 1.105818 2021-06-18 13:51:40.012015 121 421 CarloCosmicWatch 506.693754
2 271 46.93 27.45 0.304233 2021-06-18 13:51:40.316248 121 422 CarloCosmicWatch 506.997987
2 147 26.19 27.34 0.545415 2021-06-18 13:51:40.861663 121 423 CarloCosmicWatch 507.543402
2 89 21.05 27.34 0.235143 2021-06-18 13:51:41.096806 121 424 CarloCosmicWatch 507.778545
2 192 32.67 27.34 0.78619 2021-06-18 13:51:41.882996 121 425 CarloCosmicWatch 508.564735
2 216 36.85 27.45 1.517073 2021-06-18 13:51:43.400069 121 426 CarloCosmicWatch 510.081808
2 81 20.25 27.45 0.610813 2021-06-18 13:51:44.010882 121 427 CarloCosmicWatch 510.692621
2 213 36.33 27.34 1.051368 2021-06-18 13:51:45.062250 121 428 CarloCosmicWatch 511.743989
2 327 59.28 27.45 0.08474 2021-06-18 13:51:45.146990 121 429 CarloCosmicWatch 511.828729
2 56 16.76 27.45 0.313181 2021-06-18 13:51:45.460171 121 430 CarloCosmicWatch 512.14191
2 319 57.64 27.45 1.27779 2021-06-18 13:51:46.737961 121 431 CarloCosmicWatch 513.4197
2 115 23.18 27.34 2.045131 2021-06-18 13:51:48.783092 121 432 CarloCosmicWatch 515.464831
2 188 32.01 27.34 2.961131 2021-06-18 13:51:51.744223 121 433 CarloCosmicWatch 518.425962
2 188 32.01 27.45 2.019715 2021-06-18 13:51:53.763938 121 434 CarloCosmicWatch 520.445677
2 126 24.09 27.45 10.548896 2021-06-18 13:52:04.312834 121 435 CarloCosmicWatch 530.994573
2 89 21.05 27.34 0.464571 2021-06-18 13:52:04.777405 121 436 CarloCosmicWatch 531.459144
2 137 25.12 27.34 0.648585 2021-06-18 13:52:05.425990 121 437 CarloCosmicWatch 532.107729
2 50 15.67 27.34 1.68684 2021-06-18 13:52:07.112830 121 438 CarloCosmicWatch 533.794569
2 51 15.86 27.34 0.439418 2021-06-18 13:52:07.552248 121 439 CarloCosmicWatch 534.233987
2 71 19.06 27.45 0.947399 2021-06-18 13:52:08.499647 121 440 CarloCosmicWatch 535.181386
2 165 28.48 27.34 1.692073 2021-06-18 13:52:10.191720 121 441 CarloCosmicWatch 536.873459
2 65 18.22 27.45 0.613377 2021-06-18 13:52:10.805097 121 442 CarloCosmicWatch 537.486836
2 398 85.63 27.34 2.706229 2021-06-18 13:52:13.511326 121 443 CarloCosmicWatch 540.193065
2 263 45.37 27.34 0.08274 2021-06-18 13:52:13.594066 121 444 CarloCosmicWatch 540.275805
2 248 42.69 27.34 0.708999 2021-06-18 13:52:14.303065 121 445 CarloCosmicWatch 540.984804
2 137 25.12 27.34 0.55213 2021-06-18 13:52:14.855195 121 446 CarloCosmicWatch 541.536934
2 96 21.67 27.34 1.057157 2021-06-18 13:52:15.912352 121 447 CarloCosmicWatch 542.594091
2 145 25.96 27.34 0.356081 2021-06-18 13:52:16.268433 121 448 CarloCosmicWatch 542.950172
2 414 93.93 27.34 0.557918 2021-06-18 13:52:16.826351 121 449 CarloCosmicWatch 543.50809
2 206 35.07 27.34 0.480403 2021-06-18 13:52:17.306754 121 450 CarloCosmicWatch 543.988493
2 271 46.93 27.45 4.780701 2021-06-18 13:52:22.087455 121 451 CarloCosmicWatch 548.769194
2 560 175.34 27.45 1.518001 2021-06-18 13:52:23.605456 121 452 CarloCosmicWatch 550.287195
2 92 21.32 27.34 1.345078 2021-06-18 13:52:24.950534 121 453 CarloCosmicWatch 551.632273
2 51 15.86 27.34 1.253346 2021-06-18 13:52:26.203880 121 454 CarloCosmicWatch 552.885619
2 67 18.51 27.45 1.577109 2021-06-18 13:52:27.780989 121 455 CarloCosmicWatch 554.462728
2 71 19.06 27.34 1.302632 2021-06-18 13:52:29.083621 121 456 CarloCosmicWatch 555.76536
2 134 24.82 27.45 0.15378 2021-06-18 13:52:29.237401 121 457 CarloCosmicWatch 555.91914
2 217 37.04 27.34 1.270716 2021-06-18 13:52:30.508117 121 458 CarloCosmicWatch 557.189856
2 66 18.36 27.34 1.326156 2021-06-18 13:52:31.834273 121 459 CarloCosmicWatch 558.516012
2 98 21.83 27.45 0.995453 2021-06-18 13:52:32.829726 121 460 CarloCosmicWatch 559.511465
2 100 22.00 27.34 0.925288 2021-06-18 13:52:33.755014 121 461 CarloCosmicWatch 560.436753
2 254 43.77 27.34 2.141311 2021-06-18 13:52:35.896325 121 462 CarloCosmicWatch 562.578064
2 423 97.36 27.34 0.257324 2021-06-18 13:52:36.153649 121 463 CarloCosmicWatch 562.835388
2 121 23.66 27.34 0.612074 2021-06-18 13:52:36.765723 121 464 CarloCosmicWatch 563.447462
2 63 17.91 27.45 1.741157 2021-06-18 13:52:38.506880 121 465 CarloCosmicWatch 565.188619
2 126 24.09 27.45 0.418553 2021-06-18 13:52:38.925433 121 466 CarloCosmicWatch 565.607172
2 159 27.66 27.34 0.03374 2021-06-18 13:52:38.959173 121 467 CarloCosmicWatch 565.640912
2 271 46.93 27.45 1.002782 2021-06-18 13:52:39.961955 121 468 CarloCosmicWatch 566.643694
2 49 15.48 27.34 0.292797 2021-06-18 13:52:40.254752 121 469 CarloCosmicWatch 566.936491
2 275 47.73 27.56 0.439495 2021-06-18 13:52:40.694247 121 470 CarloCosmicWatch 567.375986
2 271 46.93 27.45 0.817398 2021-06-18 13:52:41.511645 121 471 CarloCosmicWatch 568.193384
2 231 39.55 27.56 0.920575 2021-06-18 13:52:42.432220 121 472 CarloCosmicWatch 569.113959
