# layer adc volt temp timediff time detector_muon_count detector_count detector_name
0 135 24.92 26.05 10 2021-06-18 19:57:34.980656 0 1 CarloCosmicWatch 0.033324
0 156 27.28 26.05 1.205381 2021-06-18 19:57:36.186037 0 2 CarloCosmicWatch 1.238705
0 89 21.05 26.05 4.97992 2021-06-18 19:57:41.165957 0 3 CarloCosmicWatch 6.218625
0 83 20.46 26.05 2.55529 2021-06-18 19:57:43.721247 0 4 CarloCosmicWatch 8.773915
0 51 15.86 26.05 4.269728 2021-06-18 19:57:47.990975 0 5 CarloCosmicWatch 13.043643
0 127 24.18 26.05 3.691734 2021-06-18 19:57:51.682709 0 6 CarloCosmicWatch 16.735377
0 102 22.15 25.95 0.457904 2021-06-18 19:57:52.140613 0 7 CarloCosmicWatch 17.193281
0 48 15.29 26.05 0.540214 2021-06-18 19:57:52.680827 0 8 CarloCosmicWatch 17.733495
0 143 25.74 26.05 0.483009 2021-06-18 19:57:53.163836 0 9 CarloCosmicWatch 18.216504
0 56 16.76 26.05 0.132526 2021-06-18 19:57:53.296362 0 10 CarloCosmicWatch 18.34903
0 51 15.86 26.05 0.482127 2021-06-18 19:57:53.778489 0 11 CarloCosmicWatch 18.831157
0 348 65.64 26.05 0.45104 2021-06-18 19:57:54.229529 0 12 CarloCosmicWatch 19.282197
0 50 15.67 26.05 1.530624 2021-06-18 19:57:55.760153 0 13 CarloCosmicWatch 20.812821
0 71 19.06 26.05 0.72626 2021-06-18 19:57:56.486413 0 14 CarloCosmicWatch 21.539081
0 56 16.76 26.05 0.446141 2021-06-18 19:57:56.932554 0 15 CarloCosmicWatch 21.985222
0 184 31.36 26.05 0.076091 2021-06-18 19:57:57.008645 0 16 CarloCosmicWatch 22.061313
0 231 39.55 26.05 1.838309 2021-06-18 19:57:58.846954 0 17 CarloCosmicWatch 23.899622
0 167 28.76 26.05 1.107464 2021-06-18 19:57:59.954418 0 18 CarloCosmicWatch 25.007086
0 66 18.36 26.05 1.106989 2021-06-18 19:58:01.061407 0 19 CarloCosmicWatch 26.114075
0 399 87.30 26.05 4.097257 2021-06-18 19:58:05.158664 0 20 CarloCosmicWatch 30.211332
0 112 22.94 26.05 0.456625 2021-06-18 19:58:05.615289 0 21 CarloCosmicWatch 30.667957
0 271 46.93 26.05 0.151671 2021-06-18 19:58:05.766960 0 22 CarloCosmicWatch 30.819628
0 300 52.79 26.05 2.437471 2021-06-18 19:58:08.204431 0 23 CarloCosmicWatch 33.257099
0 79 20.03 26.05 1.044093 2021-06-18 19:58:09.248524 0 24 CarloCosmicWatch 34.301192
0 192 32.67 26.05 0.500123 2021-06-18 19:58:09.748647 0 25 CarloCosmicWatch 34.801315
0 163 28.20 26.05 0.336614 2021-06-18 19:58:10.085261 0 26 CarloCosmicWatch 35.137929
0 121 23.66 26.05 0.084904 2021-06-18 19:58:10.170165 0 27 CarloCosmicWatch 35.222833
0 137 25.12 26.05 0.112989 2021-06-18 19:58:10.283154 0 28 CarloCosmicWatch 35.335822
1 77 19.81 10.59 1.047124 2021-06-18 19:58:11.330278 0 1 rens 36.382946
0 270 46.71 26.05 0.012823 2021-06-18 19:58:11.343101 0 29 CarloCosmicWatch 36.395769
0 99 21.91 26.05 0.135555 2021-06-18 19:58:11.478656 1 30 CarloCosmicWatch 36.531324
0 158 27.53 26.05 2.530677 2021-06-18 19:58:14.009333 1 31 CarloCosmicWatch 39.062001
0 163 28.20 26.05 1.527642 2021-06-18 19:58:15.536975 1 32 CarloCosmicWatch 40.589643
0 206 35.07 26.05 2.201322 2021-06-18 19:58:17.738297 1 33 CarloCosmicWatch 42.790965
0 263 45.37 26.05 0.617662 2021-06-18 19:58:18.355959 1 34 CarloCosmicWatch 43.408627
0 176 30.09 26.05 1.460019 2021-06-18 19:58:19.815978 1 35 CarloCosmicWatch 44.868646
0 344 64.67 26.05 0.155801 2021-06-18 19:58:19.971779 1 36 CarloCosmicWatch 45.024447
0 50 15.67 26.05 0.326398 2021-06-18 19:58:20.298177 1 37 CarloCosmicWatch 45.350845
0 295 51.75 26.05 0.160973 2021-06-18 19:58:20.459150 1 38 CarloCosmicWatch 45.511818
0 48 15.29 26.05 3.694008 2021-06-18 19:58:24.153158 1 39 CarloCosmicWatch 49.205826
0 192 32.67 26.05 0.033745 2021-06-18 19:58:24.186903 1 40 CarloCosmicWatch 49.239571
0 62 17.75 26.05 4.377754 2021-06-18 19:58:28.564657 1 41 CarloCosmicWatch 53.617325
0 88 20.96 26.05 0.313871 2021-06-18 19:58:28.878528 1 42 CarloCosmicWatch 53.931196
0 319 57.64 26.05 0.618481 2021-06-18 19:58:29.497009 1 43 CarloCosmicWatch 54.549677
0 57 16.93 26.05 1.575286 2021-06-18 19:58:31.072295 1 44 CarloCosmicWatch 56.124963
0 66 18.36 26.05 2.366118 2021-06-18 19:58:33.438413 1 45 CarloCosmicWatch 58.491081
0 421 97.33 26.05 2.925942 2021-06-18 19:58:36.364355 1 46 CarloCosmicWatch 61.417023
0 51 15.86 26.05 1.017577 2021-06-18 19:58:37.381932 1 47 CarloCosmicWatch 62.4346
0 65 18.22 26.05 0.957943 2021-06-18 19:58:38.339875 1 48 CarloCosmicWatch 63.392543
0 384 80.08 26.05 0.444397 2021-06-18 19:58:38.784272 1 49 CarloCosmicWatch 63.83694
0 63 17.91 26.05 0.601033 2021-06-18 19:58:39.385305 1 50 CarloCosmicWatch 64.437973
0 69 18.79 26.05 3.171216 2021-06-18 19:58:42.556521 1 51 CarloCosmicWatch 67.609189
0 281 48.90 26.05 1.84704 2021-06-18 19:58:44.403561 1 52 CarloCosmicWatch 69.456229
0 115 23.18 26.05 0.51303 2021-06-18 19:58:44.916591 1 53 CarloCosmicWatch 69.969259
2 121 23.66 26.05 0.036986 2021-06-18 19:58:44.953577 0 1 Noor 70.006245
0 295 51.75 26.05 6.875155 2021-06-18 19:58:51.828732 2 54 CarloCosmicWatch 76.8814
0 71 19.06 26.05 4.198861 2021-06-18 19:58:56.027593 2 55 CarloCosmicWatch 81.080261
0 143 25.74 26.05 0.910483 2021-06-18 19:58:56.938076 2 56 CarloCosmicWatch 81.990744
0 63 17.91 26.05 0.292722 2021-06-18 19:58:57.230798 2 57 CarloCosmicWatch 82.283466
0 275 47.73 26.05 0.721747 2021-06-18 19:58:57.952545 2 58 CarloCosmicWatch 83.005213
0 172 29.49 26.05 0.697841 2021-06-18 19:58:58.650386 2 59 CarloCosmicWatch 83.703054
0 135 24.92 26.05 3.088574 2021-06-18 19:59:01.738960 2 60 CarloCosmicWatch 86.791628
0 76 19.69 26.05 1.128475 2021-06-18 19:59:02.867435 2 61 CarloCosmicWatch 87.920103
0 49 15.48 26.05 1.53252 2021-06-18 19:59:04.399955 2 62 CarloCosmicWatch 89.452623
0 63 17.91 26.05 0.404442 2021-06-18 19:59:04.804397 2 63 CarloCosmicWatch 89.857065
0 61 17.60 26.05 0.033764 2021-06-18 19:59:04.838161 2 64 CarloCosmicWatch 89.890829
0 49 15.48 26.05 0.066518 2021-06-18 19:59:04.904679 2 65 CarloCosmicWatch 89.957347
0 92 21.32 26.05 0.262099 2021-06-18 19:59:05.166778 2 66 CarloCosmicWatch 90.219446
0 57 16.93 26.05 0.182383 2021-06-18 19:59:05.349161 2 67 CarloCosmicWatch 90.401829
0 49 15.48 26.05 0.257911 2021-06-18 19:59:05.607072 2 68 CarloCosmicWatch 90.65974
0 62 17.75 26.05 0.312561 2021-06-18 19:59:05.919633 2 69 CarloCosmicWatch 90.972301
0 49 15.48 26.05 3.659391 2021-06-18 19:59:09.579024 2 70 CarloCosmicWatch 94.631692
0 50 15.67 26.05 0.033766 2021-06-18 19:59:09.612790 2 71 CarloCosmicWatch 94.665458
0 56 16.76 26.05 0.06649 2021-06-18 19:59:09.679280 2 72 CarloCosmicWatch 94.731948
0 71 19.06 26.05 0.066604 2021-06-18 19:59:09.745884 2 73 CarloCosmicWatch 94.798552
0 50 15.67 26.05 0.500484 2021-06-18 19:59:10.246368 2 74 CarloCosmicWatch 95.299036
0 60 17.43 26.05 0.033761 2021-06-18 19:59:10.280129 2 75 CarloCosmicWatch 95.332797
