# layer adc volt temp timediff time detector_muon_count detector_count detector_name
2 224 38.29 29.92 10 2021-06-24 18:19:35.740197 0 1 M 0.27604
1 60 17.43 28.31 0.138751 2021-06-24 18:19:35.878948 0 1 Franko 0.414791
2 88 20.96 29.92 0.217632 2021-06-24 18:19:36.096580 0 2 M 0.632423
1 76 19.69 28.31 0.386395 2021-06-24 18:19:36.482975 0 2 Franko 1.018818
2 83 20.46 27.99 0.547393 2021-06-24 18:19:37.030368 0 1 Noor 1.566211
1 304 53.73 28.31 0.515316 2021-06-24 18:19:37.545684 0 3 Franko 2.081527
2 115 23.18 27.77 0.189803 2021-06-24 18:19:37.735487 0 2 Noor 2.27133
1 33 12.37 28.31 0.031479 2021-06-24 18:19:37.766966 0 4 Franko 2.302809
2 48 15.29 29.92 0.083365 2021-06-24 18:19:37.850331 0 3 M 2.386174
1 224 38.29 28.31 0.491083 2021-06-24 18:19:38.341414 1 5 Franko 2.877257
1 224 38.29 28.31 0.193893 2021-06-24 18:19:38.535307 1 6 Franko 3.07115
2 449 112.05 29.92 0.346752 2021-06-24 18:19:38.882059 0 4 M 3.417902
1 60 17.43 28.31 0.794805 2021-06-24 18:19:39.676864 1 7 Franko 4.212707
2 176 30.09 27.77 0.400086 2021-06-24 18:19:40.076950 1 3 Noor 4.612793
2 79 20.03 29.92 0.04926 2021-06-24 18:19:40.126210 0 5 M 4.662053
2 145 25.96 27.88 1.330183 2021-06-24 18:19:41.456393 1 4 Noor 5.992236
1 327 59.28 28.31 0.01278 2021-06-24 18:19:41.469173 1 8 Franko 6.005016
2 76 19.69 29.92 0.376914 2021-06-24 18:19:41.846087 0 6 M 6.38193
2 323 58.48 29.92 0.076239 2021-06-24 18:19:41.922326 0 7 M 6.458169
2 60 17.43 29.92 0.109164 2021-06-24 18:19:42.031490 0 8 M 6.567333
2 387 81.05 29.92 0.082261 2021-06-24 18:19:42.113751 0 9 M 6.649594
2 441 109.77 29.92 0.638583 2021-06-24 18:19:42.752334 0 10 M 7.288177
1 167 28.76 28.31 0.012796 2021-06-24 18:19:42.765130 2 9 Franko 7.300973
2 62 17.75 29.92 0.612109 2021-06-24 18:19:43.377239 1 11 M 7.913082
2 177 30.25 29.92 0.865754 2021-06-24 18:19:44.242993 1 12 M 8.778836
2 78 19.92 27.88 0.193092 2021-06-24 18:19:44.436085 2 5 Noor 8.971928
2 33 12.37 29.92 0.224909 2021-06-24 18:19:44.660994 1 13 M 9.196837
1 31 12.01 28.31 0.107386 2021-06-24 18:19:44.768380 3 10 Franko 9.304223
1 252 43.42 28.31 0.03364 2021-06-24 18:19:44.802020 3 11 Franko 9.337863
1 112 22.94 28.31 0.033163 2021-06-24 18:19:44.835183 3 12 Franko 9.371026
2 45 14.71 29.38 0.076571 2021-06-24 18:19:44.911754 1 14 M 9.447597
2 31 12.01 27.88 0.165904 2021-06-24 18:19:45.077658 2 6 Noor 9.613501
2 179 30.55 27.88 0.096464 2021-06-24 18:19:45.174122 2 7 Noor 9.709965
2 286 49.78 29.92 0.448098 2021-06-24 18:19:45.622220 2 15 M 10.158063
2 56 16.76 29.92 0.148 2021-06-24 18:19:45.770220 2 16 M 10.306063
2 56 16.76 29.92 0.033689 2021-06-24 18:19:45.803909 2 17 M 10.339752
2 480 130.21 29.92 0.181417 2021-06-24 18:19:45.985326 2 18 M 10.521169
1 156 27.28 28.31 0.215681 2021-06-24 18:19:46.201007 4 13 Franko 10.73685
1 97 21.75 28.31 0.09912 2021-06-24 18:19:46.300127 4 14 Franko 10.83597
2 63 17.91 28.10 0.540178 2021-06-24 18:19:46.840305 2 8 Noor 11.376148
2 430 101.41 29.92 0.140995 2021-06-24 18:19:46.981300 2 19 M 11.517143
2 142 25.64 27.77 0.283036 2021-06-24 18:19:47.264336 2 9 Noor 11.800179
2 67 18.51 29.92 0.062636 2021-06-24 18:19:47.326972 2 20 M 11.862815
2 56 16.76 27.88 0.352157 2021-06-24 18:19:47.679129 2 10 Noor 12.214972
2 192 32.67 29.92 0.454731 2021-06-24 18:19:48.133860 2 21 M 12.669703
1 159 27.66 28.31 0.011715 2021-06-24 18:19:48.145575 4 15 Franko 12.681418
1 167 28.76 28.31 0.294916 2021-06-24 18:19:48.440491 5 16 Franko 12.976334
2 396 85.28 29.38 0.327929 2021-06-24 18:19:48.768420 3 22 M 13.304263
1 304 53.73 28.31 0.450603 2021-06-24 18:19:49.219023 5 17 Franko 13.754866
2 56 16.76 29.92 1.09134 2021-06-24 18:19:50.310363 3 23 M 14.846206
2 46 14.91 27.88 0.682725 2021-06-24 18:19:50.993088 2 11 Noor 15.528931
2 153 26.90 29.92 0.017058 2021-06-24 18:19:51.010146 3 24 M 15.545989
2 143 25.74 28.10 1.301434 2021-06-24 18:19:52.311580 2 12 Noor 16.847423
1 499 141.24 28.31 0.066499 2021-06-24 18:19:52.378079 5 18 Franko 16.913922
2 115 23.18 29.92 0.297202 2021-06-24 18:19:52.675281 3 25 M 17.211124
2 332 61.17 29.92 0.174044 2021-06-24 18:19:52.849325 3 26 M 17.385168
2 39 13.53 27.99 0.156953 2021-06-24 18:19:53.006278 3 13 Noor 17.542121
2 81 20.25 29.38 0.026439 2021-06-24 18:19:53.032717 3 27 M 17.56856
1 135 24.92 28.31 0.313247 2021-06-24 18:19:53.345964 6 19 Franko 17.881807
2 78 19.92 27.88 0.061602 2021-06-24 18:19:53.407566 3 14 Noor 17.943409
1 422 97.97 28.31 0.041535 2021-06-24 18:19:53.449101 7 20 Franko 17.984944
2 31 12.01 27.99 0.423603 2021-06-24 18:19:53.872704 4 15 Noor 18.408547
2 31 12.01 27.99 0.081464 2021-06-24 18:19:53.954168 4 16 Noor 18.490011
1 56 16.76 28.31 0.588607 2021-06-24 18:19:54.542775 7 21 Franko 19.078618
2 79 20.03 29.92 0.21118 2021-06-24 18:19:54.753955 3 28 M 19.289798
2 460 119.54 29.92 0.22366 2021-06-24 18:19:54.977615 3 29 M 19.513458
1 73 19.32 28.31 0.13286 2021-06-24 18:19:55.110475 7 22 Franko 19.646318
2 316 56.81 29.92 0.52731 2021-06-24 18:19:55.637785 3 30 M 20.173628
1 97 21.75 28.31 0.137542 2021-06-24 18:19:55.775327 7 23 Franko 20.31117
2 79 20.03 27.99 1.246435 2021-06-24 18:19:57.021762 4 17 Noor 21.557605
2 655 252.34 29.92 0.148812 2021-06-24 18:19:57.170574 3 31 M 21.706417
1 63 17.91 28.31 0.076506 2021-06-24 18:19:57.247080 7 24 Franko 21.782923
2 133 24.73 28.20 0.55849 2021-06-24 18:19:57.805570 4 18 Noor 22.341413
2 241 41.39 29.92 0.114185 2021-06-24 18:19:57.919755 4 32 M 22.455598
2 412 92.93 29.38 0.033738 2021-06-24 18:19:57.953493 4 33 M 22.489336
2 30 11.83 29.92 0.03316 2021-06-24 18:19:57.986653 4 34 M 22.522496
2 99 21.91 29.92 0.125337 2021-06-24 18:19:58.111990 4 35 M 22.647833
2 81 20.25 27.99 0.106345 2021-06-24 18:19:58.218335 4 19 Noor 22.754178
1 76 19.69 28.31 0.391413 2021-06-24 18:19:58.609748 8 25 Franko 23.145591
2 71 19.06 27.99 0.061822 2021-06-24 18:19:58.671570 4 20 Noor 23.207413
1 195 33.17 28.31 0.077972 2021-06-24 18:19:58.749542 9 26 Franko 23.285385
2 44 14.51 28.10 0.643626 2021-06-24 18:19:59.393168 5 21 Noor 23.929011
1 35 12.75 28.31 0.079504 2021-06-24 18:19:59.472672 9 27 Franko 24.008515
1 97 21.75 28.31 0.109585 2021-06-24 18:19:59.582257 10 28 Franko 24.1181
1 339 62.98 28.31 0.18804 2021-06-24 18:19:59.770297 10 29 Franko 24.30614
2 268 46.26 29.92 0.347786 2021-06-24 18:20:00.118083 4 36 M 24.653926
2 88 20.96 28.10 0.024638 2021-06-24 18:20:00.142721 6 22 Noor 24.678564
2 31 12.01 29.92 0.55826 2021-06-24 18:20:00.700981 4 37 M 25.236824
1 115 23.18 28.31 0.041866 2021-06-24 18:20:00.742847 10 30 Franko 25.27869
2 63 17.91 28.10 0.091144 2021-06-24 18:20:00.833991 6 23 Noor 25.369834
2 31 12.01 29.92 0.14636 2021-06-24 18:20:00.980351 5 38 M 25.516194
2 35 12.75 29.92 0.097372 2021-06-24 18:20:01.077723 5 39 M 25.613566
2 81 20.25 29.92 0.188881 2021-06-24 18:20:01.266604 5 40 M 25.802447
1 240 41.21 28.31 0.847499 2021-06-24 18:20:02.114103 11 31 Franko 26.649946
2 304 53.73 29.92 0.943774 2021-06-24 18:20:03.057877 5 41 M 27.59372
2 504 143.61 29.92 0.278167 2021-06-24 18:20:03.336044 5 42 M 27.871887
2 46 14.91 28.10 0.124476 2021-06-24 18:20:03.460520 6 24 Noor 27.996363
2 99 21.91 28.10 0.238214 2021-06-24 18:20:03.698734 6 25 Noor 28.234577
1 71 19.06 28.31 0.084838 2021-06-24 18:20:03.783572 11 32 Franko 28.319415
2 241 41.39 27.99 1.346556 2021-06-24 18:20:05.130128 7 26 Noor 29.665971
1 51 15.86 28.31 0.211983 2021-06-24 18:20:05.342111 12 33 Franko 29.877954
2 96 21.67 29.92 0.018199 2021-06-24 18:20:05.360310 5 43 M 29.896153
1 41 13.92 28.31 0.320798 2021-06-24 18:20:05.681108 13 34 Franko 30.216951
2 457 118.95 29.38 0.349934 2021-06-24 18:20:06.031042 6 44 M 30.566885
2 287 50.23 29.92 0.033593 2021-06-24 18:20:06.064635 6 45 M 30.600478
2 34 12.56 29.38 1.136582 2021-06-24 18:20:07.201217 6 46 M 31.73706
1 50 15.67 28.31 1.477212 2021-06-24 18:20:08.678429 13 35 Franko 33.214272
2 71 19.06 28.10 0.4159 2021-06-24 18:20:09.094329 7 27 Noor 33.630172
1 227 38.83 28.31 0.331108 2021-06-24 18:20:09.425437 13 36 Franko 33.96128
2 114 23.10 29.38 0.494796 2021-06-24 18:20:09.920233 6 47 M 34.456076
2 115 23.18 27.99 0.017011 2021-06-24 18:20:09.937244 7 28 Noor 34.473087
2 240 41.21 28.20 0.151731 2021-06-24 18:20:10.088975 7 29 Noor 34.624818
1 67 18.51 28.31 0.168131 2021-06-24 18:20:10.257106 13 37 Franko 34.792949
2 39 13.53 29.92 0.047374 2021-06-24 18:20:10.304480 6 48 M 34.840323
1 355 68.30 28.31 0.040538 2021-06-24 18:20:10.345018 14 38 Franko 34.880861
2 312 55.68 29.92 0.639976 2021-06-24 18:20:10.984994 7 49 M 35.520837
1 76 19.69 28.31 0.691981 2021-06-24 18:20:11.676975 14 39 Franko 36.212818
1 34 12.56 28.31 0.507723 2021-06-24 18:20:12.184698 14 40 Franko 36.720541
1 33 12.37 28.31 0.128183 2021-06-24 18:20:12.312881 14 41 Franko 36.848724
1 176 30.09 28.31 0.455773 2021-06-24 18:20:12.768654 14 42 Franko 37.304497
1 124 23.92 28.31 0.321323 2021-06-24 18:20:13.089977 14 43 Franko 37.62582
1 50 15.67 28.31 0.06708 2021-06-24 18:20:13.157057 14 44 Franko 37.6929
1 34 12.56 28.31 0.139456 2021-06-24 18:20:13.296513 14 45 Franko 37.832356
1 124 23.92 28.31 0.08146 2021-06-24 18:20:13.377973 14 46 Franko 37.913816
2 57 16.93 29.92 0.576434 2021-06-24 18:20:13.954407 7 50 M 38.49025
2 33 12.37 29.92 0.134228 2021-06-24 18:20:14.088635 7 51 M 38.624478
1 38 13.33 28.31 0.070905 2021-06-24 18:20:14.159540 14 47 Franko 38.695383
1 30 11.83 28.31 0.100518 2021-06-24 18:20:14.260058 15 48 Franko 38.795901
2 56 16.76 29.92 0.448426 2021-06-24 18:20:14.708484 8 52 M 39.244327
2 199 33.86 29.38 0.614006 2021-06-24 18:20:15.322490 8 53 M 39.858333
1 352 66.89 28.31 0.539656 2021-06-24 18:20:15.862146 15 49 Franko 40.397989
2 48 15.29 27.99 0.125814 2021-06-24 18:20:15.987960 7 30 Noor 40.523803
2 231 39.55 27.99 0.871955 2021-06-24 18:20:16.859915 7 31 Noor 41.395758
2 74 19.44 27.88 0.261921 2021-06-24 18:20:17.121836 7 32 Noor 41.657679
2 94 21.50 29.92 0.203038 2021-06-24 18:20:17.324874 8 54 M 41.860717
1 193 32.84 28.31 0.248977 2021-06-24 18:20:17.573851 15 50 Franko 42.109694
2 236 40.44 29.92 0.017036 2021-06-24 18:20:17.590887 8 55 M 42.12673
2 35 12.75 27.99 0.170806 2021-06-24 18:20:17.761693 7 33 Noor 42.297536
1 176 30.09 28.31 0.368571 2021-06-24 18:20:18.130264 16 51 Franko 42.666107
2 30 11.83 27.99 0.613889 2021-06-24 18:20:18.744153 7 34 Noor 43.279996
2 35 12.75 29.92 0.034 2021-06-24 18:20:18.778153 9 56 M 43.313996
2 31 12.01 29.92 0.935888 2021-06-24 18:20:19.714041 9 57 M 44.249884
1 41 13.92 28.31 0.011622 2021-06-24 18:20:19.725663 16 52 Franko 44.261506
2 56 16.76 29.38 0.13332 2021-06-24 18:20:19.858983 10 58 M 44.394826
2 46 14.91 29.92 0.10355 2021-06-24 18:20:19.962533 10 59 M 44.498376
2 88 20.96 29.92 0.695124 2021-06-24 18:20:20.657657 10 60 M 45.1935
2 35 12.75 29.92 0.45802 2021-06-24 18:20:21.115677 10 61 M 45.65152
1 30 11.83 28.31 0.689201 2021-06-24 18:20:21.804878 17 53 Franko 46.340721
2 345 64.98 29.92 0.064792 2021-06-24 18:20:21.869670 10 62 M 46.405513
2 33 12.37 29.92 0.033561 2021-06-24 18:20:21.903231 11 63 M 46.439074
2 304 53.73 29.92 0.419501 2021-06-24 18:20:22.322732 11 64 M 46.858575
2 293 51.29 29.92 0.033615 2021-06-24 18:20:22.356347 11 65 M 46.89219
1 48 15.29 28.31 0.293479 2021-06-24 18:20:22.649826 18 54 Franko 47.185669
2 220 37.58 29.92 0.027165 2021-06-24 18:20:22.676991 11 66 M 47.212834
1 39 13.53 28.31 0.520112 2021-06-24 18:20:23.197103 19 55 Franko 47.732946
1 35 12.75 28.31 0.189872 2021-06-24 18:20:23.386975 19 56 Franko 47.922818
1 44 14.51 28.31 0.209698 2021-06-24 18:20:23.596673 19 57 Franko 48.132516
2 327 59.28 29.92 0.184947 2021-06-24 18:20:23.781620 12 67 M 48.317463
1 81 20.25 28.31 0.377282 2021-06-24 18:20:24.158902 19 58 Franko 48.694745
2 71 19.06 27.67 0.873243 2021-06-24 18:20:25.032145 7 35 Noor 49.567988
1 76 19.69 28.31 0.086674 2021-06-24 18:20:25.118819 19 59 Franko 49.654662
1 63 17.91 28.31 0.467394 2021-06-24 18:20:25.586213 20 60 Franko 50.122056
1 49 15.48 28.31 1.838916 2021-06-24 18:20:27.425129 20 61 Franko 51.960972
2 60 17.43 28.10 0.479773 2021-06-24 18:20:27.904902 8 36 Noor 52.440745
2 60 17.43 29.92 0.215512 2021-06-24 18:20:28.120414 12 68 M 52.656257
2 39 13.53 29.92 0.058732 2021-06-24 18:20:28.179146 12 69 M 52.714989
1 355 68.30 28.31 0.379997 2021-06-24 18:20:28.559143 20 62 Franko 53.094986
2 49 15.48 29.92 0.30489 2021-06-24 18:20:28.864033 12 70 M 53.399876
2 82 20.36 29.92 0.082046 2021-06-24 18:20:28.946079 12 71 M 53.481922
2 35 12.75 29.38 0.072899 2021-06-24 18:20:29.018978 12 72 M 53.554821
2 390 82.70 27.88 0.782412 2021-06-24 18:20:29.801390 8 37 Noor 54.337233
2 48 15.29 28.20 0.033438 2021-06-24 18:20:29.834828 8 38 Noor 54.370671
1 112 22.94 28.31 0.250203 2021-06-24 18:20:30.085031 20 63 Franko 54.620874
1 325 59.05 28.31 0.063458 2021-06-24 18:20:30.148489 20 64 Franko 54.684332
1 30 11.83 28.31 0.205316 2021-06-24 18:20:30.353805 20 65 Franko 54.889648
2 216 36.85 29.38 0.504341 2021-06-24 18:20:30.858146 12 73 M 55.393989
2 63 17.91 29.92 0.888861 2021-06-24 18:20:31.747007 12 74 M 56.28285
2 224 38.29 29.92 0.507747 2021-06-24 18:20:32.254754 12 75 M 56.790597
2 71 19.06 29.92 0.471814 2021-06-24 18:20:32.726568 12 76 M 57.262411
1 174 29.79 28.85 1.715709 2021-06-24 18:20:34.442277 20 66 Franko 58.97812
2 240 41.21 29.92 0.144975 2021-06-24 18:20:34.587252 12 77 M 59.123095
2 231 39.55 29.92 0.324115 2021-06-24 18:20:34.911367 12 78 M 59.44721
2 51 15.86 29.92 0.083895 2021-06-24 18:20:34.995262 12 79 M 59.531105
1 158 27.53 28.31 0.316793 2021-06-24 18:20:35.312055 20 67 Franko 59.847898
2 647 246.69 29.92 0.447641 2021-06-24 18:20:35.759696 12 80 M 60.295539
1 30 11.83 28.31 0.4039 2021-06-24 18:20:36.163596 20 68 Franko 60.699439
1 243 41.74 28.31 0.465776 2021-06-24 18:20:36.629372 20 69 Franko 61.165215
2 62 17.75 27.88 0.195091 2021-06-24 18:20:36.824463 8 39 Noor 61.360306
2 56 16.76 29.92 0.050531 2021-06-24 18:20:36.874994 12 81 M 61.410837
1 44 14.51 28.31 0.5036 2021-06-24 18:20:37.378594 20 70 Franko 61.914437
1 217 37.04 28.31 0.441044 2021-06-24 18:20:37.819638 20 71 Franko 62.355481
2 39 13.53 29.92 0.090323 2021-06-24 18:20:37.909961 12 82 M 62.445804
1 124 23.92 28.31 0.524429 2021-06-24 18:20:38.434390 21 72 Franko 62.970233
1 345 64.98 28.31 0.376734 2021-06-24 18:20:38.811124 21 73 Franko 63.346967
2 384 80.08 29.92 0.018059 2021-06-24 18:20:38.829183 13 83 M 63.365026
2 60 17.43 29.92 0.805575 2021-06-24 18:20:39.634758 14 84 M 64.170601
1 31 12.01 28.31 0.011614 2021-06-24 18:20:39.646372 22 74 Franko 64.182215
2 428 101.58 29.92 0.286512 2021-06-24 18:20:39.932884 15 85 M 64.468727
2 376 76.43 29.92 0.375133 2021-06-24 18:20:40.308017 15 86 M 64.84386
1 88 20.96 28.31 0.102238 2021-06-24 18:20:40.410255 23 75 Franko 64.946098
1 44 14.51 28.31 0.143581 2021-06-24 18:20:40.553836 23 76 Franko 65.089679
1 41 13.92 28.31 0.033485 2021-06-24 18:20:40.587321 23 77 Franko 65.123164
2 15 10.10 27.99 0.054647 2021-06-24 18:20:40.641968 8 40 Noor 65.177811
2 51 15.86 29.92 0.018169 2021-06-24 18:20:40.660137 15 87 M 65.19598
2 39 13.53 29.92 0.291396 2021-06-24 18:20:40.951533 15 88 M 65.487376
1 211 35.96 28.31 0.145296 2021-06-24 18:20:41.096829 24 78 Franko 65.632672
2 287 50.23 29.92 0.018005 2021-06-24 18:20:41.114834 15 89 M 65.650677
1 103 22.23 28.31 1.325533 2021-06-24 18:20:42.440367 25 79 Franko 66.97621
2 355 68.30 27.99 0.672376 2021-06-24 18:20:43.112743 9 41 Noor 67.648586
2 287 50.23 28.10 0.248848 2021-06-24 18:20:43.361591 9 42 Noor 67.897434
1 31 12.01 28.31 0.041396 2021-06-24 18:20:43.402987 25 80 Franko 67.93883
1 194 33.00 28.31 0.255233 2021-06-24 18:20:43.658220 26 81 Franko 68.194063
1 49 15.48 28.31 0.622089 2021-06-24 18:20:44.280309 26 82 Franko 68.816152
1 30 11.83 28.31 0.196571 2021-06-24 18:20:44.476880 26 83 Franko 69.012723
2 96 21.67 29.38 0.1702 2021-06-24 18:20:44.647080 16 90 M 69.182923
2 103 22.23 29.92 0.033571 2021-06-24 18:20:44.680651 16 91 M 69.216494
2 31 12.01 27.88 0.116978 2021-06-24 18:20:44.797629 10 43 Noor 69.333472
2 56 16.76 29.92 0.018406 2021-06-24 18:20:44.816035 16 92 M 69.351878
1 350 66.46 28.53 0.012751 2021-06-24 18:20:44.828786 26 84 Franko 69.364629
2 595 212.63 27.88 0.57361 2021-06-24 18:20:45.402396 10 44 Noor 69.938239
2 89 21.05 29.92 0.320024 2021-06-24 18:20:45.722420 17 93 M 70.258263
1 243 41.74 28.31 0.012704 2021-06-24 18:20:45.735124 27 85 Franko 70.270967
2 15 10.10 28.10 0.90655 2021-06-24 18:20:46.641674 10 45 Noor 71.177517
1 34 12.56 28.31 0.124344 2021-06-24 18:20:46.766018 28 86 Franko 71.301861
2 38 13.33 27.88 0.261756 2021-06-24 18:20:47.027774 10 46 Noor 71.563617
2 440 109.25 29.92 0.587234 2021-06-24 18:20:47.615008 18 94 M 72.150851
1 131 24.54 28.31 0.01486 2021-06-24 18:20:47.629868 28 87 Franko 72.165711
1 70 18.93 28.31 0.018975 2021-06-24 18:20:47.648843 29 88 Franko 72.184686
2 62 17.75 29.92 0.677974 2021-06-24 18:20:48.326817 19 95 M 72.86266
1 120 23.58 28.31 0.012618 2021-06-24 18:20:48.339435 29 89 Franko 72.875278
2 76 19.69 29.38 0.349601 2021-06-24 18:20:48.689036 20 96 M 73.224879
2 51 15.86 28.10 0.194406 2021-06-24 18:20:48.883442 10 47 Noor 73.419285
2 408 90.57 29.92 0.717615 2021-06-24 18:20:49.601057 20 97 M 74.1369
1 79 20.03 28.31 0.145271 2021-06-24 18:20:49.746328 30 90 Franko 74.282171
2 268 46.26 29.92 0.160216 2021-06-24 18:20:49.906544 20 98 M 74.442387
2 33 12.37 29.38 0.41175 2021-06-24 18:20:50.318294 20 99 M 74.854137
2 88 20.96 29.92 0.452375 2021-06-24 18:20:50.770669 20 100 M 75.306512
2 78 19.92 28.10 0.072722 2021-06-24 18:20:50.843391 10 48 Noor 75.379234
2 38 13.33 29.92 0.698894 2021-06-24 18:20:51.542285 20 101 M 76.078128
1 31 12.01 28.31 0.012696 2021-06-24 18:20:51.554981 30 91 Franko 76.090824
1 204 34.73 28.31 0.606666 2021-06-24 18:20:52.161647 31 92 Franko 76.69749
2 103 22.23 27.88 0.783244 2021-06-24 18:20:52.944891 10 49 Noor 77.480734
2 56 16.76 29.92 0.095958 2021-06-24 18:20:53.040849 21 102 M 77.576692
1 216 36.85 28.31 0.014117 2021-06-24 18:20:53.054966 31 93 Franko 77.590809
1 38 13.33 28.31 0.231646 2021-06-24 18:20:53.286612 32 94 Franko 77.822455
1 31 12.01 28.31 0.198398 2021-06-24 18:20:53.485010 32 95 Franko 78.020853
1 56 16.76 28.31 0.329121 2021-06-24 18:20:53.814131 32 96 Franko 78.349974
2 35 12.75 29.92 1.383386 2021-06-24 18:20:55.197517 22 103 M 79.73336
1 122 23.75 28.31 0.31386 2021-06-24 18:20:55.511377 32 97 Franko 80.04722
2 287 50.23 29.92 0.437825 2021-06-24 18:20:55.949202 22 104 M 80.485045
2 519 154.30 27.99 0.254445 2021-06-24 18:20:56.203647 10 50 Noor 80.73949
1 124 23.92 28.31 0.03784 2021-06-24 18:20:56.241487 32 98 Franko 80.77733
1 248 42.69 28.31 0.129955 2021-06-24 18:20:56.371442 33 99 Franko 80.907285
2 585 189.11 29.92 0.266551 2021-06-24 18:20:56.637993 22 105 M 81.173836
1 71 19.06 28.31 0.061656 2021-06-24 18:20:56.699649 33 100 Franko 81.235492
2 63 17.91 29.92 0.263341 2021-06-24 18:20:56.962990 23 106 M 81.498833
2 345 64.98 29.92 0.187826 2021-06-24 18:20:57.150816 23 107 M 81.686659
1 455 117.03 28.31 0.013749 2021-06-24 18:20:57.164565 34 101 Franko 81.700408
2 39 13.53 27.99 0.186183 2021-06-24 18:20:57.350748 11 51 Noor 81.886591
2 88 20.96 29.92 0.306497 2021-06-24 18:20:57.657245 24 108 M 82.193088
1 284 49.41 28.31 0.050729 2021-06-24 18:20:57.707974 35 102 Franko 82.243817
2 177 30.25 29.92 0.11915 2021-06-24 18:20:57.827124 25 109 M 82.362967
2 88 20.96 29.92 0.033548 2021-06-24 18:20:57.860672 25 110 M 82.396515
2 39 13.53 29.92 0.440426 2021-06-24 18:20:58.301098 25 111 M 82.836941
1 131 24.54 28.31 1.169229 2021-06-24 18:20:59.470327 36 103 Franko 84.00617
2 67 18.51 27.99 0.596824 2021-06-24 18:21:00.067151 11 52 Noor 84.602994
1 35 12.75 28.31 0.365287 2021-06-24 18:21:00.432438 36 104 Franko 84.968281
2 35 12.75 29.92 0.522374 2021-06-24 18:21:00.954812 25 112 M 85.490655
2 49 15.48 29.92 0.591705 2021-06-24 18:21:01.546517 25 113 M 86.08236
1 88 20.96 28.31 0.018496 2021-06-24 18:21:01.565013 36 105 Franko 86.100856
2 33 12.37 27.99 0.605214 2021-06-24 18:21:02.170227 11 53 Noor 86.70607
2 31 12.01 29.92 0.032224 2021-06-24 18:21:02.202451 26 114 M 86.738294
1 70 18.93 28.31 0.912049 2021-06-24 18:21:03.114500 37 106 Franko 87.650343
2 60 17.43 29.92 0.017965 2021-06-24 18:21:03.132465 26 115 M 87.668308
1 92 21.32 28.31 0.455837 2021-06-24 18:21:03.588302 38 107 Franko 88.124145
2 224 38.29 27.88 0.428248 2021-06-24 18:21:04.016550 11 54 Noor 88.552393
1 37 13.14 28.31 0.15068 2021-06-24 18:21:04.167230 38 108 Franko 88.703073
2 98 21.83 29.92 0.129344 2021-06-24 18:21:04.296574 27 116 M 88.832417
2 63 17.91 29.92 0.249418 2021-06-24 18:21:04.545992 27 117 M 89.081835
2 33 12.37 29.92 0.186678 2021-06-24 18:21:04.732670 27 118 M 89.268513
1 51 15.86 28.31 0.012694 2021-06-24 18:21:04.745364 38 109 Franko 89.281207
2 49 15.48 27.99 0.268418 2021-06-24 18:21:05.013782 11 55 Noor 89.549625
1 110 22.78 28.31 0.23359 2021-06-24 18:21:05.247372 39 110 Franko 89.783215
1 67 18.51 28.31 0.5146 2021-06-24 18:21:05.761972 39 111 Franko 90.297815
2 358 69.10 29.92 0.112008 2021-06-24 18:21:05.873980 28 119 M 90.409823
2 81 20.25 29.92 0.281366 2021-06-24 18:21:06.155346 28 120 M 90.691189
1 211 35.96 28.31 0.3083 2021-06-24 18:21:06.463646 39 112 Franko 90.999489
2 50 15.67 29.92 0.291838 2021-06-24 18:21:06.755484 28 121 M 91.291327
2 28 11.49 28.20 0.111036 2021-06-24 18:21:06.866520 11 56 Noor 91.402363
2 369 73.42 29.92 0.370954 2021-06-24 18:21:07.237474 28 122 M 91.773317
1 147 26.19 28.31 0.054785 2021-06-24 18:21:07.292259 39 113 Franko 91.828102
2 38 13.33 29.92 0.471429 2021-06-24 18:21:07.763688 29 123 M 92.299531
2 60 17.43 27.99 0.351971 2021-06-24 18:21:08.115659 11 57 Noor 92.651502
2 92 21.32 29.92 0.055912 2021-06-24 18:21:08.171571 29 124 M 92.707414
2 238 40.82 27.99 0.013696 2021-06-24 18:21:08.185267 11 58 Noor 92.72111
2 31 12.01 28.10 0.086033 2021-06-24 18:21:08.271300 11 59 Noor 92.807143
2 71 19.06 27.88 0.474166 2021-06-24 18:21:08.745466 11 60 Noor 93.281309
2 207 35.26 29.92 0.138487 2021-06-24 18:21:08.883953 29 125 M 93.419796
1 110 22.78 28.31 0.351743 2021-06-24 18:21:09.235696 40 114 Franko 93.771539
2 71 19.06 27.77 0.739903 2021-06-24 18:21:09.975599 11 61 Noor 94.511442
2 45 14.71 27.99 0.37001 2021-06-24 18:21:10.345609 11 62 Noor 94.881452
1 56 16.76 28.31 0.084065 2021-06-24 18:21:10.429674 40 115 Franko 94.965517
2 81 20.25 28.10 1.632362 2021-06-24 18:21:12.062036 12 63 Noor 96.597879
2 158 27.53 29.92 0.219787 2021-06-24 18:21:12.281823 29 126 M 96.817666
1 56 16.76 28.31 0.082867 2021-06-24 18:21:12.364690 41 116 Franko 96.900533
2 39 13.53 27.88 0.336541 2021-06-24 18:21:12.701231 12 64 Noor 97.237074
1 275 47.73 28.31 0.029161 2021-06-24 18:21:12.730392 42 117 Franko 97.266235
2 185 31.51 28.10 0.097732 2021-06-24 18:21:12.828124 13 65 Noor 97.363967
1 338 62.67 28.31 0.489443 2021-06-24 18:21:13.317567 43 118 Franko 97.85341
2 227 38.83 29.92 0.019938 2021-06-24 18:21:13.337505 30 127 M 97.873348
1 56 16.76 28.31 0.38768 2021-06-24 18:21:13.725185 44 119 Franko 98.261028
2 83 20.46 29.92 0.083176 2021-06-24 18:21:13.808361 31 128 M 98.344204
2 105 22.39 29.38 0.157273 2021-06-24 18:21:13.965634 32 129 M 98.501477
2 35 12.75 29.92 0.174971 2021-06-24 18:21:14.140605 32 130 M 98.676448
2 39 13.53 28.10 0.190725 2021-06-24 18:21:14.331330 13 66 Noor 98.867173
1 56 16.76 28.31 0.184795 2021-06-24 18:21:14.516125 45 120 Franko 99.051968
2 35 12.75 27.88 0.327421 2021-06-24 18:21:14.843546 13 67 Noor 99.379389
1 137 25.12 28.31 0.309328 2021-06-24 18:21:15.152874 45 121 Franko 99.688717
1 67 18.51 28.31 0.060499 2021-06-24 18:21:15.213373 45 122 Franko 99.749216
2 101 22.08 29.92 0.021602 2021-06-24 18:21:15.234975 32 131 M 99.770818
2 115 23.18 28.10 0.159944 2021-06-24 18:21:15.394919 13 68 Noor 99.930762
1 48 15.29 28.31 0.093275 2021-06-24 18:21:15.488194 46 123 Franko 100.024037
1 287 50.23 28.31 0.192449 2021-06-24 18:21:15.680643 47 124 Franko 100.216486
2 295 51.75 29.92 0.019991 2021-06-24 18:21:15.700634 33 132 M 100.236477
2 236 40.44 29.92 0.239325 2021-06-24 18:21:15.939959 34 133 M 100.475802
2 108 22.63 27.99 0.226989 2021-06-24 18:21:16.166948 14 69 Noor 100.702791
1 71 19.06 28.31 0.210352 2021-06-24 18:21:16.377300 48 125 Franko 100.913143
2 78 19.92 29.92 0.465678 2021-06-24 18:21:16.842978 34 134 M 101.378821
2 352 66.89 29.92 0.87784 2021-06-24 18:21:17.720818 34 135 M 102.256661
1 294 51.51 28.31 0.014761 2021-06-24 18:21:17.735579 48 126 Franko 102.271422
2 147 26.19 29.92 0.353701 2021-06-24 18:21:18.089280 35 136 M 102.625123
1 207 35.26 28.31 0.48938 2021-06-24 18:21:18.578660 49 127 Franko 103.114503
1 42 14.12 28.31 0.771905 2021-06-24 18:21:19.350565 49 128 Franko 103.886408
2 142 25.64 29.92 0.889583 2021-06-24 18:21:20.240148 35 137 M 104.775991
1 92 21.32 28.31 0.115883 2021-06-24 18:21:20.356031 49 129 Franko 104.891874
1 143 25.74 28.31 0.176377 2021-06-24 18:21:20.532408 49 130 Franko 105.068251
2 344 64.67 29.92 0.112371 2021-06-24 18:21:20.644779 35 138 M 105.180622
1 454 115.28 28.31 0.014774 2021-06-24 18:21:20.659553 49 131 Franko 105.195396
1 63 17.91 28.31 0.423515 2021-06-24 18:21:21.083068 50 132 Franko 105.618911
2 39 13.53 29.92 0.23662 2021-06-24 18:21:21.319688 36 139 M 105.855531
1 167 28.76 28.31 0.139015 2021-06-24 18:21:21.458703 50 133 Franko 105.994546
2 121 23.66 29.92 0.738805 2021-06-24 18:21:22.197508 36 140 M 106.733351
2 103 22.23 29.92 0.125707 2021-06-24 18:21:22.323215 36 141 M 106.859058
1 268 46.26 28.31 0.802001 2021-06-24 18:21:23.125216 50 134 Franko 107.661059
2 335 61.77 29.92 0.070993 2021-06-24 18:21:23.196209 36 142 M 107.732052
1 79 20.03 28.31 0.027804 2021-06-24 18:21:23.224013 51 135 Franko 107.759856
2 152 26.78 29.92 0.884353 2021-06-24 18:21:24.108366 37 143 M 108.644209
1 62 17.75 28.31 0.173976 2021-06-24 18:21:24.282342 51 136 Franko 108.818185
1 49 15.48 28.31 0.383735 2021-06-24 18:21:24.666077 51 137 Franko 109.20192
2 103 22.23 29.92 0.155451 2021-06-24 18:21:24.821528 37 144 M 109.357371
1 31 12.01 28.31 0.816256 2021-06-24 18:21:25.637784 51 138 Franko 110.173627
1 62 17.75 28.31 0.093394 2021-06-24 18:21:25.731178 51 139 Franko 110.267021
1 286 49.78 28.31 0.033723 2021-06-24 18:21:25.764901 51 140 Franko 110.300744
2 67 18.51 29.92 0.151091 2021-06-24 18:21:25.915992 37 145 M 110.451835
2 143 25.74 29.92 0.074321 2021-06-24 18:21:25.990313 37 146 M 110.526156
1 167 28.76 28.31 0.223241 2021-06-24 18:21:26.213554 51 141 Franko 110.749397
2 435 104.92 29.92 0.519407 2021-06-24 18:21:26.732961 37 147 M 111.268804
1 476 129.76 28.31 0.015995 2021-06-24 18:21:26.748956 51 142 Franko 111.284799
2 63 17.91 29.92 1.990871 2021-06-24 18:21:28.739827 38 148 M 113.27567
1 83 20.46 28.31 0.034826 2021-06-24 18:21:28.774653 52 143 Franko 113.310496
2 248 42.69 29.92 0.063684 2021-06-24 18:21:28.838337 39 149 M 113.37418
2 162 28.06 29.92 0.033782 2021-06-24 18:21:28.872119 39 150 M 113.407962
2 396 85.28 28.20 0.033166 2021-06-24 18:21:28.905285 14 70 Noor 113.441128
2 319 57.64 29.92 0.024619 2021-06-24 18:21:28.929904 39 151 M 113.465747
2 31 12.01 28.10 0.014818 2021-06-24 18:21:28.944722 14 71 Noor 113.480565
2 112 22.94 29.92 0.286125 2021-06-24 18:21:29.230847 39 152 M 113.76669
1 302 53.30 28.31 0.875363 2021-06-24 18:21:30.106210 53 144 Franko 114.642053
2 152 26.78 27.99 0.046998 2021-06-24 18:21:30.153208 14 72 Noor 114.689051
1 121 23.66 28.31 2.259545 2021-06-24 18:21:32.412753 54 145 Franko 116.948596
1 35 12.75 28.31 0.226214 2021-06-24 18:21:32.638967 54 146 Franko 117.17481
2 135 24.92 29.92 0.467041 2021-06-24 18:21:33.106008 39 153 M 117.641851
2 184 31.36 27.88 0.038271 2021-06-24 18:21:33.144279 15 73 Noor 117.680122
2 103 22.23 29.92 0.510194 2021-06-24 18:21:33.654473 39 154 M 118.190316
2 57 16.93 29.92 0.229204 2021-06-24 18:21:33.883677 39 155 M 118.41952
1 49 15.48 28.31 0.531978 2021-06-24 18:21:34.415655 54 147 Franko 118.951498
2 60 17.43 29.92 0.103423 2021-06-24 18:21:34.519078 39 156 M 119.054921
2 62 17.75 29.92 0.126736 2021-06-24 18:21:34.645814 39 157 M 119.181657
2 39 13.53 29.92 0.629372 2021-06-24 18:21:35.275186 39 158 M 119.811029
2 103 22.23 29.92 0.469907 2021-06-24 18:21:35.745093 39 159 M 120.280936
2 287 50.23 27.99 0.137643 2021-06-24 18:21:35.882736 15 74 Noor 120.418579
2 433 104.37 27.99 0.034433 2021-06-24 18:21:35.917169 15 75 Noor 120.453012
2 204 34.73 27.99 1.396905 2021-06-24 18:21:37.314074 15 76 Noor 121.849917
1 113 23.02 28.31 1.281113 2021-06-24 18:21:38.595187 54 148 Franko 123.13103
2 185 31.51 29.92 0.063776 2021-06-24 18:21:38.658963 39 160 M 123.194806
2 167 28.76 28.10 0.278016 2021-06-24 18:21:38.936979 15 77 Noor 123.472822
2 71 19.06 29.92 0.35883 2021-06-24 18:21:39.295809 40 161 M 123.831652
1 207 35.26 28.31 0.133244 2021-06-24 18:21:39.429053 55 149 Franko 123.964896
1 224 38.29 28.31 0.225504 2021-06-24 18:21:39.654557 55 150 Franko 124.1904
2 35 12.75 29.92 0.148425 2021-06-24 18:21:39.802982 40 162 M 124.338825
2 39 13.53 28.10 0.069373 2021-06-24 18:21:39.872355 15 78 Noor 124.408198
2 204 34.73 29.92 0.090255 2021-06-24 18:21:39.962610 40 163 M 124.498453
2 327 59.28 29.92 0.070266 2021-06-24 18:21:40.032876 40 164 M 124.568719
2 432 101.61 29.92 0.254672 2021-06-24 18:21:40.287548 40 165 M 124.823391
2 57 16.93 29.92 1.488045 2021-06-24 18:21:41.775593 40 166 M 126.311436
2 60 17.43 29.92 0.811374 2021-06-24 18:21:42.586967 40 167 M 127.12281
2 103 22.23 29.92 0.566809 2021-06-24 18:21:43.153776 40 168 M 127.689619
2 179 30.55 29.92 0.50481 2021-06-24 18:21:43.658586 40 169 M 128.194429
1 103 22.23 28.31 0.048267 2021-06-24 18:21:43.706853 55 151 Franko 128.242696
2 30 11.83 29.38 0.045933 2021-06-24 18:21:43.752786 41 170 M 128.288629
2 120 23.58 27.99 0.163008 2021-06-24 18:21:43.915794 15 79 Noor 128.451637
1 30 11.83 28.31 0.106165 2021-06-24 18:21:44.021959 56 152 Franko 128.557802
1 35 12.75 28.31 0.595264 2021-06-24 18:21:44.617223 56 153 Franko 129.153066
1 71 19.06 28.31 0.405448 2021-06-24 18:21:45.022671 56 154 Franko 129.558514
2 71 19.06 27.99 0.124127 2021-06-24 18:21:45.146798 15 80 Noor 129.682641
2 48 15.29 27.99 0.092975 2021-06-24 18:21:45.239773 15 81 Noor 129.775616
2 31 12.01 27.99 0.158933 2021-06-24 18:21:45.398706 15 82 Noor 129.934549
2 216 36.85 27.99 0.298383 2021-06-24 18:21:45.697089 15 83 Noor 130.232932
1 112 22.94 28.31 0.067165 2021-06-24 18:21:45.764254 56 155 Franko 130.300097
2 31 12.01 29.92 0.88598 2021-06-24 18:21:46.650234 41 171 M 131.186077
1 48 15.29 28.31 1.712615 2021-06-24 18:21:48.362849 57 156 Franko 132.898692
1 115 23.18 28.31 0.297703 2021-06-24 18:21:48.660552 57 157 Franko 133.196395
2 127 24.18 28.10 0.345263 2021-06-24 18:21:49.005815 16 84 Noor 133.541658
2 176 30.09 29.92 0.665173 2021-06-24 18:21:49.670988 41 172 M 134.206831
2 47 15.10 29.92 0.269485 2021-06-24 18:21:49.940473 41 173 M 134.476316
2 67 18.51 27.88 0.053576 2021-06-24 18:21:49.994049 16 85 Noor 134.529892
2 112 22.94 27.88 0.11532 2021-06-24 18:21:50.109369 16 86 Noor 134.645212
2 35 12.75 29.92 0.415228 2021-06-24 18:21:50.524597 41 174 M 135.06044
2 88 20.96 27.99 0.101506 2021-06-24 18:21:50.626103 16 87 Noor 135.161946
2 76 19.69 29.92 1.137318 2021-06-24 18:21:51.763421 41 175 M 136.299264
2 135 24.92 29.92 0.115959 2021-06-24 18:21:51.879380 41 176 M 136.415223
2 263 45.37 28.10 0.176157 2021-06-24 18:21:52.055537 16 88 Noor 136.59138
1 135 24.92 28.31 0.065494 2021-06-24 18:21:52.121031 57 158 Franko 136.656874
2 48 15.29 29.92 1.384057 2021-06-24 18:21:53.505088 41 177 M 138.040931
2 96 21.67 29.92 0.712144 2021-06-24 18:21:54.217232 41 178 M 138.753075
2 263 45.37 29.92 0.486094 2021-06-24 18:21:54.703326 41 179 M 139.239169
2 198 33.69 29.92 0.151391 2021-06-24 18:21:54.854717 41 180 M 139.39056
2 31 12.01 29.92 0.091287 2021-06-24 18:21:54.946004 41 181 M 139.481847
1 71 19.06 28.31 0.073823 2021-06-24 18:21:55.019827 58 159 Franko 139.55567
2 35 12.75 29.92 0.4838 2021-06-24 18:21:55.503627 42 182 M 140.03947
2 56 16.76 29.92 0.422105 2021-06-24 18:21:55.925732 42 183 M 140.461575
1 172 29.49 28.31 0.242699 2021-06-24 18:21:56.168431 59 160 Franko 140.704274
1 319 57.64 28.31 0.450119 2021-06-24 18:21:56.618550 59 161 Franko 141.154393
2 78 19.92 29.92 0.147059 2021-06-24 18:21:56.765609 42 184 M 141.301452
2 46 14.91 27.77 0.262609 2021-06-24 18:21:57.028218 17 89 Noor 141.564061
2 88 20.96 29.92 0.198018 2021-06-24 18:21:57.226236 42 185 M 141.762079
2 63 17.91 29.92 0.886743 2021-06-24 18:21:58.112979 42 186 M 142.648822
2 48 15.29 29.92 0.187617 2021-06-24 18:21:58.300596 42 187 M 142.836439
2 167 28.76 27.88 0.337636 2021-06-24 18:21:58.638232 17 90 Noor 143.174075
2 76 19.69 29.92 0.590188 2021-06-24 18:21:59.228420 42 188 M 143.764263
1 31 12.01 28.31 0.168608 2021-06-24 18:21:59.397028 59 162 Franko 143.932871
2 39 13.53 29.92 0.112551 2021-06-24 18:21:59.509579 42 189 M 144.045422
2 71 19.06 29.92 0.38443 2021-06-24 18:21:59.894009 42 190 M 144.429852
2 184 31.36 29.92 0.096107 2021-06-24 18:21:59.990116 42 191 M 144.525959
1 78 19.92 28.31 0.221048 2021-06-24 18:22:00.211164 59 163 Franko 144.747007
2 39 13.53 27.99 0.374596 2021-06-24 18:22:00.585760 17 91 Noor 145.121603
2 88 20.96 29.92 0.27656 2021-06-24 18:22:00.862320 42 192 M 145.398163
2 35 12.75 29.92 0.033662 2021-06-24 18:22:00.895982 42 193 M 145.431825
1 181 30.87 28.31 0.594637 2021-06-24 18:22:01.490619 59 164 Franko 146.026462
1 67 18.51 28.85 1.09047 2021-06-24 18:22:02.581089 59 165 Franko 147.116932
2 56 16.76 29.92 0.404879 2021-06-24 18:22:02.985968 42 194 M 147.521811
1 31 12.01 28.31 0.033829 2021-06-24 18:22:03.019797 59 166 Franko 147.55564
2 78 19.92 27.99 1.218537 2021-06-24 18:22:04.238334 17 92 Noor 148.774177
2 30 11.83 29.92 0.781983 2021-06-24 18:22:05.020317 43 195 M 149.55616
2 99 21.91 27.88 0.747198 2021-06-24 18:22:05.767515 17 93 Noor 150.303358
2 30 11.83 29.92 0.114446 2021-06-24 18:22:05.881961 43 196 M 150.417804
2 67 18.51 29.92 0.722015 2021-06-24 18:22:06.603976 43 197 M 151.139819
2 81 20.25 29.38 0.451445 2021-06-24 18:22:07.055421 43 198 M 151.591264
1 57 16.93 28.31 0.464684 2021-06-24 18:22:07.520105 60 167 Franko 152.055948
2 207 35.26 29.92 0.314438 2021-06-24 18:22:07.834543 43 199 M 152.370386
2 211 35.96 29.92 0.731687 2021-06-24 18:22:08.566230 43 200 M 153.102073
1 69 18.79 28.31 0.544436 2021-06-24 18:22:09.110666 60 168 Franko 153.646509
1 76 19.69 28.31 0.033756 2021-06-24 18:22:09.144422 60 169 Franko 153.680265
1 159 27.66 28.31 0.292677 2021-06-24 18:22:09.437099 60 170 Franko 153.972942
2 31 12.01 29.92 0.105182 2021-06-24 18:22:09.542281 43 201 M 154.078124
1 70 18.93 28.31 0.095904 2021-06-24 18:22:09.638185 60 171 Franko 154.174028
2 56 16.76 29.92 0.469286 2021-06-24 18:22:10.107471 44 202 M 154.643314
1 127 24.18 28.31 0.489121 2021-06-24 18:22:10.596592 61 172 Franko 155.132435
1 39 13.53 28.31 1.044064 2021-06-24 18:22:11.640656 61 173 Franko 156.176499
2 115 23.18 29.92 0.030816 2021-06-24 18:22:11.671472 44 203 M 156.207315
2 44 14.51 27.99 0.143045 2021-06-24 18:22:11.814517 17 94 Noor 156.35036
2 57 16.93 29.92 0.129148 2021-06-24 18:22:11.943665 45 204 M 156.479508
1 31 12.01 28.31 0.201523 2021-06-24 18:22:12.145188 62 174 Franko 156.681031
1 41 13.92 28.31 0.158352 2021-06-24 18:22:12.303540 62 175 Franko 156.839383
2 96 21.67 29.38 1.439454 2021-06-24 18:22:13.742994 45 205 M 158.278837
1 352 66.89 28.31 0.047775 2021-06-24 18:22:13.790769 62 176 Franko 158.326612
2 103 22.23 29.92 0.034976 2021-06-24 18:22:13.825745 46 206 M 158.361588
