# layer adc volt temp timediff time detector_muon_count detector_count detector_name
0 286 49.78 38.41 0.232986 2021-06-24 21:06:38.615675 2838 4168 Oline 4911.24279
1 146 26.08 30.57 0.022185 2021-06-24 21:06:38.637860 1206 2458 Cecile 4911.264975
2 271 46.93 29.38 0.000942 2021-06-24 21:06:38.638802 1946 6105 M 4911.265917

0 263 45.37 38.62 0.022239 2021-06-24 21:06:42.962328 2840 4170 Oline 4915.589443
1 249 42.85 28.31 0.035139 2021-06-24 21:06:42.940089 2317 5157 Carlo 4915.567204
2 85 20.67 27.77 0.020813 2021-06-24 21:06:42.904950 656 2078 Niels 4915.532065

0 62 17.75 -4.02 0.017018 2021-06-24 21:06:45.154857 2841 4171 Oline 4917.781972
1 103 22.23 28.85 0.216373 2021-06-24 21:06:45.076399 2320 5160 Carlo 4917.703514
2 31 12.01 29.92 0.06144 2021-06-24 21:06:45.137839 1950 6116 M 4917.764954

0 56 16.76 -9.07 0.055326 2021-06-24 21:06:53.635416 2843 4176 Oline 4926.262531
1 79 20.03 30.24 0.033632 2021-06-24 21:06:53.669048 1211 2469 Cecile 4926.296163
2 211 35.96 29.38 0.022116 2021-06-24 21:06:53.580090 1953 6126 M 4926.207205

0 89 21.05 1.24 0.085297 2021-06-24 21:06:54.723186 2845 4178 Oline 4927.350301
1 103 22.23 30.24 0.37657 2021-06-24 21:06:54.547906 1648 3674 Florian 4927.175021
2 63 17.91 27.67 0.035035 2021-06-24 21:06:54.582941 1023 2937 Noor 4927.210056

0 76 19.69 -2.63 0.023153 2021-06-24 21:06:55.182959 2846 4180 Oline 4927.810074
1 399 87.30 30.24 0.085346 2021-06-24 21:06:55.268305 1649 3675 Florian 4927.89542
2 159 27.66 28.31 0.332606 2021-06-24 21:06:55.159806 1680 5623 Franko 4927.786921

0 206 35.07 24.66 0.543451 2021-06-24 21:06:56.238966 2847 4181 Oline 4928.866081
1 88 20.96 30.24 0.021965 2021-06-24 21:06:56.260931 1650 3676 Florian 4928.888046
2 240 41.21 29.92 0.000979 2021-06-24 21:06:56.261910 1954 6128 M 4928.889025

0 97 21.75 3.82 0.087803 2021-06-24 21:06:59.242466 2848 4184 Oline 4931.869581
1 294 51.51 28.31 0.205944 2021-06-24 21:06:59.154663 930 1746 MattiaCosmicWatch 4931.781778
2 384 80.08 68.59 0.023067 2021-06-24 21:06:59.466876 1106 3145 rens 4932.093991

0 76 19.69 -0.91 0.025489 2021-06-24 21:07:03.384467 2849 4188 Oline 4936.011582
1 127 24.18 30.24 0.034027 2021-06-24 21:07:03.314727 1652 3682 Florian 4935.941842
2 159 27.66 29.92 0.044251 2021-06-24 21:07:03.358978 1957 6136 M 4935.986093

0 172 29.49 18.00 0.128804 2021-06-24 21:07:04.250373 2850 4189 Oline 4936.877488
1 121 23.66 30.24 0.022142 2021-06-24 21:07:04.272515 1653 3685 Florian 4936.89963
2 236 40.44 29.92 0.002413 2021-06-24 21:07:04.274928 1958 6137 M 4936.902043

0 124 23.92 9.30 0.015938 2021-06-24 21:07:06.211199 2851 4191 Oline 4938.838314
1 63 17.91 28.31 0.019848 2021-06-24 21:07:06.195261 932 1750 MattiaCosmicWatch 4938.822376
2 94 21.50 27.67 0.551917 2021-06-24 21:07:06.175413 1025 2943 Noor 4938.802528

0 163 28.20 12.84 0.058935 2021-06-24 21:07:10.949653 2855 4197 Oline 4943.576768
1 63 17.91 30.24 0.136279 2021-06-24 21:07:10.868519 1215 2477 Cecile 4943.495634
2 158 27.53 27.99 0.022199 2021-06-24 21:07:10.890718 660 2091 Niels 4943.517833

0 30 11.83 -11.22 0.035334 2021-06-24 21:07:11.807675 2856 4198 Oline 4944.43479
1 71 19.06 30.24 0.013339 2021-06-24 21:07:11.937369 1216 2478 Cecile 4944.564484
2 71 19.06 28.85 0.174648 2021-06-24 21:07:11.772341 1684 5648 Franko 4944.399456

0 71 19.06 -1.02 0.475149 2021-06-24 21:07:12.546208 2857 4199 Oline 4945.173323
1 71 19.06 28.31 0.026564 2021-06-24 21:07:12.593692 934 1753 MattiaCosmicWatch 4945.220807
2 97 21.75 28.10 0.02092 2021-06-24 21:07:12.567128 661 2094 Niels 4945.194243

0 126 24.09 9.62 0.072432 2021-06-24 21:07:17.478377 2859 4202 Oline 4950.105492
1 48 15.29 30.24 0.031885 2021-06-24 21:07:17.405945 1217 2481 Cecile 4950.03306
2 103 22.23 27.77 0.097652 2021-06-24 21:07:17.374060 1027 2952 Noor 4950.001175

0 56 16.76 -4.88 0.529495 2021-06-24 21:07:18.240107 2860 4202 Oline 4950.867222
1 92 21.32 30.24 0.080972 2021-06-24 21:07:18.321079 1218 2483 Cecile 4950.948194
2 45 14.71 0.60 0.074791 2021-06-24 21:07:18.468851 1110 3150 rens 4951.095966

0 76 19.69 -2.63 0.032967 2021-06-24 21:07:20.089252 2862 4204 Oline 4952.716367
1 51 15.86 30.24 0.392204 2021-06-24 21:07:19.854442 1661 3701 Florian 4952.481557
2 35 12.75 29.92 0.063388 2021-06-24 21:07:19.917830 1966 6164 M 4952.544945

0 209 35.61 26.48 0.240415 2021-06-24 21:07:23.307851 2865 4208 Oline 4955.934966
1 365 71.38 28.31 0.055682 2021-06-24 21:07:23.438567 939 1758 MattiaCosmicWatch 4956.065682
2 115 23.18 27.88 0.03367 2021-06-24 21:07:23.341521 1029 2956 Noor 4955.968636

0 39 13.53 -9.07 0.1749 2021-06-24 21:07:25.760896 2868 4212 Oline 4958.388011
1 255 43.96 28.31 0.021216 2021-06-24 21:07:25.782112 940 1759 MattiaCosmicWatch 4958.409227
2 284 49.41 37.33 0.011152 2021-06-24 21:07:25.793264 1112 3155 rens 4958.420379

0 99 21.91 -3.49 0.133889 2021-06-24 21:07:25.927153 2869 4212 Oline 4958.554268
1 30 11.83 28.85 0.018934 2021-06-24 21:07:26.009835 2336 5195 Carlo 4958.63695
2 441 109.77 29.92 0.063748 2021-06-24 21:07:25.990901 1971 6175 M 4958.618016

0 268 46.26 20.90 0.033584 2021-06-24 21:07:26.802089 2870 4215 Oline 4959.429204
1 28 11.49 28.31 0.038499 2021-06-24 21:07:26.880992 2337 5196 Carlo 4959.508107
2 30 11.83 29.92 0.040404 2021-06-24 21:07:26.842493 1973 6177 M 4959.469608

0 227 38.83 28.31 0.000187 2021-06-24 21:07:32.608562 2873 4220 Oline 4965.235677
1 508 144.95 28.31 0.120222 2021-06-24 21:07:32.508285 2342 5205 Carlo 4965.1354
2 67 18.51 27.88 0.033723 2021-06-24 21:07:32.542008 665 2109 Niels 4965.169123

0 112 22.94 6.72 0.030671 2021-06-24 21:07:36.673044 2876 4225 Oline 4969.300159
1 78 19.92 30.57 0.642925 2021-06-24 21:07:36.574000 1665 3710 Florian 4969.201115
2 71 19.06 28.31 0.068373 2021-06-24 21:07:36.642373 1694 5676 Franko 4969.269488

0 31 12.01 -9.39 0.023353 2021-06-24 21:07:43.017641 2879 4230 Oline 4975.644756
1 234 40.06 30.24 0.131547 2021-06-24 21:07:42.994288 1225 2500 Cecile 4975.621403
2 444 109.09 28.31 0.026244 2021-06-24 21:07:43.139888 1697 5681 Franko 4975.767003

0 241 41.39 32.18 0.032618 2021-06-24 21:07:45.975132 2881 4234 Oline 4978.602247
1 152 26.78 28.31 0.053913 2021-06-24 21:07:45.942514 944 1766 MattiaCosmicWatch 4978.569629
2 195 33.17 29.92 0.338116 2021-06-24 21:07:45.888601 1982 6203 M 4978.515716

0 56 16.76 -4.88 0.021214 2021-06-24 21:07:56.736323 2884 4238 Oline 4989.363438
1 135 24.92 30.24 0.051823 2021-06-24 21:07:56.645033 1227 2506 Cecile 4989.272148
2 57 16.93 -3.92 0.121817 2021-06-24 21:07:56.593210 1117 3172 rens 4989.220325

0 201 34.22 22.19 0.017113 2021-06-24 21:07:57.154109 2885 4240 Oline 4989.781224
1 217 37.04 28.31 0.029694 2021-06-24 21:07:57.183803 945 1770 MattiaCosmicWatch 4989.810918
2 71 19.06 29.92 0.205637 2021-06-24 21:07:57.136996 1987 6219 M 4989.764111

0 179 30.55 20.90 0.023018 2021-06-24 21:07:58.514870 2886 4241 Oline 4991.141985
1 88 20.96 30.24 0.144707 2021-06-24 21:07:58.491852 1669 3727 Florian 4991.118967
2 31 12.01 -1.98 0.055189 2021-06-24 21:07:58.570059 1118 3173 rens 4991.197174

0 39 13.53 -9.07 0.320682 2021-06-24 21:08:00.769765 2887 4242 Oline 4993.39688
1 63 17.91 28.31 0.084896 2021-06-24 21:08:00.875662 2356 5243 Carlo 4993.502777
2 31 12.01 -2.63 0.021001 2021-06-24 21:08:00.790766 1120 3176 rens 4993.417881

0 83 20.46 0.92 0.00017 2021-06-24 21:08:11.631699 2895 4251 Oline 5004.258814
1 82 20.36 28.31 0.06882 2021-06-24 21:08:11.599969 947 1773 MattiaCosmicWatch 5004.227084
2 44 14.51 0.27 0.023225 2021-06-24 21:08:11.531149 1122 3183 rens 5004.158264

0 67 18.51 -3.16 0.038455 2021-06-24 21:08:15.148196 2899 4255 Oline 5007.775311
1 167 28.76 28.85 0.264947 2021-06-24 21:08:15.109741 2363 5255 Carlo 5007.736856
2 227 38.83 29.92 0.003217 2021-06-24 21:08:15.172488 1996 6244 M 5007.799603

0 120 23.58 9.30 0.099065 2021-06-24 21:08:17.484515 2900 4256 Oline 5010.11163
1 63 17.91 28.31 0.388964 2021-06-24 21:08:17.385450 2365 5258 Carlo 5010.012565
2 231 39.55 27.67 0.051517 2021-06-24 21:08:17.557016 1033 2978 Noor 5010.184131

0 108 22.63 2.53 0.023166 2021-06-24 21:08:17.805368 2901 4257 Oline 5010.432483
1 159 27.66 30.24 0.018806 2021-06-24 21:08:17.824174 1231 2517 Cecile 5010.451289
2 158 27.53 28.31 0.225186 2021-06-24 21:08:17.782202 1708 5714 Franko 5010.409317

0 60 17.43 -4.24 0.141378 2021-06-24 21:08:26.287478 2903 4262 Oline 5018.914593
1 39 13.53 30.24 0.047178 2021-06-24 21:08:26.397152 1678 3748 Florian 5019.024267
2 79 20.03 27.99 0.062496 2021-06-24 21:08:26.349974 670 2129 Niels 5018.977089

0 275 47.73 47.97 0.02221 2021-06-24 21:08:27.996137 2906 4265 Oline 5020.623252
1 112 22.94 30.24 0.452952 2021-06-24 21:08:27.902195 1234 2525 Cecile 5020.52931
2 120 23.58 28.85 0.023234 2021-06-24 21:08:27.925429 1711 5722 Franko 5020.552544

0 39 13.53 -9.07 0.021064 2021-06-24 21:08:30.749954 2908 4267 Oline 5023.377069
1 49 15.48 29.06 0.07043 2021-06-24 21:08:30.728890 2371 5270 Carlo 5023.356005
2 39 13.53 28.63 0.017923 2021-06-24 21:08:30.658460 1713 5727 Franko 5023.285575

0 78 19.92 -0.69 0.311682 2021-06-24 21:08:35.892741 2911 4271 Oline 5028.519856
1 79 20.03 28.31 0.088437 2021-06-24 21:08:35.981178 954 1785 MattiaCosmicWatch 5028.608293
2 371 73.82 28.31 0.031555 2021-06-24 21:08:36.012733 1716 5734 Franko 5028.639848

0 127 24.18 9.30 0.000184 2021-06-24 21:08:37.819544 2913 4274 Oline 5030.446659
1 174 29.79 28.85 0.175379 2021-06-24 21:08:37.797405 2375 5277 Carlo 5030.42452
2 48 15.29 0.92 0.021955 2021-06-24 21:08:37.819360 1127 3195 rens 5030.446475

0 69 18.79 -11.01 0.110805 2021-06-24 21:08:39.822749 2918 4284 Oline 5032.449864
1 48 15.29 30.24 0.086192 2021-06-24 21:08:39.908941 1235 2527 Cecile 5032.536056
2 37 13.14 28.31 0.094953 2021-06-24 21:08:40.091985 1718 5738 Franko 5032.7191

0 103 22.23 5.43 0.051738 2021-06-24 21:08:44.675249 2921 4287 Oline 5037.302364
1 44 14.51 30.57 0.185066 2021-06-24 21:08:44.522849 1683 3758 Florian 5037.149964
2 44 14.51 28.31 0.078583 2021-06-24 21:08:44.601432 1720 5744 Franko 5037.228547

0 63 17.91 -4.88 0.081642 2021-06-24 21:08:45.360008 2923 4289 Oline 5037.987123
1 71 19.06 30.24 0.020851 2021-06-24 21:08:45.380859 1240 2533 Cecile 5038.007974
2 35 12.75 27.67 0.205888 2021-06-24 21:08:45.278366 1043 2993 Noor 5037.905481

0 126 24.09 9.30 0.04374 2021-06-24 21:08:54.538933 2925 4293 Oline 5047.166048
1 300 52.79 28.31 0.06028 2021-06-24 21:08:54.447172 2380 5287 Carlo 5047.074287
2 35 12.75 28.53 0.039699 2021-06-24 21:08:54.386892 1723 5754 Franko 5047.014007

0 30 11.83 -24.54 0.033729 2021-06-24 21:08:57.733286 2926 4295 Oline 5050.360401
1 108 22.63 30.24 0.088877 2021-06-24 21:08:57.879882 1689 3765 Florian 5050.506997
2 176 30.09 29.92 0.057719 2021-06-24 21:08:57.791005 2009 6289 M 5050.41812

0 79 20.03 -4.13 0.098149 2021-06-24 21:08:59.472948 2929 4299 Oline 5052.100063
1 48 15.29 30.24 0.022122 2021-06-24 21:08:59.374799 1691 3767 Florian 5052.001914
2 45 14.71 28.31 0.132098 2021-06-24 21:08:59.352677 1727 5759 Franko 5051.979792

0 319 57.64 50.87 0.035193 2021-06-24 21:09:04.796615 2932 4304 Oline 5057.42373
1 448 112.41 28.31 0.039001 2021-06-24 21:09:04.835616 2386 5297 Carlo 5057.462731
2 179 30.55 29.92 0.619567 2021-06-24 21:09:04.761422 2014 6294 M 5057.388537

0 204 34.73 24.44 0.074452 2021-06-24 21:09:10.493857 2933 4306 Oline 5063.120972
1 76 19.69 28.85 0.406779 2021-06-24 21:09:10.325056 2388 5300 Carlo 5062.952171
2 57 16.93 27.77 0.020894 2021-06-24 21:09:10.345950 675 2146 Niels 5062.973065

0 192 32.67 22.62 0.213356 2021-06-24 21:09:11.969577 2934 4307 Oline 5064.596692
1 224 38.29 30.24 0.022136 2021-06-24 21:09:11.991713 1695 3776 Florian 5064.618828
2 103 22.23 28.31 0.011759 2021-06-24 21:09:12.003472 1732 5775 Franko 5064.630587

0 403 88.99 68.92 0.093079 2021-06-24 21:09:17.705305 2936 4312 Oline 5070.33242
1 56 16.76 30.24 0.022056 2021-06-24 21:09:17.727361 1249 2553 Cecile 5070.354476
2 167 28.76 29.92 0.10642 2021-06-24 21:09:17.612226 2017 6304 M 5070.239341

0 92 21.32 2.53 0.000198 2021-06-24 21:09:19.633450 2937 4313 Oline 5072.260565
1 88 20.96 28.31 0.080098 2021-06-24 21:09:19.601674 959 1797 MattiaCosmicWatch 5072.228789
2 504 143.61 28.31 0.031578 2021-06-24 21:09:19.633252 1735 5783 Franko 5072.260367

0 207 35.26 26.27 0.481369 2021-06-24 21:09:20.449848 2938 4314 Oline 5073.076963
1 355 68.30 28.85 0.071865 2021-06-24 21:09:20.521713 2395 5315 Carlo 5073.148828
2 38 13.33 27.77 0.02833 2021-06-24 21:09:20.550043 677 2151 Niels 5073.177158

0 49 15.48 -6.49 0.023153 2021-06-24 21:09:24.476829 2941 4317 Oline 5077.103944
1 120 23.58 30.57 0.017893 2021-06-24 21:09:24.514511 1700 3786 Florian 5077.141626
2 207 35.26 28.31 0.12024 2021-06-24 21:09:24.453676 1737 5786 Franko 5077.080791

0 30 11.83 -11.01 0.019981 2021-06-24 21:09:32.589385 2944 4323 Oline 5085.2165
1 96 21.67 30.24 0.013537 2021-06-24 21:09:32.673040 1251 2561 Cecile 5085.300155
2 39 13.53 27.67 0.531163 2021-06-24 21:09:32.569404 1054 3024 Noor 5085.196519

0 271 46.93 32.18 0.027629 2021-06-24 21:09:35.540399 2945 4325 Oline 5088.167514
1 60 17.43 30.57 0.049312 2021-06-24 21:09:35.589711 1702 3793 Florian 5088.216826
2 83 20.46 27.67 0.124065 2021-06-24 21:09:35.512770 1055 3027 Noor 5088.139885

0 33 12.37 -10.79 0.000165 2021-06-24 21:09:36.045257 2946 4326 Oline 5088.672372
1 57 16.93 28.31 0.000172 2021-06-24 21:09:36.045429 960 1802 MattiaCosmicWatch 5088.672544
2 39 13.53 27.67 0.033711 2021-06-24 21:09:36.045092 1056 3028 Noor 5088.672207

0 63 17.91 -4.24 0.116022 2021-06-24 21:09:39.416459 2951 4332 Oline 5092.043574
1 63 17.91 28.53 0.025887 2021-06-24 21:09:39.615183 2408 5330 Carlo 5092.242298
2 30 11.83 29.92 0.049045 2021-06-24 21:09:39.465504 2023 6333 M 5092.092619

0 131 24.54 11.66 0.022292 2021-06-24 21:09:52.144740 2956 4338 Oline 5104.771855
1 51 15.86 30.24 0.159666 2021-06-24 21:09:52.122448 1254 2567 Cecile 5104.749563
2 51 15.86 29.92 0.047747 2021-06-24 21:09:52.192487 2026 6349 M 5104.819602

0 192 32.67 22.40 0.000144 2021-06-24 21:09:52.950344 2957 4339 Oline 5105.577459
1 248 42.69 28.31 0.034513 2021-06-24 21:09:52.726470 965 1812 MattiaCosmicWatch 5105.353585
2 188 32.01 22.19 0.069619 2021-06-24 21:09:52.796089 1147 3240 rens 5105.423204

0 83 20.46 1.13 0.110222 2021-06-24 21:09:54.922158 2958 4340 Oline 5107.549273
1 102 22.15 28.31 0.051456 2021-06-24 21:09:55.055026 2413 5340 Carlo 5107.682141
2 88 20.96 7.69 0.019775 2021-06-24 21:09:54.941933 1148 3242 rens 5107.569048

0 120 23.58 7.69 0.137633 2021-06-24 21:09:57.726690 2959 4341 Oline 5110.353805
1 56 16.76 30.24 0.021192 2021-06-24 21:09:57.747882 1256 2573 Cecile 5110.374997
2 30 11.83 29.92 0.084615 2021-06-24 21:09:57.832497 2028 6361 M 5110.459612

0 103 22.23 5.43 0.046966 2021-06-24 21:10:00.389123 2960 4342 Oline 5113.016238
1 103 22.23 30.57 0.087278 2021-06-24 21:10:00.293058 1709 3809 Florian 5112.920173
2 88 20.96 29.92 0.372195 2021-06-24 21:10:00.205780 2031 6363 M 5112.832895

0 44 14.51 -11.01 0.294561 2021-06-24 21:10:05.402211 2964 4348 Oline 5118.029326
1 51 15.86 30.24 0.022162 2021-06-24 21:10:05.424373 1258 2576 Cecile 5118.051488
2 51 15.86 27.88 0.000192 2021-06-24 21:10:05.424565 1064 3046 Noor 5118.05168

0 103 22.23 3.82 0.056622 2021-06-24 21:10:10.461656 2966 4353 Oline 5123.088771
1 152 26.78 30.57 0.07734 2021-06-24 21:10:10.560135 1713 3817 Florian 5123.18725
2 63 17.91 0.92 0.303073 2021-06-24 21:10:10.405034 1153 3251 rens 5123.032149

0 88 20.96 1.24 0.060986 2021-06-24 21:10:15.848907 2968 4356 Oline 5128.476022
1 463 119.23 30.24 0.020127 2021-06-24 21:10:15.869034 1260 2583 Cecile 5128.496149
2 50 15.67 29.92 0.056482 2021-06-24 21:10:15.787921 2040 6385 M 5128.415036

0 140 25.42 12.20 0.05554 2021-06-24 21:10:17.931765 2969 4358 Oline 5130.55888
1 60 17.43 30.89 0.033525 2021-06-24 21:10:17.965290 1715 3822 Florian 5130.592405
2 76 19.69 29.92 0.273075 2021-06-24 21:10:17.876225 2041 6388 M 5130.50334

0 35 12.75 -9.07 0.171284 2021-06-24 21:10:22.367860 2970 4362 Oline 5134.994975
1 103 22.23 30.24 0.083904 2021-06-24 21:10:22.600761 1261 2586 Cecile 5135.227876
2 51 15.86 29.38 0.073005 2021-06-24 21:10:22.440865 2044 6395 M 5135.06798

0 34 12.56 -11.01 0.280732 2021-06-24 21:10:22.881493 2971 4364 Oline 5135.508608
1 432 101.61 30.57 0.093324 2021-06-24 21:10:22.996967 1718 3826 Florian 5135.624082
2 39 13.53 28.31 0.02215 2021-06-24 21:10:22.903643 1748 5849 Franko 5135.530758

0 69 18.79 -11.33 0.137889 2021-06-24 21:10:23.220741 2972 4364 Oline 5135.847856
1 79 20.03 30.57 0.087933 2021-06-24 21:10:23.308674 1719 3827 Florian 5135.935789
2 193 32.84 27.67 0.076116 2021-06-24 21:10:23.384790 1066 3059 Noor 5136.011905

0 81 20.25 0.70 0.243078 2021-06-24 21:10:26.944763 2974 4367 Oline 5139.571878
1 35 12.75 30.24 0.097251 2021-06-24 21:10:27.114378 1262 2588 Cecile 5139.741493
2 83 20.46 29.92 0.020202 2021-06-24 21:10:26.964965 2046 6399 M 5139.59208

0 88 20.96 1.13 0.022095 2021-06-24 21:10:27.917470 2975 4368 Oline 5140.544585
1 295 51.75 28.85 0.039869 2021-06-24 21:10:27.895375 2428 5366 Carlo 5140.52249
2 33 12.37 29.92 0.175124 2021-06-24 21:10:27.855506 2047 6400 M 5140.482621

0 96 21.67 1.03 0.000185 2021-06-24 21:10:29.997602 2977 4371 Oline 5142.624717
1 174 29.79 29.06 0.14364 2021-06-24 21:10:29.975379 2430 5371 Carlo 5142.602494
2 207 35.26 31.21 0.022038 2021-06-24 21:10:29.997417 1157 3264 rens 5142.624532

0 159 27.66 15.74 0.38261 2021-06-24 21:10:31.145830 2978 4373 Oline 5143.772945
1 355 68.30 30.24 0.076196 2021-06-24 21:10:31.222026 1721 3832 Florian 5143.849141
2 39 13.53 27.67 0.067075 2021-06-24 21:10:31.289101 1069 3065 Noor 5143.916216

0 71 19.06 -1.02 0.418106 2021-06-24 21:10:36.826478 2982 4378 Oline 5149.453593
1 83 20.46 30.24 0.021049 2021-06-24 21:10:36.847527 1265 2594 Cecile 5149.474642
2 487 132.65 90.19 0.000172 2021-06-24 21:10:36.874515 1158 3266 rens 5149.50163

0 224 38.29 30.03 0.03254 2021-06-24 21:10:39.790417 2983 4379 Oline 5152.417532
1 120 23.58 30.57 0.018054 2021-06-24 21:10:39.544055 1727 3841 Florian 5152.17117
2 295 51.75 29.92 0.06606 2021-06-24 21:10:39.526001 2051 6412 M 5152.153116

0 184 31.36 21.11 0.019041 2021-06-24 21:10:40.569009 2984 4381 Oline 5153.196124
1 114 23.10 30.57 0.092774 2021-06-24 21:10:40.475348 1728 3842 Florian 5153.102463
2 51 15.86 28.31 0.149584 2021-06-24 21:10:40.382574 1753 5865 Franko 5153.009689

0 41 13.92 -8.64 0.160922 2021-06-24 21:10:44.351674 2987 4384 Oline 5156.978789
1 398 85.63 30.24 0.060748 2021-06-24 21:10:44.412422 1267 2599 Cecile 5157.039537
2 178 30.40 27.34 0.005762 2021-06-24 21:10:44.441395 1160 3270 rens 5157.06851

0 112 22.94 6.83 0.092666 2021-06-24 21:10:47.941139 2990 4387 Oline 5160.568254
1 195 33.17 28.31 0.211228 2021-06-24 21:10:47.776246 2442 5391 Carlo 5160.403361
2 501 142.90 93.09 0.022118 2021-06-24 21:10:47.798364 1162 3272 rens 5160.425479

0 92 21.32 1.24 0.066878 2021-06-24 21:10:50.347991 2991 4389 Oline 5162.975106
1 56 16.76 28.31 0.089033 2021-06-24 21:10:50.281113 2444 5393 Carlo 5162.908228
2 63 17.91 27.67 0.379796 2021-06-24 21:10:50.192080 1072 3082 Noor 5162.819195

0 51 15.86 -11.01 0.045971 2021-06-24 21:10:51.099132 2993 4391 Oline 5163.726247
1 57 16.93 28.31 0.030908 2021-06-24 21:10:51.130040 975 1832 MattiaCosmicWatch 5163.757155
2 83 20.46 29.92 0.108077 2021-06-24 21:10:51.053161 2060 6429 M 5163.680276

0 97 21.75 3.82 0.090953 2021-06-24 21:10:54.999468 2996 4395 Oline 5167.626583
1 125 24.00 28.31 0.064259 2021-06-24 21:10:54.908515 976 1833 MattiaCosmicWatch 5167.53563
2 50 15.67 -2.63 0.020037 2021-06-24 21:10:55.019505 1163 3276 rens 5167.64662

0 48 15.29 -7.78 0.064243 2021-06-24 21:10:56.112323 2998 4397 Oline 5168.739438
1 255 43.96 30.24 0.07264 2021-06-24 21:10:56.184963 1732 3850 Florian 5168.812078
2 135 24.92 16.71 0.014314 2021-06-24 21:10:56.048080 1164 3277 rens 5168.675195

0 55 16.58 -4.88 0.023252 2021-06-24 21:11:00.523385 3000 4399 Oline 5173.1505
1 39 13.53 28.85 0.0106 2021-06-24 21:11:00.533985 2447 5403 Carlo 5173.1611
2 204 34.73 28.85 0.071396 2021-06-24 21:11:00.500133 1759 5891 Franko 5173.127248

0 163 28.20 16.71 0.397346 2021-06-24 21:11:02.480037 3001 4400 Oline 5175.107152
1 204 34.73 30.24 0.084402 2021-06-24 21:11:02.586367 1270 2614 Cecile 5175.213482
2 30 11.83 27.67 0.021928 2021-06-24 21:11:02.501965 1075 3087 Noor 5175.12908

0 156 27.28 14.13 0.206661 2021-06-24 21:11:08.792175 3003 4405 Oline 5181.41929
1 167 28.76 28.31 0.05711 2021-06-24 21:11:08.849285 977 1835 MattiaCosmicWatch 5181.4764
2 34 12.56 -3.92 0.033543 2021-06-24 21:11:08.882828 1167 3284 rens 5181.509943

0 78 19.92 -0.80 0.057188 2021-06-24 21:11:11.793793 3005 4407 Oline 5184.420908
1 31 12.01 28.31 0.045971 2021-06-24 21:11:11.715628 2452 5418 Carlo 5184.342743
2 63 17.91 3.50 0.14042 2021-06-24 21:11:11.669657 1168 3286 rens 5184.296772

0 63 17.91 -3.92 0.027249 2021-06-24 21:11:13.071260 3006 4408 Oline 5185.698375
1 31 12.01 30.24 0.047605 2021-06-24 21:11:13.043826 1273 2619 Cecile 5185.670941
2 31 12.01 29.92 0.033276 2021-06-24 21:11:12.996221 2067 6452 M 5185.623336

0 536 160.18 96.63 0.219247 2021-06-24 21:11:13.519973 3007 4410 Oline 5186.147088
1 31 12.01 30.57 0.021059 2021-06-24 21:11:13.584144 1737 3862 Florian 5186.211259
2 67 18.51 28.31 0.023203 2021-06-24 21:11:13.543176 1763 5909 Franko 5186.170291

0 316 56.81 48.94 0.04872 2021-06-24 21:11:14.784579 3008 4411 Oline 5187.411694
1 78 19.92 28.31 0.048878 2021-06-24 21:11:14.637775 2454 5422 Carlo 5187.26489
2 240 41.21 28.31 0.021068 2021-06-24 21:11:14.658843 1764 5911 Franko 5187.285958

0 108 22.63 5.43 0.107844 2021-06-24 21:11:28.553805 3013 4419 Oline 5201.18092
1 67 18.51 28.31 0.021024 2021-06-24 21:11:28.574829 978 1839 MattiaCosmicWatch 5201.201944
2 519 154.30 96.63 0.011588 2021-06-24 21:11:28.586417 1171 3293 rens 5201.213532

0 225 38.48 37.33 0.021062 2021-06-24 21:11:36.470565 3018 4427 Oline 5209.09768
1 167 28.76 30.24 0.017186 2021-06-24 21:11:36.567866 1742 3879 Florian 5209.194981
2 101 22.08 12.09 0.107559 2021-06-24 21:11:36.449503 1175 3299 rens 5209.076618

0 286 49.78 42.49 0.020137 2021-06-24 21:11:36.783192 3019 4428 Oline 5209.410307
1 76 19.69 28.31 0.144931 2021-06-24 21:11:36.730306 982 1844 MattiaCosmicWatch 5209.357421
2 489 138.11 28.31 0.032749 2021-06-24 21:11:36.763055 1770 5934 Franko 5209.39017

0 48 15.29 -9.07 0.048138 2021-06-24 21:11:39.372132 3021 4432 Oline 5211.999247
1 81 20.25 28.31 0.02109 2021-06-24 21:11:39.463854 983 1846 MattiaCosmicWatch 5212.090969
2 57 16.93 27.67 0.200371 2021-06-24 21:11:39.323994 1082 3117 Noor 5211.951109

0 240 41.21 32.18 0.072526 2021-06-24 21:11:45.745341 3027 4438 Oline 5218.372456
1 89 21.05 30.57 0.02221 2021-06-24 21:11:45.767551 1279 2638 Cecile 5218.394666
2 60 17.43 29.38 0.287396 2021-06-24 21:11:45.672815 2076 6488 M 5218.29993

0 126 24.09 9.40 0.023167 2021-06-24 21:11:47.269346 3028 4439 Oline 5219.896461
1 348 65.64 28.31 0.100091 2021-06-24 21:11:47.185539 2472 5453 Carlo 5219.812654
2 124 23.92 28.31 0.06064 2021-06-24 21:11:47.246179 1771 5948 Franko 5219.873294

0 87 20.86 1.24 0.031946 2021-06-24 21:11:50.001039 3030 4441 Oline 5222.628154
1 39 13.53 28.31 0.409193 2021-06-24 21:11:49.947985 2475 5456 Carlo 5222.5751
2 211 35.96 29.92 0.021108 2021-06-24 21:11:49.969093 2079 6492 M 5222.596208

0 83 20.46 1.03 0.02202 2021-06-24 21:11:50.883654 3031 4442 Oline 5223.510769
1 131 24.54 29.06 0.000175 2021-06-24 21:11:50.883829 2476 5458 Carlo 5223.510944
2 364 71.71 27.77 0.184764 2021-06-24 21:11:50.861634 688 2213 Niels 5223.488749

0 103 22.23 6.07 0.000186 2021-06-24 21:11:59.293654 3034 4445 Oline 5231.920769
1 108 22.63 30.24 0.608583 2021-06-24 21:11:59.269104 1747 3895 Florian 5231.896219
2 143 25.74 28.10 0.024364 2021-06-24 21:11:59.293468 690 2220 Niels 5231.920583

0 63 17.91 -3.92 0.046254 2021-06-24 21:12:07.552620 3039 4452 Oline 5240.179735
1 241 41.39 28.85 0.219033 2021-06-24 21:12:07.506366 2488 5479 Carlo 5240.133481
2 231 39.55 29.38 0.021037 2021-06-24 21:12:07.573657 2084 6508 M 5240.200772

0 44 14.51 -9.07 0.073653 2021-06-24 21:12:08.445612 3040 4453 Oline 5241.072727
1 124 23.92 30.24 0.276236 2021-06-24 21:12:08.371959 1282 2648 Cecile 5240.999074
2 195 33.17 28.31 0.021197 2021-06-24 21:12:08.466809 1783 5979 Franko 5241.093924

0 176 30.09 19.61 0.031394 2021-06-24 21:12:09.789633 3041 4456 Oline 5242.416748
1 38 13.33 28.53 0.110154 2021-06-24 21:12:09.695683 2490 5483 Carlo 5242.322798
2 255 43.96 29.92 0.062556 2021-06-24 21:12:09.758239 2086 6512 M 5242.385354

0 135 24.92 11.98 0.022958 2021-06-24 21:12:11.077329 3042 4457 Oline 5243.704444
1 147 26.19 30.57 0.511541 2021-06-24 21:12:11.054371 1283 2650 Cecile 5243.681486
2 216 36.85 27.99 0.01726 2021-06-24 21:12:11.094589 691 2226 Niels 5243.721704

0 396 85.28 67.30 0.036068 2021-06-24 21:12:11.961757 3043 4458 Oline 5244.588872
1 31 12.01 28.85 0.107972 2021-06-24 21:12:11.866872 2492 5485 Carlo 5244.493987
2 399 87.30 29.92 0.058817 2021-06-24 21:12:11.925689 2087 6514 M 5244.552804

0 511 149.39 93.09 0.017937 2021-06-24 21:12:23.583494 3045 4465 Oline 5256.210609
1 152 26.78 30.24 0.005315 2021-06-24 21:12:23.588809 1757 3912 Florian 5256.215924
2 371 73.82 29.92 0.09375 2021-06-24 21:12:23.565557 2092 6533 M 5256.192672

0 295 51.75 45.07 0.062743 2021-06-24 21:12:27.707053 3046 4466 Oline 5260.334168
1 92 21.32 28.85 0.114094 2021-06-24 21:12:27.561761 2499 5503 Carlo 5260.188876
2 31 12.01 28.31 0.082549 2021-06-24 21:12:27.644310 1787 5998 Franko 5260.271425

0 120 23.58 7.69 0.008847 2021-06-24 21:12:36.872072 3050 4474 Oline 5269.499187
1 358 69.10 28.53 0.153742 2021-06-24 21:12:36.595236 2505 5516 Carlo 5269.222351
2 71 19.06 6.72 0.022275 2021-06-24 21:12:36.617511 1186 3330 rens 5269.244626

0 37 13.14 -9.07 0.072574 2021-06-24 21:12:39.527602 3051 4476 Oline 5272.154717
1 127 24.18 30.57 0.019067 2021-06-24 21:12:39.455028 1762 3925 Florian 5272.082143
2 176 30.09 29.38 0.411309 2021-06-24 21:12:39.435961 2099 6557 M 5272.063076

0 295 51.75 37.33 0.019951 2021-06-24 21:12:41.733222 3052 4479 Oline 5274.360337
1 89 21.05 30.24 0.108833 2021-06-24 21:12:41.690057 1763 3928 Florian 5274.317172
2 103 22.23 29.92 0.023214 2021-06-24 21:12:41.713271 2101 6561 M 5274.340386

0 37 13.14 -9.07 0.038639 2021-06-24 21:12:45.703778 3054 4481 Oline 5278.330893
1 71 19.06 28.31 0.141218 2021-06-24 21:12:45.581740 2507 5524 Carlo 5278.208855
2 163 28.20 22.19 0.083399 2021-06-24 21:12:45.665139 1188 3336 rens 5278.292254

0 31 12.01 -9.93 0.051445 2021-06-24 21:12:50.170061 3055 4483 Oline 5282.797176
1 79 20.03 30.24 0.146427 2021-06-24 21:12:50.095396 1768 3936 Florian 5282.722511
2 255 43.96 27.77 0.02322 2021-06-24 21:12:50.118616 1092 3159 Noor 5282.745731

0 348 65.64 57.85 0.103505 2021-06-24 21:12:54.215087 3057 4485 Oline 5286.842202
1 56 16.76 28.85 0.088103 2021-06-24 21:12:54.333165 2513 5537 Carlo 5286.96028
2 110 22.78 28.10 0.029975 2021-06-24 21:12:54.245062 696 2246 Niels 5286.872177

0 62 17.75 -6.60 0.100753 2021-06-24 21:12:55.515083 3059 4487 Oline 5288.142198
1 98 21.83 30.24 0.04932 2021-06-24 21:12:55.564403 1770 3940 Florian 5288.191518
2 159 27.66 29.92 0.025642 2021-06-24 21:12:55.590045 2108 6579 M 5288.21716

0 31 12.01 -9.29 0.055072 2021-06-24 21:12:58.604325 3061 4490 Oline 5291.23144
1 121 23.66 28.31 0.033716 2021-06-24 21:12:58.638041 989 1865 MattiaCosmicWatch 5291.265156
2 99 21.91 9.30 0.542906 2021-06-24 21:12:58.549253 1192 3348 rens 5291.176368

0 71 19.06 -2.63 0.02001 2021-06-24 21:13:03.837345 3062 4492 Oline 5296.46446
1 295 51.75 28.63 0.021168 2021-06-24 21:13:03.735155 2518 5544 Carlo 5296.36227
2 193 32.84 29.92 0.223548 2021-06-24 21:13:03.713987 1193 3351 rens 5296.341102

0 238 40.82 32.18 0.032661 2021-06-24 21:13:08.095904 3066 4497 Oline 5300.723019
1 103 22.23 30.57 0.18833 2021-06-24 21:13:07.964866 1296 2677 Cecile 5300.591981
2 39 13.53 -1.02 0.024547 2021-06-24 21:13:07.989413 1194 3356 rens 5300.616528

0 284 49.41 41.52 0.027425 2021-06-24 21:13:12.523870 3068 4499 Oline 5305.150985
1 236 40.44 30.24 0.091774 2021-06-24 21:13:12.395604 1772 3947 Florian 5305.022719
2 103 22.23 11.88 0.024714 2021-06-24 21:13:12.420318 1196 3362 rens 5305.047433

0 71 19.06 -2.63 0.180039 2021-06-24 21:13:17.650815 3069 4501 Oline 5310.27793
1 51 15.86 28.31 0.056533 2021-06-24 21:13:17.707348 2523 5559 Carlo 5310.334463
2 233 39.92 28.31 0.032591 2021-06-24 21:13:17.774605 1803 6053 Franko 5310.40172

0 49 15.48 -6.49 0.193807 2021-06-24 21:13:28.306891 3073 4509 Oline 5320.934006
1 41 13.92 30.24 0.021061 2021-06-24 21:13:28.327952 1775 3954 Florian 5320.955067
2 63 17.91 28.31 0.022751 2021-06-24 21:13:28.350703 1807 6064 Franko 5320.977818

0 67 18.51 -3.06 0.000172 2021-06-24 21:13:30.970419 3075 4511 Oline 5323.597534
1 71 19.06 28.31 0.806418 2021-06-24 21:13:30.937589 995 1877 MattiaCosmicWatch 5323.564704
2 93 21.41 9.30 0.032658 2021-06-24 21:13:30.970247 1200 3372 rens 5323.597362

0 31 12.01 -10.04 0.037526 2021-06-24 21:13:32.250657 3076 4512 Oline 5324.877772
1 35 12.75 29.06 0.0373 2021-06-24 21:13:32.408854 2529 5570 Carlo 5325.035969
2 287 50.23 28.31 0.4884 2021-06-24 21:13:32.213131 1808 6069 Franko 5324.840246

0 105 22.39 -2.63 0.150809 2021-06-24 21:13:41.297230 3079 4518 Oline 5333.924345
1 89 21.05 28.31 0.092603 2021-06-24 21:13:41.412038 2534 5580 Carlo 5334.039153
2 44 14.51 27.67 0.022205 2021-06-24 21:13:41.319435 1102 3195 Noor 5333.94655

0 39 13.53 -9.07 0.000162 2021-06-24 21:13:43.005356 3081 4521 Oline 5335.632471
1 45 14.71 30.24 0.017877 2021-06-24 21:13:42.999501 1307 2696 Cecile 5335.626616
2 70 18.93 29.38 0.074665 2021-06-24 21:13:42.981624 2118 6624 M 5335.608739

0 67 18.51 -2.63 0.032743 2021-06-24 21:13:45.414772 3083 4524 Oline 5338.041887
1 178 30.40 28.31 0.136686 2021-06-24 21:13:45.239745 2538 5585 Carlo 5337.86686
2 102 22.15 28.31 0.073116 2021-06-24 21:13:45.312861 1814 6084 Franko 5337.939976

0 31 12.01 -9.39 0.018223 2021-06-24 21:13:48.925276 3086 4528 Oline 5341.552391
1 319 57.64 30.24 0.02011 2021-06-24 21:13:48.907053 1309 2700 Cecile 5341.534168
2 56 16.76 -4.24 0.030309 2021-06-24 21:13:48.886943 1206 3387 rens 5341.514058

0 31 12.01 -10.36 0.052873 2021-06-24 21:13:54.636342 3088 4531 Oline 5347.263457
1 231 39.55 30.24 0.111198 2021-06-24 21:13:54.583469 1312 2703 Cecile 5347.210584
2 42 14.12 0.06 0.087483 2021-06-24 21:13:54.723825 1207 3388 rens 5347.35094

0 47 15.10 -6.49 0.05076 2021-06-24 21:14:01.835922 3091 4537 Oline 5354.463037
1 149 26.42 28.85 0.47678 2021-06-24 21:14:01.488650 2545 5599 Carlo 5354.115765
2 127 24.18 27.77 0.081228 2021-06-24 21:14:01.569878 704 2276 Niels 5354.196993

0 25 11.02 -13.58 0.374533 2021-06-24 21:14:02.493729 3092 4538 Oline 5355.120844
1 126 24.09 30.57 0.057783 2021-06-24 21:14:02.718686 1313 2707 Cecile 5355.345801
2 159 27.66 20.47 0.036232 2021-06-24 21:14:02.529961 1208 3390 rens 5355.157076

0 92 21.32 2.53 0.000157 2021-06-24 21:14:05.338254 3093 4539 Oline 5357.965369
1 31 12.01 30.24 0.041157 2021-06-24 21:14:05.379585 1789 3980 Florian 5358.0067
2 179 30.55 29.92 0.003315 2021-06-24 21:14:05.338097 2129 6652 M 5357.965212

0 92 21.32 1.46 0.023069 2021-06-24 21:14:10.913106 3095 4541 Oline 5363.540221
1 110 22.78 28.31 0.085904 2021-06-24 21:14:10.999010 997 1884 MattiaCosmicWatch 5363.626125
2 67 18.51 28.31 0.17206 2021-06-24 21:14:10.890037 1819 6116 Franko 5363.517152

0 38 13.33 -10.68 0.021213 2021-06-24 21:14:11.319146 3096 4542 Oline 5363.946261
1 415 95.00 28.31 0.031013 2021-06-24 21:14:11.350159 998 1885 MattiaCosmicWatch 5363.977274
2 38 13.33 27.88 0.167687 2021-06-24 21:14:11.297933 707 2283 Niels 5363.925048

0 101 22.08 3.82 0.267712 2021-06-24 21:14:14.520581 3097 4543 Oline 5367.147696
1 35 12.75 30.24 0.0274 2021-06-24 21:14:14.656712 1792 3986 Florian 5367.283827
2 415 95.00 28.31 0.030479 2021-06-24 21:14:14.551060 1820 6121 Franko 5367.178175

0 39 13.53 -9.18 0.092469 2021-06-24 21:14:15.738020 3099 4545 Oline 5368.365135
1 71 19.06 30.24 0.01894 2021-06-24 21:14:15.536138 1793 3988 Florian 5368.163253
2 248 42.69 29.92 0.057168 2021-06-24 21:14:15.517198 2131 6666 M 5368.144313

0 102 22.15 3.82 0.038251 2021-06-24 21:14:18.296544 3100 4547 Oline 5370.923659
1 57 16.93 30.24 0.197973 2021-06-24 21:14:18.181245 1794 3990 Florian 5370.80836
2 207 35.26 28.31 0.077048 2021-06-24 21:14:18.258293 1822 6130 Franko 5370.885408

0 67 18.51 -2.63 0.033185 2021-06-24 21:14:22.901021 3101 4548 Oline 5375.528136
1 163 28.20 28.53 0.13702 2021-06-24 21:14:22.647735 2554 5616 Carlo 5375.27485
2 112 22.94 29.92 0.092927 2021-06-24 21:14:22.740662 2132 6679 M 5375.367777

0 127 24.18 10.59 0.102403 2021-06-24 21:14:24.108440 3102 4549 Oline 5376.735555
1 108 22.63 30.24 0.03458 2021-06-24 21:14:24.143020 1321 2723 Cecile 5376.770135
2 63 17.91 28.31 0.023337 2021-06-24 21:14:24.166357 1825 6137 Franko 5376.793472

0 31 12.01 -9.50 0.020924 2021-06-24 21:14:32.528844 3105 4555 Oline 5385.155959
1 355 68.30 28.31 0.052855 2021-06-24 21:14:32.485045 2560 5626 Carlo 5385.11216
2 30 11.83 29.38 0.05222 2021-06-24 21:14:32.432190 2137 6696 M 5385.059305

0 88 20.96 -4.02 0.211575 2021-06-24 21:14:32.740419 3106 4555 Oline 5385.367534
1 69 18.79 28.85 0.02314 2021-06-24 21:14:32.798009 2561 5627 Carlo 5385.425124
2 37 13.14 28.31 0.03445 2021-06-24 21:14:32.774869 1828 6146 Franko 5385.401984

0 39 13.53 -7.78 0.010857 2021-06-24 21:14:39.657521 3109 4559 Oline 5392.284636
1 524 150.73 28.53 0.023237 2021-06-24 21:14:39.423619 2566 5633 Carlo 5392.050734
2 348 65.64 28.10 0.038574 2021-06-24 21:14:39.400382 712 2300 Niels 5392.027497

0 147 26.19 14.13 0.483175 2021-06-24 21:14:41.672071 3110 4560 Oline 5394.299186
1 79 20.03 30.24 0.022222 2021-06-24 21:14:41.694293 1327 2737 Cecile 5394.321408
2 37 13.14 29.92 0.045164 2021-06-24 21:14:41.739457 2142 6709 M 5394.366572

0 248 42.69 32.61 0.165128 2021-06-24 21:14:42.965808 3113 4563 Oline 5395.592923
1 216 36.85 28.85 0.082203 2021-06-24 21:14:43.087972 2567 5635 Carlo 5395.715087
2 358 69.10 29.92 0.021993 2021-06-24 21:14:42.987801 2143 6713 M 5395.614916

0 115 23.18 7.04 0.048881 2021-06-24 21:14:46.856108 3115 4566 Oline 5399.483223
1 147 26.19 28.31 0.464956 2021-06-24 21:14:46.807227 1004 1899 MattiaCosmicWatch 5399.434342
2 49 15.48 28.85 0.040321 2021-06-24 21:14:46.930139 2145 6719 M 5399.557254

0 28 11.49 -11.33 0.031279 2021-06-24 21:14:48.182750 3116 4568 Oline 5400.809865
1 46 14.91 28.31 0.033758 2021-06-24 21:14:48.142281 2569 5642 Carlo 5400.769396
2 192 32.67 27.99 0.100007 2021-06-24 21:14:48.108523 1215 3416 rens 5400.735638

0 31 12.01 -10.04 0.085436 2021-06-24 21:14:50.841096 3117 4569 Oline 5403.468211
1 243 41.74 30.57 0.022024 2021-06-24 21:14:50.863120 1803 4014 Florian 5403.490235
2 121 23.66 28.31 0.021089 2021-06-24 21:14:50.755660 1835 6165 Franko 5403.382775

0 51 15.86 -6.49 0.003906 2021-06-24 21:14:52.815386 3118 4570 Oline 5405.442501
1 38 13.33 30.24 0.405825 2021-06-24 21:14:52.787254 1804 4017 Florian 5405.414369
2 300 52.79 28.31 0.024226 2021-06-24 21:14:52.811480 1836 6166 Franko 5405.438595

0 39 13.53 -9.39 0.020199 2021-06-24 21:14:53.491583 3119 4571 Oline 5406.118698
1 44 14.51 28.31 0.032364 2021-06-24 21:14:53.523947 2574 5648 Carlo 5406.151062
2 31 12.01 29.92 0.122729 2021-06-24 21:14:53.471384 2147 6724 M 5406.098499

0 201 34.22 24.44 0.000191 2021-06-24 21:14:56.801670 3121 4573 Oline 5409.428785
1 88 20.96 28.31 0.150768 2021-06-24 21:14:56.768871 1006 1903 MattiaCosmicWatch 5409.395986
2 259 44.69 28.31 0.032608 2021-06-24 21:14:56.801479 1838 6173 Franko 5409.428594

0 112 22.94 2.74 0.337465 2021-06-24 21:14:59.136619 3124 4577 Oline 5411.763734
1 312 55.68 28.85 0.021175 2021-06-24 21:14:59.157794 2577 5656 Carlo 5411.784909
2 39 13.53 28.85 0.033526 2021-06-24 21:14:59.256460 1840 6175 Franko 5411.883575

0 56 16.76 -6.28 0.219629 2021-06-24 21:15:02.937546 3127 4579 Oline 5415.564661
1 238 40.82 30.24 0.087042 2021-06-24 21:15:03.024588 1333 2748 Cecile 5415.651703
2 101 22.08 5.64 0.032062 2021-06-24 21:15:03.056650 1222 3429 rens 5415.683765

0 88 20.96 1.24 0.023892 2021-06-24 21:15:11.176470 3130 4583 Oline 5423.803585
1 94 21.50 30.24 0.010164 2021-06-24 21:15:11.186634 1810 4031 Florian 5423.813749
2 225 38.48 28.31 0.12195 2021-06-24 21:15:11.152578 1844 6186 Franko 5423.779693

0 159 27.66 9.62 0.156991 2021-06-24 21:15:16.672755 3133 4587 Oline 5429.29987
1 78 19.92 30.24 0.03056 2021-06-24 21:15:16.703315 1812 4033 Florian 5429.33043
2 51 15.86 27.67 0.040079 2021-06-24 21:15:16.815485 1125 3259 Noor 5429.4426

0 60 17.43 -3.92 0.024304 2021-06-24 21:15:18.259410 3134 4588 Oline 5430.886525
1 67 18.51 28.85 0.104162 2021-06-24 21:15:18.205845 2591 5684 Carlo 5430.83296
2 300 52.79 28.63 0.029261 2021-06-24 21:15:18.235106 1848 6194 Franko 5430.862221

0 99 21.91 -0.37 0.240101 2021-06-24 21:15:22.671309 3138 4595 Oline 5435.298424
1 172 29.49 28.85 0.040525 2021-06-24 21:15:22.711834 2594 5688 Carlo 5435.338949
2 193 32.84 28.31 0.023147 2021-06-24 21:15:22.734981 1852 6198 Franko 5435.362096

0 35 12.75 -9.07 0.072825 2021-06-24 21:15:26.405573 3140 4597 Oline 5439.032688
1 79 20.03 30.24 0.044498 2021-06-24 21:15:26.450071 1338 2762 Cecile 5439.077186
2 109 22.70 28.31 0.163378 2021-06-24 21:15:26.332748 1856 6205 Franko 5438.959863

0 63 17.91 -4.45 0.089359 2021-06-24 21:15:32.997701 3145 4602 Oline 5445.624816
1 33 12.37 28.31 0.0293 2021-06-24 21:15:33.027001 2600 5702 Carlo 5445.654116
2 102 22.15 29.92 0.200896 2021-06-24 21:15:32.908342 2161 6779 M 5445.535457

0 44 14.51 -7.78 0.134578 2021-06-24 21:15:34.532474 3146 4603 Oline 5447.159589
1 39 13.53 29.38 0.073539 2021-06-24 21:15:34.661605 2603 5706 Carlo 5447.28872
2 51 15.86 29.92 0.055592 2021-06-24 21:15:34.588066 2162 6783 M 5447.215181

0 71 19.06 -1.02 0.000187 2021-06-24 21:15:37.726689 3150 4607 Oline 5450.353804
1 77 19.81 28.31 0.135934 2021-06-24 21:15:37.693917 1012 1913 MattiaCosmicWatch 5450.321032
2 255 43.96 28.85 0.032585 2021-06-24 21:15:37.726502 1865 6220 Franko 5450.353617

0 98 21.83 3.71 0.527872 2021-06-24 21:15:39.524245 3151 4608 Oline 5452.15136
1 115 23.18 30.24 0.055125 2021-06-24 21:15:39.579370 1341 2768 Cecile 5452.206485
2 53 16.22 1.24 0.075152 2021-06-24 21:15:39.654522 1231 3447 rens 5452.281637

0 339 62.98 55.38 0.08898 2021-06-24 21:15:40.951406 3152 4609 Oline 5453.578521
1 71 19.06 30.57 0.022767 2021-06-24 21:15:40.838207 1824 4054 Florian 5453.465322
2 211 35.96 16.71 0.08125 2021-06-24 21:15:40.815440 1232 3449 rens 5453.442555

0 88 20.96 1.24 0.024266 2021-06-24 21:15:41.671872 3153 4610 Oline 5454.298987
1 359 69.86 29.38 0.541201 2021-06-24 21:15:41.492607 2608 5712 Carlo 5454.119722
2 270 46.71 29.92 0.02314 2021-06-24 21:15:41.515747 2164 6794 M 5454.142862

0 46 14.91 -9.07 0.074109 2021-06-24 21:15:43.648358 3156 4618 Oline 5456.275473
1 319 57.64 30.24 0.033451 2021-06-24 21:15:43.681809 1343 2771 Cecile 5456.308924
2 31 12.01 28.10 0.648157 2021-06-24 21:15:43.574249 719 2317 Niels 5456.201364

0 96 21.67 2.42 0.036734 2021-06-24 21:15:48.408951 3158 4620 Oline 5461.036066
1 108 22.63 30.57 0.019901 2021-06-24 21:15:48.428852 1344 2773 Cecile 5461.055967
2 39 13.53 29.38 0.057292 2021-06-24 21:15:48.372217 2167 6806 M 5460.999332

0 89 21.05 1.24 0.349621 2021-06-24 21:15:52.667045 3159 4623 Oline 5465.29416
1 199 33.86 30.24 0.01973 2021-06-24 21:15:52.686775 1829 4060 Florian 5465.31389
2 67 18.51 29.92 0.005819 2021-06-24 21:15:52.692594 2169 6811 M 5465.319709

0 169 29.05 18.00 0.096557 2021-06-24 21:16:02.967800 3163 4628 Oline 5475.594915
1 49 15.48 28.85 0.024245 2021-06-24 21:16:03.072010 2615 5726 Carlo 5475.699125
2 60 17.43 29.92 0.1031 2021-06-24 21:16:02.871243 2172 6822 M 5475.498358

0 88 20.96 0.27 0.025993 2021-06-24 21:16:05.444512 3165 4632 Oline 5478.071627
1 48 15.29 28.31 0.021078 2021-06-24 21:16:05.607700 1018 1925 MattiaCosmicWatch 5478.234815
2 79 20.03 27.88 0.154828 2021-06-24 21:16:05.418519 724 2331 Niels 5478.045634

0 96 21.67 -7.57 0.105619 2021-06-24 21:16:07.502744 3167 4634 Oline 5480.129859
1 435 104.92 28.31 0.03924 2021-06-24 21:16:07.541984 1019 1926 MattiaCosmicWatch 5480.169099
2 172 29.49 26.05 0.034715 2021-06-24 21:16:07.576699 1238 3474 rens 5480.203814

0 97 21.75 3.82 0.415937 2021-06-24 21:16:11.859684 3170 4637 Oline 5484.486799
1 62 17.75 28.31 0.02006 2021-06-24 21:16:11.879744 1020 1930 MattiaCosmicWatch 5484.506859
2 249 42.85 40.45 0.01263 2021-06-24 21:16:11.892374 1240 3477 rens 5484.519489

0 112 22.94 6.72 0.060679 2021-06-24 21:16:16.011878 3171 4639 Oline 5488.638993
1 71 19.06 30.24 0.02113 2021-06-24 21:16:16.033008 1353 2787 Cecile 5488.660123
2 305 53.88 29.92 0.1988 2021-06-24 21:16:15.951199 2180 6838 M 5488.578314

0 28 11.49 -11.33 0.19222 2021-06-24 21:16:16.617222 3172 4640 Oline 5489.244337
1 44 14.51 30.24 0.033931 2021-06-24 21:16:16.651153 1835 4077 Florian 5489.278268
2 103 22.23 9.30 0.010666 2021-06-24 21:16:16.686065 1243 3484 rens 5489.31318

0 143 25.74 11.88 0.139777 2021-06-24 21:16:20.916354 3175 4645 Oline 5493.543469
1 63 17.91 28.31 0.022039 2021-06-24 21:16:20.938393 1023 1935 MattiaCosmicWatch 5493.565508
2 99 21.91 29.92 0.010405 2021-06-24 21:16:20.948798 2184 6844 M 5493.575913

0 143 25.74 12.84 0.024232 2021-06-24 21:16:25.485036 3177 4648 Oline 5498.112151
1 255 43.96 30.24 0.074455 2021-06-24 21:16:25.460804 1356 2791 Cecile 5498.087919
2 319 57.64 28.20 0.062723 2021-06-24 21:16:25.547759 727 2341 Niels 5498.174874

0 71 19.06 -1.55 0.024218 2021-06-24 21:16:28.444295 3180 4651 Oline 5501.07141
1 74 19.44 30.24 0.663581 2021-06-24 21:16:28.356193 1838 4085 Florian 5500.983308
2 226 38.63 28.31 0.063884 2021-06-24 21:16:28.420077 1879 6281 Franko 5501.047192

0 176 30.09 16.71 0.024089 2021-06-24 21:16:30.520964 3182 4653 Oline 5503.148079
1 327 59.28 30.24 0.07477 2021-06-24 21:16:30.496875 1361 2796 Cecile 5503.12399
2 241 41.39 37.33 0.09125 2021-06-24 21:16:30.612214 1248 3496 rens 5503.239329

0 34 12.56 -9.07 0.221486 2021-06-24 21:16:33.301567 3183 4656 Oline 5505.928682
1 115 23.18 30.78 0.019023 2021-06-24 21:16:33.403593 1841 4091 Florian 5506.030708
2 345 64.98 29.92 0.083003 2021-06-24 21:16:33.384570 2192 6856 M 5506.011685

0 353 67.64 57.96 0.045801 2021-06-24 21:16:35.524241 3185 4657 Oline 5508.151356
1 34 12.56 30.57 0.041142 2021-06-24 21:16:35.386319 1843 4094 Florian 5508.013434
2 192 32.67 28.10 0.319308 2021-06-24 21:16:35.345177 729 2345 Niels 5507.972292

0 131 24.54 11.88 0.017246 2021-06-24 21:16:40.695307 3187 4661 Oline 5513.322422
1 81 20.25 30.24 0.000164 2021-06-24 21:16:40.678061 1845 4098 Florian 5513.305176
2 163 28.20 29.92 0.02087 2021-06-24 21:16:40.677897 2196 6866 M 5513.305012

0 41 13.92 -7.78 0.073535 2021-06-24 21:16:42.612261 3189 4664 Oline 5515.239376
1 201 34.22 28.31 0.040188 2021-06-24 21:16:42.508006 2640 5769 Carlo 5515.135121
2 63 17.91 29.92 0.698957 2021-06-24 21:16:42.467818 2198 6869 M 5515.094933

0 48 15.29 -7.78 0.019504 2021-06-24 21:16:44.752101 3190 4665 Oline 5517.379216
1 41 13.92 30.24 0.882808 2021-06-24 21:16:44.626404 1846 4103 Florian 5517.253519
2 60 17.43 3.28 0.028051 2021-06-24 21:16:44.654455 1255 3507 rens 5517.28157

0 31 12.01 -12.94 0.083798 2021-06-24 21:16:45.119542 3191 4666 Oline 5517.746657
1 67 18.51 30.57 0.174398 2021-06-24 21:16:45.011271 1847 4103 Florian 5517.638386
2 83 20.46 28.20 0.024473 2021-06-24 21:16:45.035744 730 2352 Niels 5517.662859

0 76 19.69 -2.63 0.000183 2021-06-24 21:16:47.421822 3193 4669 Oline 5520.048937
1 159 27.66 28.31 0.135523 2021-06-24 21:16:47.388042 1029 1942 MattiaCosmicWatch 5520.015157
2 127 24.18 28.31 0.033597 2021-06-24 21:16:47.421639 1884 6299 Franko 5520.048754

0 92 21.32 1.13 0.032604 2021-06-24 21:16:54.321058 3199 4675 Oline 5526.948173
1 141 25.53 28.63 0.092035 2021-06-24 21:16:54.212419 2647 5782 Carlo 5526.839534
2 192 32.67 28.31 0.230161 2021-06-24 21:16:54.120384 1887 6310 Franko 5526.747499

0 78 19.92 -0.69 0.309217 2021-06-24 21:16:55.223194 3200 4676 Oline 5527.850309
1 211 35.96 28.53 0.021069 2021-06-24 21:16:55.244263 2649 5786 Carlo 5527.871378
2 88 20.96 28.20 0.012752 2021-06-24 21:16:55.257015 733 2356 Niels 5527.88413

0 67 18.51 -2.63 0.093644 2021-06-24 21:16:58.647114 3202 4679 Oline 5531.274229
1 352 66.89 28.85 0.534914 2021-06-24 21:16:58.399001 2652 5790 Carlo 5531.026116
2 39 13.53 -1.98 0.062645 2021-06-24 21:16:58.461646 1261 3523 rens 5531.088761

0 273 47.25 32.61 0.021399 2021-06-24 21:17:02.624251 3203 4681 Oline 5535.251366
1 449 112.05 28.85 0.141082 2021-06-24 21:17:02.578542 2657 5798 Carlo 5535.205657
2 51 15.86 28.31 0.02431 2021-06-24 21:17:02.602852 1888 6319 Franko 5535.229967

0 83 20.46 -0.69 0.38928 2021-06-24 21:17:07.712124 3204 4685 Oline 5540.339239
1 71 19.06 30.24 0.033709 2021-06-24 21:17:07.745833 1853 4121 Florian 5540.372948
2 127 24.18 29.92 0.000191 2021-06-24 21:17:07.746024 2207 6896 M 5540.373139

0 37 13.14 -10.79 0.04268 2021-06-24 21:17:08.170054 3205 4686 Oline 5540.797169
1 270 46.71 28.53 0.054655 2021-06-24 21:17:08.127374 2658 5802 Carlo 5540.754489
2 49 15.48 0.92 0.140541 2021-06-24 21:17:08.072719 1265 3528 rens 5540.699834

0 353 67.64 57.96 0.027084 2021-06-24 21:17:10.431124 3207 4689 Oline 5543.058239
1 69 18.79 28.31 0.040563 2021-06-24 21:17:10.683493 1033 1955 MattiaCosmicWatch 5543.310608
2 167 28.76 27.67 0.218016 2021-06-24 21:17:10.404040 1144 3319 Noor 5543.031155

0 120 23.58 7.69 0.024128 2021-06-24 21:17:16.585744 3212 4695 Oline 5549.212859
1 366 72.41 30.24 0.078354 2021-06-24 21:17:16.561616 1365 2818 Cecile 5549.188731
2 51 15.86 29.92 0.050102 2021-06-24 21:17:16.635846 2212 6914 M 5549.262961

0 31 12.01 -9.39 0.031132 2021-06-24 21:17:26.339135 3219 4705 Oline 5558.96625
1 159 27.66 28.53 0.689548 2021-06-24 21:17:26.274581 2673 5826 Carlo 5558.901696
2 71 19.06 29.92 0.033422 2021-06-24 21:17:26.308003 2215 6924 M 5558.935118

0 163 28.20 14.13 0.019044 2021-06-24 21:17:26.723583 3220 4706 Oline 5559.350698
1 295 51.75 30.57 0.003193 2021-06-24 21:17:26.726776 1856 4128 Florian 5559.353891
2 355 68.30 29.92 0.174678 2021-06-24 21:17:26.704539 2216 6925 M 5559.331654

0 31 12.01 -10.04 0.055426 2021-06-24 21:17:29.754791 3221 4708 Oline 5562.381906
1 67 18.51 30.24 0.09427 2021-06-24 21:17:29.849061 1371 2828 Cecile 5562.476176
2 487 132.65 27.67 0.416841 2021-06-24 21:17:29.699365 1146 3327 Noor 5562.32648

0 35 12.75 -9.39 0.373808 2021-06-24 21:17:31.065049 3223 4711 Oline 5563.692164
1 67 18.51 28.85 0.037546 2021-06-24 21:17:31.102595 2677 5832 Carlo 5563.72971
2 46 14.91 28.31 0.022151 2021-06-24 21:17:31.124746 1898 6346 Franko 5563.751861

0 270 46.71 34.76 0.022141 2021-06-24 21:17:34.263370 3225 4715 Oline 5566.890485
1 44 14.51 29.06 0.035814 2021-06-24 21:17:34.241229 2678 5835 Carlo 5566.868344
2 97 21.75 9.30 0.084018 2021-06-24 21:17:34.205415 1271 3542 rens 5566.83253

0 67 18.51 -3.81 0.000172 2021-06-24 21:17:36.722270 3228 4720 Oline 5569.349385
1 76 19.69 30.24 0.265423 2021-06-24 21:17:36.698998 1372 2831 Cecile 5569.326113
2 76 19.69 27.67 0.0231 2021-06-24 21:17:36.722098 1147 3331 Noor 5569.349213

0 172 29.49 18.00 0.612053 2021-06-24 21:17:37.334323 3229 4720 Oline 5569.961438
1 39 13.53 30.24 0.044587 2021-06-24 21:17:37.456905 1373 2832 Cecile 5570.08402
2 61 17.60 27.77 0.032793 2021-06-24 21:17:37.367116 745 2383 Niels 5569.994231

0 35 12.75 -9.29 0.040442 2021-06-24 21:17:40.692417 3231 4723 Oline 5573.319532
1 304 53.73 30.24 0.052373 2021-06-24 21:17:40.797651 1859 4135 Florian 5573.424766
2 291 50.97 27.67 0.37593 2021-06-24 21:17:40.651975 1149 3335 Noor 5573.27909

0 88 20.96 -2.84 0.170079 2021-06-24 21:17:40.967730 3232 4724 Oline 5573.594845
1 248 42.69 30.57 0.091214 2021-06-24 21:17:41.110230 1860 4136 Florian 5573.737345
2 77 19.81 28.31 0.051286 2021-06-24 21:17:41.019016 1900 6354 Franko 5573.646131

0 207 35.26 23.15 0.018899 2021-06-24 21:17:41.430356 3233 4725 Oline 5574.057471
1 35 12.75 29.38 0.023114 2021-06-24 21:17:41.411457 2679 5840 Carlo 5574.038572
2 46 14.91 28.31 0.076234 2021-06-24 21:17:41.388343 1901 6355 Franko 5574.015458

0 30 11.83 -10.04 0.159548 2021-06-24 21:17:46.336873 3237 4730 Oline 5578.963988
1 96 21.67 28.85 0.01804 2021-06-24 21:17:46.491663 2684 5845 Carlo 5579.118778
2 71 19.06 29.92 0.04757 2021-06-24 21:17:46.384443 2221 6950 M 5579.011558

0 71 19.06 -4.88 0.024402 2021-06-24 21:17:47.058452 3238 4731 Oline 5579.685567
1 430 101.41 28.85 0.160676 2021-06-24 21:17:47.034050 2685 5847 Carlo 5579.661165
2 31 12.01 27.56 0.067437 2021-06-24 21:17:47.165301 1153 3342 Noor 5579.792416

0 167 28.76 17.89 0.149366 2021-06-24 21:17:58.009891 3243 4740 Oline 5590.637006
1 99 21.91 28.31 0.008074 2021-06-24 21:17:58.039911 1037 1965 MattiaCosmicWatch 5590.667026
2 199 33.86 28.31 0.021946 2021-06-24 21:17:58.031837 1908 6367 Franko 5590.658952

0 79 20.03 0.27 0.034199 2021-06-24 21:18:01.272000 3244 4741 Oline 5593.899115
1 51 15.86 28.31 0.020053 2021-06-24 21:18:01.292053 2692 5862 Carlo 5593.919168
2 135 24.92 28.31 0.02323 2021-06-24 21:18:01.237801 1911 6372 Franko 5593.864916

0 33 12.37 -6.49 0.145088 2021-06-24 21:18:01.869551 3245 4744 Oline 5594.496666
1 120 23.58 30.24 0.006341 2021-06-24 21:18:01.953590 1376 2838 Cecile 5594.580705
2 38 13.33 27.77 0.056706 2021-06-24 21:18:01.926257 1155 3349 Noor 5594.553372

0 591 188.65 109.84 0.033448 2021-06-24 21:18:02.461727 3246 4746 Oline 5595.088842
1 127 24.18 28.31 0.132588 2021-06-24 21:18:02.428279 1038 1966 MattiaCosmicWatch 5595.055394
2 67 18.51 28.31 0.018327 2021-06-24 21:18:02.527113 1912 6374 Franko 5595.154228

0 143 25.74 6.72 0.031847 2021-06-24 21:18:08.405809 3249 4750 Oline 5601.032924
1 88 20.96 30.57 0.021126 2021-06-24 21:18:08.426935 1868 4159 Florian 5601.05405
2 192 32.67 28.31 0.115269 2021-06-24 21:18:08.373962 1914 6379 Franko 5601.001077

0 163 28.20 16.60 0.009755 2021-06-24 21:18:09.207101 3250 4751 Oline 5601.834216
1 207 35.26 28.53 0.013221 2021-06-24 21:18:09.220322 2696 5872 Carlo 5601.847437
2 44 14.51 28.85 0.018194 2021-06-24 21:18:09.197346 1915 6381 Franko 5601.824461

0 44 14.51 -7.78 0.05471 2021-06-24 21:18:12.179474 3252 4753 Oline 5604.806589
1 38 13.33 30.57 0.021134 2021-06-24 21:18:12.200608 1380 2842 Cecile 5604.827723
2 35 12.75 27.88 0.117293 2021-06-24 21:18:12.124764 748 2395 Niels 5604.751879

0 51 15.86 -6.49 0.148272 2021-06-24 21:18:14.464248 3253 4754 Oline 5607.091363
1 39 13.53 30.89 0.023197 2021-06-24 21:18:14.573278 1871 4163 Florian 5607.200393
2 51 15.86 28.31 0.085833 2021-06-24 21:18:14.550081 1919 6389 Franko 5607.177196

0 172 29.49 18.00 0.056133 2021-06-24 21:18:18.426772 3257 4759 Oline 5611.053887
1 117 23.34 28.31 0.311485 2021-06-24 21:18:18.247448 2701 5879 Carlo 5610.874563
2 286 49.78 27.99 0.049177 2021-06-24 21:18:18.296625 751 2399 Niels 5610.92374

0 57 16.93 -4.02 0.042351 2021-06-24 21:18:26.302944 3260 4763 Oline 5618.930059
1 304 53.73 28.31 0.020012 2021-06-24 21:18:26.246872 2706 5890 Carlo 5618.873987
2 48 15.29 0.27 0.195721 2021-06-24 21:18:26.226860 1278 3569 rens 5618.853975

0 60 17.43 -4.13 0.088214 2021-06-24 21:18:27.630802 3261 4765 Oline 5620.257917
1 51 15.86 28.31 0.042927 2021-06-24 21:18:27.542588 2707 5893 Carlo 5620.169703
2 39 13.53 27.67 0.040388 2021-06-24 21:18:27.704908 1162 3366 Noor 5620.332023

0 192 32.67 22.51 0.000182 2021-06-24 21:18:29.085718 3262 4766 Oline 5621.712833
1 188 32.01 28.31 0.106329 2021-06-24 21:18:29.051983 1043 1976 MattiaCosmicWatch 5621.679098
2 227 38.83 34.97 0.033553 2021-06-24 21:18:29.085536 1279 3570 rens 5621.712651

0 76 19.69 -0.80 0.194429 2021-06-24 21:18:36.936161 3267 4771 Oline 5629.563276
1 140 25.42 30.57 0.084182 2021-06-24 21:18:37.020343 1873 4173 Florian 5629.647458
2 74 19.44 27.99 0.07087 2021-06-24 21:18:37.091213 752 2405 Niels 5629.718328

0 156 27.28 15.74 0.156672 2021-06-24 21:18:38.469763 3268 4772 Oline 5631.096878
1 145 25.96 30.24 0.022191 2021-06-24 21:18:38.491954 1874 4176 Florian 5631.119069
2 241 41.39 27.99 0.003566 2021-06-24 21:18:38.495520 753 2406 Niels 5631.122635

0 44 14.51 -7.78 0.024291 2021-06-24 21:18:41.167626 3269 4773 Oline 5633.794741
1 89 21.05 30.24 0.082064 2021-06-24 21:18:41.143335 1876 4182 Florian 5633.77045
2 99 21.91 28.31 0.322298 2021-06-24 21:18:41.061271 1931 6419 Franko 5633.688386

0 37 13.14 -9.07 0.115901 2021-06-24 21:18:45.036247 3271 4775 Oline 5637.663362
1 88 20.96 30.57 0.020991 2021-06-24 21:18:45.057238 1390 2864 Cecile 5637.684353
2 227 38.83 28.31 0.007993 2021-06-24 21:18:45.065231 1932 6422 Franko 5637.692346

0 89 21.05 1.24 0.034372 2021-06-24 21:18:45.942183 3272 4777 Oline 5638.569298
1 126 24.09 30.24 0.019777 2021-06-24 21:18:45.961960 1877 4183 Florian 5638.589075
2 335 61.77 29.92 0.454791 2021-06-24 21:18:45.907811 2239 7028 M 5638.534926

0 51 15.86 -7.78 0.42666 2021-06-24 21:18:46.388620 3273 4777 Oline 5639.015735
1 231 39.55 30.57 0.020923 2021-06-24 21:18:46.409543 1878 4185 Florian 5639.036658
2 312 55.68 29.92 0.004475 2021-06-24 21:18:46.414018 2240 7030 M 5639.041133

0 31 12.01 -14.01 0.034159 2021-06-24 21:18:46.655713 3274 4778 Oline 5639.282828
1 66 18.36 30.24 0.022163 2021-06-24 21:18:46.677876 1879 4186 Florian 5639.304991
2 48 15.29 27.67 0.137051 2021-06-24 21:18:46.621554 1166 3378 Noor 5639.248669

0 146 26.08 11.98 0.440057 2021-06-24 21:18:48.650318 3275 4780 Oline 5641.277433
1 39 13.53 30.24 0.024292 2021-06-24 21:18:48.743171 1391 2866 Cecile 5641.370286
2 163 28.20 28.85 0.068561 2021-06-24 21:18:48.718879 1933 6427 Franko 5641.345994

0 79 20.03 0.92 0.057833 2021-06-24 21:18:54.444192 3277 4784 Oline 5647.071307
1 255 43.96 29.28 0.064201 2021-06-24 21:18:54.386359 2719 5921 Carlo 5647.013474
2 71 19.06 29.92 0.13817 2021-06-24 21:18:54.322158 2244 7040 M 5646.949273

0 38 13.33 -24.54 0.033748 2021-06-24 21:18:58.691218 3280 4789 Oline 5651.318333
1 44 14.51 30.24 0.003099 2021-06-24 21:18:58.734658 1881 4193 Florian 5651.361773
2 243 41.74 27.56 0.040341 2021-06-24 21:18:58.731559 1167 3385 Noor 5651.358674

0 76 19.69 -1.02 0.050957 2021-06-24 21:19:00.372988 3281 4791 Oline 5653.000103
1 39 13.53 28.31 0.246269 2021-06-24 21:19:00.322031 2721 5928 Carlo 5652.949146
2 112 22.94 28.31 0.021128 2021-06-24 21:19:00.394116 1937 6435 Franko 5653.021231

0 275 47.73 41.52 0.023054 2021-06-24 21:19:03.687586 3282 4793 Oline 5656.314701
1 210 35.78 30.24 0.000173 2021-06-24 21:19:03.687759 1394 2871 Cecile 5656.314874
2 85 20.67 28.31 0.391471 2021-06-24 21:19:03.664532 1938 6439 Franko 5656.291647

0 71 19.06 -1.02 0.278074 2021-06-24 21:19:11.494804 3284 4797 Oline 5664.121919
1 35 12.75 30.35 0.021021 2021-06-24 21:19:11.515825 1883 4198 Florian 5664.14294
2 248 42.69 29.92 0.045531 2021-06-24 21:19:11.580813 2247 7059 M 5664.207928

0 252 43.42 34.76 0.026917 2021-06-24 21:19:14.138729 3285 4799 Oline 5666.765844
1 131 24.54 29.06 0.549815 2021-06-24 21:19:14.068489 2727 5941 Carlo 5666.695604
2 38 13.33 28.31 0.023155 2021-06-24 21:19:14.091644 1940 6447 Franko 5666.718759

0 48 15.29 -6.49 0.063157 2021-06-24 21:19:15.219719 3286 4800 Oline 5667.846834
1 31 12.01 30.57 0.16416 2021-06-24 21:19:14.921736 1885 4200 Florian 5667.548851
2 184 31.36 19.61 0.030804 2021-06-24 21:19:14.952540 1290 3600 rens 5667.579655

0 35 12.75 -9.07 0.203041 2021-06-24 21:19:17.314662 3287 4801 Oline 5669.941777
1 181 30.87 28.31 0.021081 2021-06-24 21:19:17.335743 1049 1988 MattiaCosmicWatch 5669.962858
2 71 19.06 27.99 0.013132 2021-06-24 21:19:17.348875 756 2426 Niels 5669.97599

0 56 16.76 -4.88 0.123848 2021-06-24 21:19:21.319016 3290 4806 Oline 5673.946131
1 62 17.75 30.24 0.099981 2021-06-24 21:19:21.418997 1890 4205 Florian 5674.046112
2 238 40.82 28.31 0.03255 2021-06-24 21:19:21.451547 1946 6461 Franko 5674.078662

0 48 15.29 -11.33 0.142311 2021-06-24 21:19:21.961601 3291 4807 Oline 5674.588716
1 44 14.51 28.31 0.082157 2021-06-24 21:19:22.065739 2731 5947 Carlo 5674.692854
2 88 20.96 28.31 0.021981 2021-06-24 21:19:21.983582 1947 6462 Franko 5674.610697

0 30 11.83 -9.82 0.000185 2021-06-24 21:19:22.977087 3292 4808 Oline 5675.604202
1 220 37.58 28.31 0.113524 2021-06-24 21:19:22.943247 1051 1990 MattiaCosmicWatch 5675.570362
2 202 34.38 28.31 0.033655 2021-06-24 21:19:22.976902 1948 6464 Franko 5675.604017

0 56 16.76 -6.60 0.252234 2021-06-24 21:19:28.924249 3298 4817 Oline 5681.551364
1 254 43.77 28.31 0.031558 2021-06-24 21:19:28.955807 1052 1991 MattiaCosmicWatch 5681.582922
2 56 16.76 27.99 0.023127 2021-06-24 21:19:29.120166 757 2430 Niels 5681.747281

0 227 38.83 29.92 0.318453 2021-06-24 21:19:29.604384 3299 4817 Oline 5682.231499
1 268 46.26 30.24 0.022145 2021-06-24 21:19:29.626529 1399 2882 Cecile 5682.253644
2 222 37.96 28.31 0.002324 2021-06-24 21:19:29.628853 1949 6470 Franko 5682.255968

0 88 20.96 1.24 0.561596 2021-06-24 21:19:30.816044 3300 4818 Oline 5683.443159
1 185 31.51 30.24 0.020026 2021-06-24 21:19:30.836070 1400 2884 Cecile 5683.463185
2 97 21.75 28.10 0.009482 2021-06-24 21:19:30.849792 758 2431 Niels 5683.476907

0 334 61.44 52.48 0.041246 2021-06-24 21:19:32.320904 3303 4821 Oline 5684.948019
1 63 17.91 28.74 0.022218 2021-06-24 21:19:32.343122 2736 5962 Carlo 5684.970237
2 79 20.03 28.31 0.145063 2021-06-24 21:19:32.279658 1950 6472 Franko 5684.906773

0 31 12.01 -10.04 0.083732 2021-06-24 21:19:32.618934 3304 4822 Oline 5685.246049
1 231 39.55 28.31 0.02228 2021-06-24 21:19:32.641214 2737 5964 Carlo 5685.268329
2 51 15.86 29.92 0.139196 2021-06-24 21:19:32.535202 2255 7081 M 5685.162317

0 67 18.51 -4.02 0.02211 2021-06-24 21:19:35.085621 3307 4825 Oline 5687.712736
1 35 12.75 30.24 0.193369 2021-06-24 21:19:35.012758 1895 4212 Florian 5687.639873
2 335 61.77 57.96 0.050753 2021-06-24 21:19:35.063511 1295 3609 rens 5687.690626

0 63 17.91 -3.92 0.076371 2021-06-24 21:19:40.612069 3309 4828 Oline 5693.239184
1 108 22.63 28.85 0.121606 2021-06-24 21:19:40.501576 2738 5969 Carlo 5693.128691
2 287 50.23 28.85 0.034122 2021-06-24 21:19:40.535698 1952 6483 Franko 5693.162813

0 167 28.76 18.54 0.137389 2021-06-24 21:19:43.726333 3310 4829 Oline 5696.353448
1 35 12.75 28.31 0.041831 2021-06-24 21:19:43.850357 2741 5973 Carlo 5696.477472
2 39 13.53 27.56 0.082193 2021-06-24 21:19:43.808526 1173 3404 Noor 5696.435641

0 35 12.75 -9.82 0.086475 2021-06-24 21:19:44.298850 3311 4830 Oline 5696.925965
1 51 15.86 30.57 0.056954 2021-06-24 21:19:44.212375 1902 4223 Florian 5696.83949
2 184 31.36 26.38 0.305064 2021-06-24 21:19:44.155421 1299 3615 rens 5696.782536

0 63 17.91 -3.92 0.233223 2021-06-24 21:19:46.356831 3312 4831 Oline 5698.983946
1 207 35.26 28.31 0.015648 2021-06-24 21:19:46.393580 2744 5976 Carlo 5699.020695
2 56 16.76 29.92 0.021101 2021-06-24 21:19:46.377932 2263 7106 M 5699.005047

0 167 28.76 15.21 0.050812 2021-06-24 21:19:46.712829 3313 4833 Oline 5699.339944
1 79 20.03 30.24 0.039173 2021-06-24 21:19:46.598802 1405 2897 Cecile 5699.225917
2 39 13.53 27.67 0.033835 2021-06-24 21:19:46.559629 1174 3406 Noor 5699.186744

0 50 15.67 -6.49 0.042993 2021-06-24 21:19:49.008821 3315 4836 Oline 5701.635936
1 56 16.76 29.06 0.024482 2021-06-24 21:19:48.965828 2748 5981 Carlo 5701.592943
2 31 12.01 27.67 0.022847 2021-06-24 21:19:49.031668 1175 3408 Noor 5701.658783

0 423 97.36 73.96 0.077326 2021-06-24 21:19:57.914422 3319 4844 Oline 5710.541537
1 31 12.01 30.57 0.094108 2021-06-24 21:19:58.008530 1908 4235 Florian 5710.635645
2 56 16.76 29.92 0.033711 2021-06-24 21:19:57.837096 2267 7123 M 5710.464211

0 38 13.33 -9.07 0.022181 2021-06-24 21:19:59.186844 3321 4848 Oline 5711.813959
1 76 19.69 28.31 0.095757 2021-06-24 21:19:59.164663 2754 5991 Carlo 5711.791778
2 39 13.53 29.92 0.065572 2021-06-24 21:19:59.367301 2269 7125 M 5711.994416

0 176 30.09 19.93 0.095536 2021-06-24 21:20:02.254228 3322 4849 Oline 5714.881343
1 29 11.66 28.31 0.044319 2021-06-24 21:20:02.158692 2755 5993 Carlo 5714.785807
2 63 17.91 29.92 0.114412 2021-06-24 21:20:02.114373 2270 7132 M 5714.741488

0 359 69.86 57.74 0.076774 2021-06-24 21:20:10.147334 3324 4855 Oline 5722.774449
1 240 41.21 30.24 0.022223 2021-06-24 21:20:10.070560 1912 4245 Florian 5722.697675
2 167 28.76 12.84 0.072295 2021-06-24 21:20:10.048337 1309 3630 rens 5722.675452

0 63 17.91 -3.92 0.205886 2021-06-24 21:20:21.447770 3329 4862 Oline 5734.074885
1 48 15.29 28.31 0.066788 2021-06-24 21:20:21.514558 2764 6016 Carlo 5734.141673
2 199 33.86 29.92 0.047677 2021-06-24 21:20:21.562235 2277 7154 M 5734.18935

0 135 24.92 12.20 0.000182 2021-06-24 21:20:27.278285 3331 4864 Oline 5739.9054
1 60 17.43 28.31 0.149845 2021-06-24 21:20:27.245446 1059 2008 MattiaCosmicWatch 5739.872561
2 158 27.53 21.11 0.032657 2021-06-24 21:20:27.278103 1314 3638 rens 5739.905218

0 167 28.76 17.89 0.014218 2021-06-24 21:20:29.813710 3333 4867 Oline 5742.440825
1 60 17.43 30.24 0.021161 2021-06-24 21:20:29.799492 1419 2927 Cecile 5742.426607
2 63 17.91 27.67 0.194144 2021-06-24 21:20:29.778331 1182 3426 Noor 5742.405446

0 167 28.76 14.13 0.050476 2021-06-24 21:20:30.014029 3334 4868 Oline 5742.641144
1 115 23.18 30.24 0.023176 2021-06-24 21:20:29.963553 1920 4262 Florian 5742.590668
2 224 38.29 28.10 0.126667 2021-06-24 21:20:29.940377 767 2456 Niels 5742.567492

0 83 20.46 1.24 0.140298 2021-06-24 21:20:38.975087 3337 4875 Oline 5751.602202
1 159 27.66 30.24 0.059559 2021-06-24 21:20:39.054838 1423 2933 Cecile 5751.681953
2 71 19.06 3.82 0.020192 2021-06-24 21:20:38.995279 1317 3647 rens 5751.622394

0 79 20.03 -0.05 0.009921 2021-06-24 21:20:41.906881 3338 4876 Oline 5754.533996
1 66 18.36 30.24 0.000173 2021-06-24 21:20:41.907054 1424 2935 Cecile 5754.534169
2 96 21.67 27.77 0.033438 2021-06-24 21:20:41.896960 1187 3434 Noor 5754.524075

0 423 97.36 71.17 0.022083 2021-06-24 21:20:42.165442 3339 4877 Oline 5754.792557
1 58 17.10 28.85 0.193026 2021-06-24 21:20:42.102387 2774 6039 Carlo 5754.729502
2 48 15.29 27.99 0.040972 2021-06-24 21:20:42.143359 769 2460 Niels 5754.770474

0 44 14.51 -7.78 0.138578 2021-06-24 21:20:44.208531 3340 4880 Oline 5756.835646
1 48 15.29 30.24 0.041341 2021-06-24 21:20:44.249872 1425 2937 Cecile 5756.876987
2 71 19.06 29.92 0.044854 2021-06-24 21:20:44.319604 2285 7183 M 5756.946719

