# layer adc volt temp timediff time detector_muon_count detector_count detector_name
0 157 27.40 27.67 0.676979 2021-06-23 17:21:55.050346 2 11 Carlo 12.028488
1 71 19.06 27.99 0.013808 2021-06-23 17:21:55.064154 2 8 Florian 12.042296
2 67 18.51 27.34 0.000148 2021-06-23 17:21:55.064302 1 3 Noor 12.042444

0 133 24.73 27.67 0.011528 2021-06-23 17:22:06.573854 6 27 Carlo 23.551996
1 56 16.76 28.10 0.003312 2021-06-23 17:22:06.577166 6 13 Florian 23.555308
2 76 19.69 27.34 0.694348 2021-06-23 17:22:06.562326 2 10 Noor 23.540468

0 440 109.25 27.77 0.252966 2021-06-23 17:22:37.332809 16 57 Carlo 54.310951
1 83 20.46 28.10 0.015733 2021-06-23 17:22:37.348542 18 39 Florian 54.326684
2 56 16.76 27.34 0.000155 2021-06-23 17:22:37.348697 7 24 Noor 54.326839

0 133 24.73 27.99 0.013474 2021-06-23 17:23:29.576102 26 103 Carlo 106.554244
1 63 17.91 28.10 0.00337 2021-06-23 17:23:29.579472 30 63 Florian 106.557614
2 67 18.51 27.34 0.328909 2021-06-23 17:23:29.562628 12 40 Noor 106.54077

0 92 21.32 27.77 0.154526 2021-06-23 17:23:57.314634 30 129 Carlo 134.292776
1 167 28.76 28.10 0.01566 2021-06-23 17:23:57.330294 36 77 Florian 134.308436
2 62 17.75 27.34 0.002225 2021-06-23 17:23:57.332519 15 50 Noor 134.310661

0 280 48.67 27.99 0.014474 2021-06-23 17:24:17.050030 35 151 Carlo 154.028172
1 57 16.93 28.20 0.013946 2021-06-23 17:24:17.063976 40 83 Florian 154.042118
2 163 28.20 27.34 0.15773 2021-06-23 17:24:17.035556 19 64 Noor 154.013698

0 224 38.29 27.99 0.014517 2021-06-23 17:24:23.278818 36 156 Carlo 160.25696
1 89 21.05 28.20 0.002183 2021-06-23 17:24:23.281001 41 87 Florian 160.259143
2 108 22.63 27.34 0.66083 2021-06-23 17:24:23.264301 20 66 Noor 160.242443

0 435 104.92 27.67 0.146972 2021-06-23 17:24:25.241119 37 157 Carlo 162.219261
1 249 42.85 27.99 0.017793 2021-06-23 17:24:25.258912 42 89 Florian 162.237054
2 71 19.06 27.34 0.000161 2021-06-23 17:24:25.259073 21 69 Noor 162.237215

0 120 23.58 28.10 0.014524 2021-06-23 17:25:07.679950 46 198 Carlo 204.658092
1 169 29.05 28.20 0.003256 2021-06-23 17:25:07.683206 50 110 Florian 204.661348
2 156 27.28 27.34 1.615915 2021-06-23 17:25:07.665426 25 87 Noor 204.643568

0 167 28.76 27.99 0.033376 2021-06-23 17:25:38.553444 52 223 Carlo 235.531586
1 211 35.96 28.31 0.033261 2021-06-23 17:25:38.586705 57 131 Florian 235.564847
2 57 16.93 27.34 0.000158 2021-06-23 17:25:38.586863 27 98 Noor 235.565005

0 193 32.84 28.10 0.01762 2021-06-23 17:25:56.259312 53 233 Carlo 253.237454
1 62 17.75 28.31 0.438551 2021-06-23 17:25:56.241692 60 138 Florian 253.219834
2 56 16.76 27.34 0.004054 2021-06-23 17:25:56.263366 30 111 Noor 253.241508

0 140 25.42 27.88 0.02802 2021-06-23 17:25:58.766947 54 235 Carlo 255.745089
1 79 20.03 28.20 0.000161 2021-06-23 17:25:58.767108 61 140 Florian 255.74525
2 185 31.51 27.34 0.033352 2021-06-23 17:25:58.738927 31 113 Noor 255.717069

0 295 51.75 27.99 0.033365 2021-06-23 17:26:27.240767 59 263 Carlo 284.218909
1 526 158.17 28.20 0.033076 2021-06-23 17:26:27.273843 67 155 Florian 284.251985
2 63 17.91 27.45 0.008481 2021-06-23 17:26:27.282324 37 126 Noor 284.260466

0 234 40.06 27.99 0.014571 2021-06-23 17:26:33.938780 63 273 Carlo 290.916922
1 112 22.94 28.31 0.003206 2021-06-23 17:26:33.941986 69 158 Florian 290.920128
2 60 17.43 27.34 1.016266 2021-06-23 17:26:33.924209 40 130 Noor 290.902351

0 391 82.35 28.20 1.475594 2021-06-23 17:26:37.388323 64 274 Carlo 294.366465
1 430 101.41 28.20 0.017759 2021-06-23 17:26:37.406082 70 160 Florian 294.384224
2 67 18.51 27.34 0.002021 2021-06-23 17:26:37.408103 41 132 Noor 294.386245

0 220 37.58 27.77 0.844877 2021-06-23 17:27:48.399984 73 325 Carlo 365.378126
1 207 35.26 28.31 0.017714 2021-06-23 17:27:48.417698 79 187 Florian 365.39584
2 112 22.94 27.34 0.03129 2021-06-23 17:27:48.448988 46 162 Noor 365.42713

0 103 22.23 27.99 0.860311 2021-06-23 17:28:05.598521 75 335 Carlo 382.576663
1 102 22.15 28.31 0.01765 2021-06-23 17:28:05.616171 80 195 Florian 382.594313
2 127 24.18 27.34 0.002153 2021-06-23 17:28:05.618324 48 166 Noor 382.596466

0 255 43.96 28.10 2.486397 2021-06-23 17:28:13.074602 76 339 Carlo 390.052744
1 121 23.66 28.31 0.017678 2021-06-23 17:28:13.092280 81 199 Florian 390.070422
2 56 16.76 27.34 0.002366 2021-06-23 17:28:13.094646 49 169 Noor 390.072788

0 198 33.69 27.99 0.222552 2021-06-23 17:28:14.645645 77 342 Carlo 391.623787
1 79 20.03 28.31 0.017591 2021-06-23 17:28:14.663236 82 200 Florian 391.641378
2 71 19.06 27.34 0.001288 2021-06-23 17:28:14.664524 50 171 Noor 391.642666

0 224 38.29 28.20 0.033262 2021-06-23 17:28:20.432035 79 350 Carlo 397.410177
1 352 66.89 28.31 0.008901 2021-06-23 17:28:20.440936 83 202 Florian 397.419078
2 71 19.06 27.34 0.033411 2021-06-23 17:28:20.398773 52 178 Noor 397.376915

0 286 49.78 28.10 0.687915 2021-06-23 17:28:24.108999 80 357 Carlo 401.087141
1 71 19.06 28.10 0.017612 2021-06-23 17:28:24.126611 84 205 Florian 401.104753
2 96 21.67 27.45 0.036181 2021-06-23 17:28:24.179165 53 180 Noor 401.157307

0 384 80.08 27.88 0.015627 2021-06-23 17:28:35.456906 83 365 Carlo 412.435048
1 268 46.26 28.31 0.002053 2021-06-23 17:28:35.458959 87 211 Florian 412.437101
2 99 21.91 27.45 1.690803 2021-06-23 17:28:35.441279 54 188 Noor 412.419421

0 184 31.36 27.99 2.368792 2021-06-23 17:29:05.131927 87 383 Carlo 442.110069
1 199 33.86 27.99 0.017644 2021-06-23 17:29:05.149571 93 225 Florian 442.127713
2 112 22.94 27.34 0.002196 2021-06-23 17:29:05.151767 57 197 Noor 442.129909

0 600 203.87 27.88 0.256771 2021-06-23 17:29:06.130649 88 385 Carlo 443.108791
1 697 299.81 27.99 0.018635 2021-06-23 17:29:06.149284 94 226 Florian 443.127426
2 263 45.37 27.34 0.002154 2021-06-23 17:29:06.151438 58 198 Noor 443.12958

0 190 32.33 27.88 0.272034 2021-06-23 17:29:37.668995 96 412 Carlo 474.647137
1 287 50.23 28.20 0.017733 2021-06-23 17:29:37.686728 103 242 Florian 474.66487
2 56 16.76 27.34 0.002168 2021-06-23 17:29:37.688896 64 216 Noor 474.667038

0 138 25.22 28.10 0.015505 2021-06-23 17:30:38.419178 102 467 Carlo 535.39732
1 127 24.18 28.31 0.002308 2021-06-23 17:30:38.421486 112 271 Florian 535.399628
2 51 15.86 27.34 0.18087 2021-06-23 17:30:38.403673 70 255 Noor 535.381815

0 94 21.50 28.10 0.044789 2021-06-23 17:30:51.989426 103 482 Carlo 548.967568
1 102 22.15 28.31 0.015586 2021-06-23 17:30:51.944637 113 281 Florian 548.922779
2 88 20.96 27.34 0.252267 2021-06-23 17:30:51.929051 71 256 Noor 548.907193

0 76 19.69 27.99 0.047219 2021-06-23 17:30:59.345419 105 492 Carlo 556.323561
1 110 22.78 28.31 0.162141 2021-06-23 17:30:59.278419 115 285 Florian 556.256561
2 287 50.23 27.45 0.019781 2021-06-23 17:30:59.298200 72 260 Noor 556.276342

0 186 31.68 28.10 1.487903 2021-06-23 17:31:49.026833 111 537 Carlo 606.004975
1 51 15.86 28.31 0.01775 2021-06-23 17:31:49.044583 122 306 Florian 606.022725
2 56 16.76 27.34 0.012304 2021-06-23 17:31:49.056887 74 285 Noor 606.035029

0 274 47.52 27.99 0.016568 2021-06-23 17:32:29.062833 117 567 Carlo 646.040975
1 335 61.77 28.31 0.013428 2021-06-23 17:32:29.076261 132 327 Florian 646.054403
2 140 25.42 27.34 0.164615 2021-06-23 17:32:29.046265 79 298 Noor 646.024407

0 110 22.78 28.31 0.015854 2021-06-23 17:33:08.285950 125 600 Carlo 685.264092
1 63 17.91 28.20 0.001969 2021-06-23 17:33:08.287919 139 347 Florian 685.266061
2 92 21.32 27.34 0.124541 2021-06-23 17:33:08.270096 83 321 Noor 685.248238

0 231 39.55 27.88 0.019217 2021-06-23 17:34:01.603246 133 653 Carlo 738.581388
1 536 160.18 28.20 0.018051 2021-06-23 17:34:01.621297 150 376 Florian 738.599439
2 113 23.02 27.34 1.247623 2021-06-23 17:34:01.584029 89 342 Noor 738.562171

0 71 19.06 28.20 0.01702 2021-06-23 17:34:37.739722 138 679 Carlo 774.717864
1 163 28.20 28.31 0.000157 2021-06-23 17:34:37.739879 155 388 Florian 774.718021
2 216 36.85 27.56 0.713265 2021-06-23 17:34:37.722702 96 367 Noor 774.700844

0 352 66.89 28.31 0.05944 2021-06-23 17:34:40.082599 141 684 Carlo 777.060741
1 89 21.05 28.31 0.017882 2021-06-23 17:34:40.100481 157 391 Florian 777.078623
2 63 17.91 27.56 0.001172 2021-06-23 17:34:40.101653 98 373 Noor 777.079795

0 199 33.86 28.10 0.055513 2021-06-23 17:34:41.073203 142 687 Carlo 778.051345
1 364 71.71 28.31 0.017897 2021-06-23 17:34:41.091100 158 393 Florian 778.069242
2 71 19.06 27.34 0.002165 2021-06-23 17:34:41.093265 99 374 Noor 778.071407

0 192 32.67 28.10 0.593306 2021-06-23 17:35:01.452307 147 707 Carlo 798.430449
1 92 21.32 28.10 0.017918 2021-06-23 17:35:01.470225 164 405 Florian 798.448367
2 62 17.75 27.45 0.001134 2021-06-23 17:35:01.471359 101 383 Noor 798.449501

0 152 26.78 27.88 0.335173 2021-06-23 17:35:02.510662 148 708 Carlo 799.488804
1 159 27.66 28.31 0.017935 2021-06-23 17:35:02.528597 165 407 Florian 799.506739
2 57 16.93 27.34 0.002276 2021-06-23 17:35:02.530873 102 384 Noor 799.509015

0 369 73.42 27.99 0.166825 2021-06-23 17:35:22.450210 153 729 Carlo 819.428352
1 499 141.24 28.31 0.017911 2021-06-23 17:35:22.468121 169 417 Florian 819.446263
2 63 17.91 27.45 0.003352 2021-06-23 17:35:22.471473 104 393 Noor 819.449615

0 167 28.76 28.31 0.000155 2021-06-23 17:35:28.465464 154 734 Carlo 825.443606
1 179 30.55 28.31 0.526695 2021-06-23 17:35:28.445268 170 420 Florian 825.42341
2 56 16.76 27.34 0.020041 2021-06-23 17:35:28.465309 105 395 Noor 825.443451

0 391 82.35 28.31 0.752938 2021-06-23 17:35:37.046180 156 739 Carlo 834.024322
1 202 34.38 28.20 0.017913 2021-06-23 17:35:37.064093 172 426 Florian 834.042235
2 56 16.76 27.45 0.002251 2021-06-23 17:35:37.066344 106 401 Noor 834.044486

0 275 47.73 28.20 0.015865 2021-06-23 17:35:39.975628 157 742 Carlo 836.95377
1 81 20.25 28.31 0.002345 2021-06-23 17:35:39.977973 173 427 Florian 836.956115
2 89 21.05 27.56 0.535128 2021-06-23 17:35:39.959763 107 404 Noor 836.937905

0 313 56.02 28.20 0.015711 2021-06-23 17:36:53.152776 168 803 Carlo 910.130918
1 127 24.18 28.31 0.002341 2021-06-23 17:36:53.155117 186 456 Florian 910.133259
2 79 20.03 27.45 0.475899 2021-06-23 17:36:53.137065 112 445 Noor 910.115207

0 243 41.74 28.31 0.000158 2021-06-23 17:37:01.733707 170 809 Carlo 918.711849
1 195 33.17 28.20 0.998108 2021-06-23 17:37:01.713529 188 460 Florian 918.691671
2 71 19.06 27.34 0.02002 2021-06-23 17:37:01.733549 113 450 Noor 918.711691

0 193 32.84 28.20 0.205712 2021-06-23 17:37:44.308260 176 841 Carlo 961.286402
1 448 112.41 28.20 0.016928 2021-06-23 17:37:44.352507 195 478 Florian 961.330649
2 103 22.23 27.34 0.027319 2021-06-23 17:37:44.335579 119 478 Noor 961.313721

0 56 16.76 28.10 0.000157 2021-06-23 17:37:55.921095 178 850 Carlo 972.899237
1 103 22.23 28.31 0.238827 2021-06-23 17:37:55.901093 198 487 Florian 972.879235
2 152 26.78 27.56 0.019845 2021-06-23 17:37:55.920938 121 488 Noor 972.89908

0 199 33.86 28.31 1.666843 2021-06-23 17:37:59.271964 179 852 Carlo 976.250106
1 76 19.69 28.31 0.017814 2021-06-23 17:37:59.289778 199 489 Florian 976.26792
2 536 160.18 27.34 0.001167 2021-06-23 17:37:59.290945 122 489 Noor 976.269087

0 167 28.76 28.10 0.77655 2021-06-23 17:38:28.381746 183 872 Carlo 1005.359888
1 263 45.37 28.31 0.019037 2021-06-23 17:38:28.400783 204 508 Florian 1005.378925
2 126 24.09 27.45 0.002372 2021-06-23 17:38:28.403155 126 505 Noor 1005.381297

0 224 38.29 28.31 0.016902 2021-06-23 17:38:39.204727 187 882 Carlo 1016.182869
1 78 19.92 28.31 0.002155 2021-06-23 17:38:39.206882 208 517 Florian 1016.185024
2 89 21.05 27.45 0.803789 2021-06-23 17:38:39.187825 129 511 Noor 1016.165967

0 403 88.99 28.31 0.311001 2021-06-23 17:38:42.656387 189 887 Carlo 1019.634529
1 178 30.40 28.31 0.018954 2021-06-23 17:38:42.675341 210 522 Florian 1019.653483
2 71 19.06 27.45 0.002234 2021-06-23 17:38:42.677575 130 514 Noor 1019.655717

0 172 29.49 28.31 2.147079 2021-06-23 17:39:02.897841 195 906 Carlo 1039.875983
1 185 31.51 28.31 0.018631 2021-06-23 17:39:02.916472 214 529 Florian 1039.894614
2 508 144.95 27.34 0.00219 2021-06-23 17:39:02.918662 133 523 Noor 1039.896804

0 163 28.20 28.31 0.233201 2021-06-23 17:39:04.628484 196 909 Carlo 1041.606626
1 57 16.93 28.20 0.018697 2021-06-23 17:39:04.647181 215 530 Florian 1041.625323
2 57 16.93 27.56 0.001178 2021-06-23 17:39:04.648359 134 524 Noor 1041.626501

0 391 82.35 27.88 0.016581 2021-06-23 17:39:37.890896 201 936 Carlo 1074.869038
1 268 46.26 28.31 0.002057 2021-06-23 17:39:37.892953 222 545 Florian 1074.871095
2 52 16.04 27.45 0.524194 2021-06-23 17:39:37.874315 141 553 Noor 1074.852457

0 179 30.55 28.31 0.033465 2021-06-23 17:39:38.675445 202 937 Carlo 1075.653587
1 117 23.34 28.31 0.033205 2021-06-23 17:39:38.708650 223 547 Florian 1075.686792
2 67 18.51 27.45 0.000162 2021-06-23 17:39:38.708812 142 554 Noor 1075.686954

0 394 84.01 28.20 0.038841 2021-06-23 17:39:49.670841 204 945 Carlo 1086.648983
1 57 16.93 28.31 0.018723 2021-06-23 17:39:49.689564 225 551 Florian 1086.667706
2 480 130.21 27.34 0.329312 2021-06-23 17:39:49.632000 143 561 Noor 1086.610142

0 158 27.53 28.20 1.189443 2021-06-23 17:39:54.820162 205 950 Carlo 1091.798304
1 127 24.18 28.31 0.018696 2021-06-23 17:39:54.838858 226 553 Florian 1091.817
2 60 17.43 27.45 0.002388 2021-06-23 17:39:54.841246 144 564 Noor 1091.819388

0 67 18.51 28.20 0.037341 2021-06-23 17:40:47.996027 213 992 Carlo 1144.974169
1 76 19.69 28.31 0.030049 2021-06-23 17:40:47.925275 235 572 Florian 1144.903417
2 327 59.28 27.45 0.075558 2021-06-23 17:40:47.895226 154 596 Noor 1144.873368

0 286 49.78 28.10 0.624018 2021-06-23 17:40:48.620045 214 995 Carlo 1145.598187
1 227 38.83 28.31 0.033449 2021-06-23 17:40:48.653494 236 574 Florian 1145.631636
2 73 19.32 27.34 0.000208 2021-06-23 17:40:48.653702 155 597 Noor 1145.631844

0 177 30.25 28.31 0.049686 2021-06-23 17:40:50.076898 216 997 Carlo 1147.05504
1 287 50.23 28.31 0.515963 2021-06-23 17:40:50.006428 237 575 Florian 1146.98457
2 248 42.69 27.34 0.020784 2021-06-23 17:40:50.027212 157 599 Noor 1147.005354

0 188 32.01 28.31 0.01671 2021-06-23 17:40:54.498062 218 1002 Carlo 1151.476204
1 487 132.65 28.31 0.013579 2021-06-23 17:40:54.511641 240 578 Florian 1151.489783
2 89 21.05 27.34 0.326865 2021-06-23 17:40:54.481352 159 606 Noor 1151.459494

0 163 28.20 28.31 0.016965 2021-06-23 17:40:59.715156 219 1004 Carlo 1156.693298
1 74 19.44 28.85 0.003139 2021-06-23 17:40:59.718295 241 581 Florian 1156.696437
2 50 15.67 27.56 2.095417 2021-06-23 17:40:59.698191 160 611 Noor 1156.676333

0 156 27.28 28.31 0.629517 2021-06-23 17:41:21.640948 224 1022 Carlo 1178.61909
1 88 20.96 28.31 0.020033 2021-06-23 17:41:21.660981 247 595 Florian 1178.639123
2 131 24.54 27.67 0.000168 2021-06-23 17:41:21.661149 162 623 Noor 1178.639291

0 344 64.67 28.20 0.324251 2021-06-23 17:41:29.427900 227 1030 Carlo 1186.406042
1 345 64.98 28.31 0.020151 2021-06-23 17:41:29.448051 251 602 Florian 1186.426193
2 96 21.67 27.56 0.001022 2021-06-23 17:41:29.449073 164 626 Noor 1186.427215

0 79 20.03 28.20 0.000157 2021-06-23 17:41:30.047988 228 1031 Carlo 1187.02613
1 106 22.47 28.31 0.080318 2021-06-23 17:41:30.026639 252 604 Florian 1187.004781
2 63 17.91 27.56 0.021192 2021-06-23 17:41:30.047831 165 628 Noor 1187.025973

0 62 17.75 28.20 0.000159 2021-06-23 17:41:31.061105 230 1034 Carlo 1188.039247
1 179 30.55 28.85 0.103898 2021-06-23 17:41:31.039845 253 606 Florian 1188.017987
2 71 19.06 27.34 0.021101 2021-06-23 17:41:31.060946 167 629 Noor 1188.039088

0 124 23.92 28.31 0.000151 2021-06-23 17:41:54.229053 234 1043 Carlo 1211.207195
1 608 202.86 28.31 0.899103 2021-06-23 17:41:54.206988 257 620 Florian 1211.18513
2 73 19.32 27.34 0.021914 2021-06-23 17:41:54.228902 170 640 Noor 1211.207044

0 249 42.85 28.31 0.012591 2021-06-23 17:42:13.017730 237 1057 Carlo 1229.995872
1 359 69.86 28.31 0.433898 2021-06-23 17:42:12.984347 260 632 Florian 1229.962489
2 92 21.32 27.67 0.020792 2021-06-23 17:42:13.005139 171 648 Noor 1229.983281

0 152 26.78 28.31 0.016685 2021-06-23 17:42:36.682963 239 1072 Carlo 1253.661105
1 67 18.51 28.31 0.003096 2021-06-23 17:42:36.686059 264 643 Florian 1253.664201
2 92 21.32 27.67 0.419745 2021-06-23 17:42:36.666278 174 657 Noor 1253.64442

0 179 30.55 28.31 0.040184 2021-06-23 17:42:45.496116 242 1081 Carlo 1262.474258
1 120 23.58 28.31 0.033137 2021-06-23 17:42:45.455932 266 649 Florian 1262.434074
2 248 42.69 27.45 0.033676 2021-06-23 17:42:45.422795 178 664 Noor 1262.400937

0 88 20.96 28.31 0.644299 2021-06-23 17:42:48.585269 244 1086 Carlo 1265.563411
1 79 20.03 28.31 0.033318 2021-06-23 17:42:48.618587 268 651 Florian 1265.596729
2 78 19.92 27.45 0.000161 2021-06-23 17:42:48.618748 181 668 Noor 1265.59689

0 159 27.66 28.20 0.804546 2021-06-23 17:43:01.497067 245 1098 Carlo 1278.475209
1 103 22.23 28.31 0.019745 2021-06-23 17:43:01.516812 269 658 Florian 1278.494954
2 65 18.22 27.67 0.013721 2021-06-23 17:43:01.530533 182 675 Noor 1278.508675

0 143 25.74 28.31 0.017638 2021-06-23 17:43:11.343629 246 1102 Carlo 1288.321771
1 78 19.92 28.31 0.002313 2021-06-23 17:43:11.345942 270 662 Florian 1288.324084
2 179 30.55 27.34 1.077579 2021-06-23 17:43:11.325991 183 681 Noor 1288.304133

0 233 39.92 28.31 0.0177 2021-06-23 17:43:34.578431 252 1127 Carlo 1311.556573
1 99 21.91 28.31 0.012534 2021-06-23 17:43:34.590965 273 674 Florian 1311.569107
2 167 28.76 27.45 0.476763 2021-06-23 17:43:34.560731 187 691 Noor 1311.538873

0 103 22.23 28.31 0.814245 2021-06-23 17:43:49.427225 254 1140 Carlo 1326.405367
1 67 18.51 28.31 0.019661 2021-06-23 17:43:49.446886 276 681 Florian 1326.425028
2 63 17.91 27.56 0.000376 2021-06-23 17:43:49.447262 191 703 Noor 1326.425404

0 115 23.18 28.31 0.017675 2021-06-23 17:43:59.258143 256 1147 Carlo 1336.236285
1 112 22.94 28.31 0.002121 2021-06-23 17:43:59.260264 279 689 Florian 1336.238406
2 167 28.76 27.56 0.512946 2021-06-23 17:43:59.240468 193 710 Noor 1336.21861

0 89 21.05 28.31 0.033409 2021-06-23 17:44:13.388470 258 1161 Carlo 1350.366612
1 371 73.82 28.31 0.033282 2021-06-23 17:44:13.421752 281 695 Florian 1350.399894
2 57 16.93 27.67 0.001985 2021-06-23 17:44:13.423737 194 717 Noor 1350.401879

0 112 22.94 28.31 0.016703 2021-06-23 17:44:16.128425 260 1166 Carlo 1353.106567
1 135 24.92 28.31 0.003138 2021-06-23 17:44:16.131563 282 697 Florian 1353.109705
2 99 21.91 27.67 0.30339 2021-06-23 17:44:16.111722 196 720 Noor 1353.089864

0 71 19.06 28.20 0.016684 2021-06-23 17:44:17.522749 261 1168 Carlo 1354.500891
1 102 22.15 28.31 0.002067 2021-06-23 17:44:17.524816 283 699 Florian 1354.502958
2 78 19.92 27.45 0.651483 2021-06-23 17:44:17.506065 197 721 Noor 1354.484207

0 159 27.66 28.31 0.090939 2021-06-23 17:44:18.860550 262 1171 Carlo 1355.838692
1 455 117.03 28.31 0.019794 2021-06-23 17:44:18.880344 284 701 Florian 1355.858486
2 67 18.51 27.67 0.002261 2021-06-23 17:44:18.882605 198 723 Noor 1355.860747

0 281 48.90 28.31 0.000168 2021-06-23 17:44:35.199694 264 1181 Carlo 1372.177836
1 344 64.67 28.31 0.56135 2021-06-23 17:44:35.178703 287 707 Florian 1372.156845
2 166 28.62 27.67 0.020823 2021-06-23 17:44:35.199526 200 730 Noor 1372.177668

0 312 55.68 28.20 0.013185 2021-06-23 17:44:49.870648 267 1197 Carlo 1386.84879
1 249 42.85 28.31 0.016697 2021-06-23 17:44:49.857463 290 715 Florian 1386.835605
2 63 17.91 27.45 1.888828 2021-06-23 17:44:49.840766 201 740 Noor 1386.818908

0 188 32.01 28.10 0.016729 2021-06-23 17:44:52.419855 268 1199 Carlo 1389.397997
1 82 20.36 28.85 0.003089 2021-06-23 17:44:52.422944 292 717 Florian 1389.401086
2 93 21.41 27.45 0.251058 2021-06-23 17:44:52.403126 203 743 Noor 1389.381268

0 131 24.54 28.31 0.016589 2021-06-23 17:45:19.357782 271 1225 Carlo 1416.335924
1 147 26.19 28.31 0.00345 2021-06-23 17:45:19.361232 296 728 Florian 1416.339374
2 99 21.91 27.45 0.339881 2021-06-23 17:45:19.341193 205 753 Noor 1416.319335

0 195 33.17 28.31 1.516514 2021-06-23 17:45:27.870189 273 1235 Carlo 1424.848331
1 262 45.24 28.31 0.019707 2021-06-23 17:45:27.889896 298 734 Florian 1424.868038
2 275 47.73 27.56 0.001418 2021-06-23 17:45:27.891314 206 756 Noor 1424.869456

0 158 27.53 28.31 0.000184 2021-06-23 17:45:38.985123 278 1246 Carlo 1435.963265
1 216 36.85 28.31 1.588844 2021-06-23 17:45:38.964113 302 739 Florian 1435.942255
2 60 17.43 27.56 0.020826 2021-06-23 17:45:38.984939 208 765 Noor 1435.963081

0 112 22.94 28.10 0.028455 2021-06-23 17:45:46.736352 280 1253 Carlo 1443.714494
1 108 22.63 28.31 1.71583 2021-06-23 17:45:46.687046 304 743 Florian 1443.665188
2 113 23.02 27.45 0.020851 2021-06-23 17:45:46.707897 209 767 Noor 1443.686039

0 108 22.63 28.31 0.239652 2021-06-23 17:46:03.497866 283 1268 Carlo 1460.476008
1 67 18.51 28.31 0.01979 2021-06-23 17:46:03.517656 308 749 Florian 1460.495798
2 57 16.93 27.56 0.000163 2021-06-23 17:46:03.517819 215 783 Noor 1460.495961

0 195 33.17 28.20 0.44153 2021-06-23 17:46:03.959349 284 1269 Carlo 1460.937491
1 199 33.86 28.31 0.019816 2021-06-23 17:46:03.979165 309 750 Florian 1460.957307
2 243 41.74 27.56 0.001078 2021-06-23 17:46:03.980243 216 784 Noor 1460.958385

0 409 91.12 28.31 0.017685 2021-06-23 17:46:46.097800 295 1309 Carlo 1503.075942
1 275 47.73 28.31 0.002061 2021-06-23 17:46:46.099861 321 774 Florian 1503.078003
2 153 26.90 27.45 0.253056 2021-06-23 17:46:46.080115 222 808 Noor 1503.058257

0 131 24.54 28.20 0.017674 2021-06-23 17:46:53.112087 296 1317 Carlo 1510.090229
1 560 175.34 28.31 0.015993 2021-06-23 17:46:53.128080 324 778 Florian 1510.106222
2 207 35.26 27.56 0.18029 2021-06-23 17:46:53.094413 225 819 Noor 1510.072555

0 242 41.58 28.10 0.017767 2021-06-23 17:46:53.887979 297 1318 Carlo 1510.866121
1 115 23.18 28.31 0.002126 2021-06-23 17:46:53.890105 325 780 Florian 1510.868247
2 167 28.76 27.56 0.741967 2021-06-23 17:46:53.870212 226 819 Noor 1510.848354

0 49 15.48 28.20 0.016446 2021-06-23 17:46:58.708700 300 1323 Carlo 1515.686842
1 62 17.75 28.31 0.016667 2021-06-23 17:46:58.692254 328 784 Florian 1515.670396
2 51 15.86 27.67 1.617259 2021-06-23 17:46:58.675587 227 822 Noor 1515.653729

0 117 23.34 28.20 0.01664 2021-06-23 17:47:12.378005 301 1334 Carlo 1529.356147
1 423 97.36 28.20 0.003245 2021-06-23 17:47:12.381250 329 788 Florian 1529.359392
2 94 21.50 27.45 0.957493 2021-06-23 17:47:12.361365 228 826 Noor 1529.339507

0 93 21.41 28.31 0.851934 2021-06-23 17:47:45.898886 306 1357 Carlo 1562.877028
1 67 18.51 28.31 0.018783 2021-06-23 17:47:45.917669 335 807 Florian 1562.895811
2 56 16.76 27.56 0.001238 2021-06-23 17:47:45.918907 230 847 Noor 1562.897049

0 61 17.60 28.31 0.016721 2021-06-23 17:48:15.185937 309 1381 Carlo 1592.164079
1 62 17.75 28.31 0.010516 2021-06-23 17:48:15.196453 339 822 Florian 1592.174595
2 83 20.46 27.56 0.592267 2021-06-23 17:48:15.169216 234 873 Noor 1592.147358

0 262 45.24 28.31 0.016559 2021-06-23 17:48:52.072329 316 1407 Carlo 1629.050471
1 231 39.55 28.31 0.017052 2021-06-23 17:48:52.089381 347 839 Florian 1629.067523
2 51 15.86 27.56 0.086822 2021-06-23 17:48:52.055770 236 887 Noor 1629.033912

0 127 24.18 28.31 0.017547 2021-06-23 17:49:20.080660 320 1426 Carlo 1657.058802
1 243 41.74 28.31 0.002342 2021-06-23 17:49:20.083002 353 855 Florian 1657.061144
2 108 22.63 27.56 0.973558 2021-06-23 17:49:20.063113 241 905 Noor 1657.041255

0 137 25.12 28.31 0.01674 2021-06-23 17:49:23.437687 321 1429 Carlo 1660.415829
1 248 42.69 28.31 0.003138 2021-06-23 17:49:23.440825 354 856 Florian 1660.418967
2 57 16.93 27.56 2.760957 2021-06-23 17:49:23.420947 242 907 Noor 1660.399089

0 127 24.18 28.20 0.017792 2021-06-23 17:50:31.503644 331 1494 Carlo 1728.481786
1 241 41.39 28.31 0.00213 2021-06-23 17:50:31.505774 363 884 Florian 1728.483916
2 353 67.64 27.67 1.030006 2021-06-23 17:50:31.485852 252 937 Noor 1728.463994

0 176 30.09 28.31 0.146771 2021-06-23 17:50:54.688100 335 1518 Carlo 1751.666242
1 62 17.75 28.31 0.01762 2021-06-23 17:50:54.738356 366 893 Florian 1751.716498
2 199 33.86 27.67 0.032636 2021-06-23 17:50:54.720736 258 959 Noor 1751.698878

0 423 97.36 28.31 0.018011 2021-06-23 17:51:16.942081 338 1548 Carlo 1773.920223
1 229 39.22 28.31 0.002103 2021-06-23 17:51:16.944184 370 907 Florian 1773.922326
2 172 29.49 27.45 0.312773 2021-06-23 17:51:16.924070 260 966 Noor 1773.902212

0 419 97.20 28.20 0.033768 2021-06-23 17:51:23.221979 339 1549 Carlo 1780.200121
1 94 21.50 28.85 2.678082 2021-06-23 17:51:23.188211 372 914 Florian 1780.166353
2 51 15.86 27.67 0.037105 2021-06-23 17:51:23.259250 262 971 Noor 1780.237392

0 291 50.97 28.20 0.018839 2021-06-23 17:51:24.278047 340 1550 Carlo 1781.256189
1 112 22.94 28.85 0.020112 2021-06-23 17:51:24.298159 373 915 Florian 1781.276301
2 51 15.86 27.77 0.140424 2021-06-23 17:51:24.259208 263 974 Noor 1781.23735

0 112 22.94 28.31 0.967211 2021-06-23 17:51:42.029024 343 1565 Carlo 1799.007166
1 188 32.01 28.85 0.033701 2021-06-23 17:51:42.099982 377 922 Florian 1799.078124
2 56 16.76 27.67 0.033685 2021-06-23 17:51:42.062709 265 985 Noor 1799.040851

0 255 43.96 28.31 0.033726 2021-06-23 17:52:12.924512 352 1594 Carlo 1829.902654
1 560 175.34 28.31 0.036108 2021-06-23 17:52:12.960620 384 938 Florian 1829.938762
2 143 25.74 27.77 0.000175 2021-06-23 17:52:12.960795 270 1000 Noor 1829.938937

0 156 27.28 28.20 0.018814 2021-06-23 17:52:25.008416 357 1607 Carlo 1841.986558
1 56 16.76 28.31 0.001093 2021-06-23 17:52:25.009509 387 945 Florian 1841.987651
2 177 30.25 27.67 0.490506 2021-06-23 17:52:24.989602 273 1004 Noor 1841.967744

0 88 20.96 28.31 1.352005 2021-06-23 17:52:30.428474 359 1612 Carlo 1847.406616
1 76 19.69 28.31 0.019028 2021-06-23 17:52:30.447502 390 952 Florian 1847.425644
2 63 17.91 27.45 0.001091 2021-06-23 17:52:30.448593 275 1007 Noor 1847.426735

0 240 41.21 28.31 0.000169 2021-06-23 17:52:50.955445 361 1629 Carlo 1867.933587
1 206 35.07 28.31 1.970806 2021-06-23 17:52:50.934092 393 959 Florian 1867.912234
2 75 19.57 27.56 0.021184 2021-06-23 17:52:50.955276 277 1015 Noor 1867.933418

0 163 28.20 28.31 0.018978 2021-06-23 17:53:02.922677 365 1644 Carlo 1879.900819
1 112 22.94 28.31 0.000941 2021-06-23 17:53:02.923618 397 965 Florian 1879.90176
2 158 27.53 27.67 0.462865 2021-06-23 17:53:02.903699 278 1019 Noor 1879.881841

0 252 43.42 28.31 0.000165 2021-06-23 17:53:24.829019 368 1665 Carlo 1901.807161
1 76 19.69 28.31 0.623066 2021-06-23 17:53:24.808796 400 974 Florian 1901.786938
2 120 23.58 27.56 0.020058 2021-06-23 17:53:24.828854 281 1028 Noor 1901.806996

0 472 125.87 28.31 0.018019 2021-06-23 17:53:29.836458 369 1671 Carlo 1906.8146
1 238 40.82 28.31 0.003201 2021-06-23 17:53:29.839659 401 977 Florian 1906.817801
2 48 15.29 27.56 0.258427 2021-06-23 17:53:29.818439 282 1030 Noor 1906.796581

0 88 20.96 28.31 0.000163 2021-06-23 17:53:49.817379 370 1687 Carlo 1926.795521
1 79 20.03 28.31 1.277969 2021-06-23 17:53:49.797181 403 984 Florian 1926.775323
2 67 18.51 27.67 0.020035 2021-06-23 17:53:49.817216 284 1038 Noor 1926.795358

0 56 16.76 28.20 0.860251 2021-06-23 17:54:02.326898 372 1697 Carlo 1939.30504
1 71 19.06 28.31 0.018827 2021-06-23 17:54:02.387414 405 987 Florian 1939.365556
2 204 34.73 27.67 0.041689 2021-06-23 17:54:02.368587 285 1043 Noor 1939.346729

0 287 50.23 28.31 0.037595 2021-06-23 17:54:12.479798 374 1710 Carlo 1949.45794
1 88 20.96 28.85 0.01781 2021-06-23 17:54:12.442203 408 997 Florian 1949.420345
2 79 20.03 27.56 0.756539 2021-06-23 17:54:12.424393 287 1047 Noor 1949.402535

0 291 50.97 28.31 0.150618 2021-06-23 17:54:19.694286 376 1719 Carlo 1956.672428
1 71 19.06 28.31 0.020055 2021-06-23 17:54:19.714341 410 998 Florian 1956.692483
2 83 20.46 27.67 0.001169 2021-06-23 17:54:19.715510 288 1051 Noor 1956.693652

0 184 31.36 28.31 0.033755 2021-06-23 17:54:34.968978 378 1735 Carlo 1971.94712
1 79 20.03 28.31 0.035953 2021-06-23 17:54:35.004931 414 1004 Florian 1971.983073
2 48 15.29 27.67 0.000173 2021-06-23 17:54:35.005104 291 1058 Noor 1971.983246

0 89 21.05 28.31 1.15141 2021-06-23 17:54:39.278126 379 1738 Carlo 1976.256268
1 408 90.57 28.31 0.018817 2021-06-23 17:54:39.296943 415 1007 Florian 1976.275085
2 71 19.06 27.67 0.003535 2021-06-23 17:54:39.300478 292 1060 Noor 1976.27862

0 89 21.05 28.20 0.041348 2021-06-23 17:54:49.385421 380 1747 Carlo 1986.363563
1 145 25.96 28.31 1.58965 2021-06-23 17:54:49.310129 416 1011 Florian 1986.288271
2 51 15.86 27.56 0.033774 2021-06-23 17:54:49.343903 293 1064 Noor 1986.322045

0 89 21.05 28.85 0.047195 2021-06-23 17:55:15.678003 384 1773 Carlo 2012.656145
1 240 41.21 28.31 0.018963 2021-06-23 17:55:15.630808 420 1025 Florian 2012.60895
2 135 24.92 27.67 0.418375 2021-06-23 17:55:15.611845 296 1075 Noor 2012.589987

0 121 23.66 28.31 0.017682 2021-06-23 17:55:40.412726 389 1795 Carlo 2037.390868
1 71 19.06 28.31 0.002109 2021-06-23 17:55:40.414835 425 1036 Florian 2037.392977
2 51 15.86 27.67 1.155169 2021-06-23 17:55:40.395044 301 1087 Noor 2037.373186

0 204 34.73 28.31 0.017682 2021-06-23 17:55:52.028864 392 1805 Carlo 2049.007006
1 550 172.20 28.31 0.002013 2021-06-23 17:55:52.030877 429 1045 Florian 2049.009019
2 79 20.03 27.67 0.223482 2021-06-23 17:55:52.011182 307 1097 Noor 2048.989324

0 131 24.54 28.20 0.266679 2021-06-23 17:55:53.980939 394 1808 Carlo 2050.959081
1 192 32.67 28.31 0.017662 2021-06-23 17:55:54.029379 431 1047 Florian 2051.007521
2 99 21.91 27.67 0.030778 2021-06-23 17:55:54.011717 308 1098 Noor 2050.989859

0 135 24.92 28.31 0.21284 2021-06-23 17:56:00.004151 395 1811 Carlo 2056.982293
1 63 17.91 28.31 0.019738 2021-06-23 17:56:00.023889 432 1049 Florian 2057.002031
2 62 17.75 27.67 0.001116 2021-06-23 17:56:00.025005 309 1099 Noor 2057.003147

0 207 35.26 28.31 0.46446 2021-06-23 17:56:17.477678 399 1823 Carlo 2074.45582
1 71 19.06 28.31 0.01979 2021-06-23 17:56:17.497468 435 1058 Florian 2074.47561
2 71 19.06 27.67 0.001289 2021-06-23 17:56:17.498757 311 1110 Noor 2074.476899

0 179 30.55 28.31 0.182239 2021-06-23 17:56:29.606539 400 1833 Carlo 2086.584681
1 131 24.54 28.85 0.019684 2021-06-23 17:56:29.626223 437 1065 Florian 2086.604365
2 63 17.91 27.67 0.002538 2021-06-23 17:56:29.628761 313 1122 Noor 2086.606903

0 206 35.07 28.31 0.827967 2021-06-23 17:56:58.402296 405 1856 Carlo 2115.380438
1 263 45.37 28.31 0.018773 2021-06-23 17:56:58.447066 445 1081 Florian 2115.425208
2 179 30.55 27.67 0.025997 2021-06-23 17:56:58.428293 317 1131 Noor 2115.406435

0 83 20.46 28.31 0.021883 2021-06-23 17:57:33.179507 411 1883 Carlo 2150.157649
1 103 22.23 28.31 0.035447 2021-06-23 17:57:33.157624 451 1097 Florian 2150.135766
2 108 22.63 27.67 0.566277 2021-06-23 17:57:33.122177 322 1150 Noor 2150.100319

0 204 34.73 28.31 0.121132 2021-06-23 17:57:37.550721 412 1888 Carlo 2154.528863
1 192 32.67 28.31 0.020878 2021-06-23 17:57:37.571599 452 1101 Florian 2154.549741
2 56 16.76 27.67 0.012641 2021-06-23 17:57:37.584240 323 1152 Noor 2154.562382

0 152 26.78 28.31 0.017677 2021-06-23 17:58:03.450194 415 1912 Carlo 2180.428336
1 96 21.67 28.31 0.003139 2021-06-23 17:58:03.453333 455 1115 Florian 2180.431475
2 50 15.67 27.88 0.474435 2021-06-23 17:58:03.432517 326 1168 Noor 2180.410659

0 117 23.34 28.31 0.017717 2021-06-23 17:58:09.886213 417 1919 Carlo 2186.864355
1 103 22.23 28.31 0.003221 2021-06-23 17:58:09.889434 457 1118 Florian 2186.867576
2 94 21.50 27.67 0.756326 2021-06-23 17:58:09.868496 327 1171 Noor 2186.846638

0 177 30.25 28.31 0.121281 2021-06-23 17:58:22.125455 421 1933 Carlo 2199.103597
1 63 17.91 28.31 0.020756 2021-06-23 17:58:22.146211 461 1127 Florian 2199.124353
2 63 17.91 27.67 0.000374 2021-06-23 17:58:22.146585 328 1177 Noor 2199.124727

0 391 82.35 28.31 0.030604 2021-06-23 17:58:23.248973 422 1934 Carlo 2200.227115
1 304 53.73 28.31 0.04264 2021-06-23 17:58:23.218369 462 1129 Florian 2200.196511
2 88 20.96 27.56 0.101154 2021-06-23 17:58:23.175729 329 1179 Noor 2200.153871

0 217 37.04 28.31 1.423911 2021-06-23 17:58:32.386326 424 1942 Carlo 2209.364468
1 57 16.93 28.31 0.020757 2021-06-23 17:58:32.407083 465 1136 Florian 2209.385225
2 56 16.76 27.67 0.000325 2021-06-23 17:58:32.407408 331 1183 Noor 2209.38555

0 285 49.78 28.20 0.017626 2021-06-23 17:58:36.643882 425 1946 Carlo 2213.622024
1 185 31.51 28.85 0.003322 2021-06-23 17:58:36.647204 466 1137 Florian 2213.625346
2 88 20.96 27.67 0.139509 2021-06-23 17:58:36.626256 332 1186 Noor 2213.604398

0 205 34.91 28.31 1.934211 2021-06-23 17:59:02.039985 431 1964 Carlo 2239.018127
1 193 32.84 28.31 0.020862 2021-06-23 17:59:02.060847 477 1155 Florian 2239.038989
2 99 21.91 27.67 0.001026 2021-06-23 17:59:02.061873 340 1202 Noor 2239.040015

0 206 35.07 28.31 0.321056 2021-06-23 17:59:10.694622 433 1973 Carlo 2247.672764
1 108 22.63 28.31 0.020787 2021-06-23 17:59:10.715409 479 1164 Florian 2247.693551
2 70 18.93 27.67 0.001005 2021-06-23 17:59:10.716414 341 1204 Noor 2247.694556

0 241 41.39 28.20 0.000165 2021-06-23 17:59:31.374590 437 2001 Carlo 2268.352732
1 99 21.91 28.85 0.800324 2021-06-23 17:59:31.353585 483 1170 Florian 2268.331727
2 131 24.54 27.56 0.02084 2021-06-23 17:59:31.374425 344 1210 Noor 2268.352567

0 224 38.29 28.31 0.000162 2021-06-23 17:59:39.576218 440 2014 Carlo 2276.55436
1 188 32.01 28.31 0.284794 2021-06-23 17:59:39.554283 486 1174 Florian 2276.532425
2 115 23.18 27.67 0.021773 2021-06-23 17:59:39.576056 345 1212 Noor 2276.554198

0 238 40.82 28.31 0.017622 2021-06-23 17:59:57.551315 444 2027 Carlo 2294.529457
1 67 18.51 28.31 0.003311 2021-06-23 17:59:57.554626 491 1187 Florian 2294.532768
2 92 21.32 27.67 0.266722 2021-06-23 17:59:57.533693 349 1221 Noor 2294.511835

0 252 43.42 28.31 0.017655 2021-06-23 18:00:12.306977 446 2039 Carlo 2309.285119
1 63 17.91 28.31 0.003154 2021-06-23 18:00:12.310131 492 1195 Florian 2309.288273
2 71 19.06 27.56 0.160911 2021-06-23 18:00:12.289322 351 1230 Noor 2309.267464

0 217 37.04 28.31 0.018759 2021-06-23 18:00:16.724976 447 2046 Carlo 2313.703118
1 167 28.76 28.31 0.002015 2021-06-23 18:00:16.726991 495 1199 Florian 2313.705133
2 152 26.78 27.67 0.356158 2021-06-23 18:00:16.706217 354 1234 Noor 2313.684359

0 217 37.04 28.31 0.341238 2021-06-23 18:00:20.370298 449 2050 Carlo 2317.34844
1 96 21.67 28.31 0.020728 2021-06-23 18:00:20.391026 496 1203 Florian 2317.369168
2 60 17.43 27.67 0.000169 2021-06-23 18:00:20.391195 356 1236 Noor 2317.369337

0 135 24.92 28.31 0.000159 2021-06-23 18:00:39.674083 453 2067 Carlo 2336.652225
1 255 43.96 28.31 0.205457 2021-06-23 18:00:39.651945 501 1212 Florian 2336.630087
2 71 19.06 27.77 0.021979 2021-06-23 18:00:39.673924 358 1252 Noor 2336.652066

0 242 41.58 28.31 0.017645 2021-06-23 18:00:58.759718 455 2080 Carlo 2355.73786
1 60 17.43 28.31 0.003191 2021-06-23 18:00:58.762909 504 1219 Florian 2355.741051
2 57 16.93 27.56 0.250828 2021-06-23 18:00:58.742073 360 1257 Noor 2355.720215

0 88 20.96 28.31 0.485381 2021-06-23 18:01:38.084736 461 2110 Carlo 2395.062878
1 275 47.73 28.31 0.019861 2021-06-23 18:01:38.104597 514 1236 Florian 2395.082739
2 63 17.91 27.67 0.002133 2021-06-23 18:01:38.106730 365 1276 Noor 2395.084872

0 179 30.55 28.31 2.993959 2021-06-23 18:02:01.561991 463 2129 Carlo 2418.540133
1 231 39.55 28.31 0.020934 2021-06-23 18:02:01.582925 517 1243 Florian 2418.561067
2 69 18.79 27.67 0.001186 2021-06-23 18:02:01.584111 369 1290 Noor 2418.562253

0 347 65.45 28.31 0.000164 2021-06-23 18:02:11.994174 465 2141 Carlo 2428.972316
1 88 20.96 28.31 0.479099 2021-06-23 18:02:11.973161 521 1250 Florian 2428.951303
2 120 23.58 27.56 0.020849 2021-06-23 18:02:11.994010 372 1299 Noor 2428.972152

0 105 22.39 28.31 0.033367 2021-06-23 18:02:15.850424 466 2146 Carlo 2432.828566
1 94 21.50 28.31 0.039269 2021-06-23 18:02:15.889693 522 1252 Florian 2432.867835
2 236 40.44 27.67 0.000168 2021-06-23 18:02:15.889861 373 1301 Noor 2432.868003

0 156 27.28 28.31 0.414736 2021-06-23 18:02:44.823739 469 2167 Carlo 2461.801881
1 304 53.73 28.31 0.020866 2021-06-23 18:02:44.844605 527 1268 Florian 2461.822747
2 112 22.94 27.67 0.000996 2021-06-23 18:02:44.845601 376 1318 Noor 2461.823743

0 313 56.02 28.31 0.017665 2021-06-23 18:02:46.459659 470 2168 Carlo 2463.437801
1 306 54.23 28.31 0.003079 2021-06-23 18:02:46.462738 528 1269 Florian 2463.44088
2 82 20.36 27.67 0.642834 2021-06-23 18:02:46.441994 377 1321 Noor 2463.420136

0 184 31.36 28.31 0.018759 2021-06-23 18:03:18.379004 476 2200 Carlo 2495.357146
1 140 25.42 28.31 0.001969 2021-06-23 18:03:18.380973 538 1289 Florian 2495.359115
2 339 62.98 27.88 0.440356 2021-06-23 18:03:18.360245 382 1335 Noor 2495.338387

0 284 49.41 28.31 0.561366 2021-06-23 18:03:32.650640 478 2214 Carlo 2509.628782
1 127 24.18 28.31 0.030089 2021-06-23 18:03:32.680729 539 1292 Florian 2509.658871
2 99 21.91 27.67 0.041481 2021-06-23 18:03:32.755622 384 1344 Noor 2509.733764

0 152 26.78 28.31 0.018679 2021-06-23 18:04:37.619730 488 2260 Carlo 2574.597872
1 165 28.48 28.31 0.002204 2021-06-23 18:04:37.621934 555 1334 Florian 2574.600076
2 399 87.30 27.56 0.127784 2021-06-23 18:04:37.601051 395 1386 Noor 2574.579193

0 153 26.90 28.31 0.731874 2021-06-23 18:04:41.796230 489 2264 Carlo 2578.774372
1 287 50.23 28.31 0.020815 2021-06-23 18:04:41.817045 557 1337 Florian 2578.795187
2 65 18.22 27.67 0.001166 2021-06-23 18:04:41.818211 397 1389 Noor 2578.796353

0 216 36.85 28.31 0.018711 2021-06-23 18:04:49.510894 490 2271 Carlo 2586.489036
1 166 28.62 28.31 0.002108 2021-06-23 18:04:49.513002 559 1342 Florian 2586.491144
2 390 82.70 27.67 0.118794 2021-06-23 18:04:49.492183 399 1396 Noor 2586.470325

0 96 21.67 28.31 1.250582 2021-06-23 18:04:53.584626 491 2272 Carlo 2590.562768
1 51 15.86 28.31 0.01977 2021-06-23 18:04:53.604396 561 1346 Florian 2590.582538
2 61 17.60 27.56 0.000997 2021-06-23 18:04:53.605393 401 1399 Noor 2590.583535

0 188 32.01 28.31 1.256126 2021-06-23 18:05:05.011757 495 2282 Carlo 2601.989899
1 103 22.23 28.85 0.020862 2021-06-23 18:05:05.032619 563 1349 Florian 2602.010761
2 76 19.69 27.67 0.001117 2021-06-23 18:05:05.033736 406 1408 Noor 2602.011878

0 369 73.42 28.31 0.033391 2021-06-23 18:05:52.847307 506 2321 Carlo 2649.825449
1 63 17.91 28.31 0.039251 2021-06-23 18:05:52.886558 572 1374 Florian 2649.8647
2 319 57.64 27.56 0.008439 2021-06-23 18:05:52.894997 413 1433 Noor 2649.873139

0 181 30.87 28.31 2.050204 2021-06-23 18:06:15.667275 509 2342 Carlo 2672.645417
1 216 36.85 28.31 0.020744 2021-06-23 18:06:15.688019 576 1381 Florian 2672.666161
2 229 39.22 27.67 0.00125 2021-06-23 18:06:15.689269 415 1442 Noor 2672.667411

0 284 49.41 28.31 0.033432 2021-06-23 18:06:21.718739 510 2349 Carlo 2678.696881
1 188 32.01 28.31 0.00017 2021-06-23 18:06:21.718909 577 1385 Florian 2678.697051
2 51 15.86 27.67 1.016164 2021-06-23 18:06:21.685307 416 1445 Noor 2678.663449

0 263 45.37 28.31 0.021914 2021-06-23 18:06:32.909756 513 2363 Carlo 2689.887898
1 163 28.20 28.31 0.515336 2021-06-23 18:06:32.887842 580 1391 Florian 2689.865984
2 66 18.36 27.56 0.019702 2021-06-23 18:06:32.929458 417 1450 Noor 2689.9076

0 102 22.15 28.31 0.085662 2021-06-23 18:06:36.610919 515 2369 Carlo 2693.589061
1 88 20.96 28.31 0.020707 2021-06-23 18:06:36.631626 583 1396 Florian 2693.609768
2 71 19.06 27.45 0.00017 2021-06-23 18:06:36.631796 419 1453 Noor 2693.609938

0 153 26.90 28.31 0.020858 2021-06-23 18:06:40.428783 516 2371 Carlo 2697.406925
1 51 15.86 28.31 0.04156 2021-06-23 18:06:40.407925 584 1397 Florian 2697.386067
2 88 20.96 27.56 1.64036 2021-06-23 18:06:40.366365 420 1454 Noor 2697.344507

0 82 20.36 28.31 0.260613 2021-06-23 18:06:40.689396 517 2371 Carlo 2697.667538
1 60 17.43 28.31 0.019824 2021-06-23 18:06:40.709220 585 1399 Florian 2697.687362
2 71 19.06 27.56 0.001221 2021-06-23 18:06:40.710441 421 1455 Noor 2697.688583

0 369 73.42 28.31 1.071514 2021-06-23 18:06:47.242066 520 2379 Carlo 2704.220208
1 207 35.26 28.31 0.020858 2021-06-23 18:06:47.262924 588 1404 Florian 2704.241066
2 483 132.60 27.45 0.001008 2021-06-23 18:06:47.263932 422 1456 Noor 2704.242074

0 263 45.37 28.31 0.018722 2021-06-23 18:07:09.907939 525 2403 Carlo 2726.886081
1 127 24.18 28.31 0.002228 2021-06-23 18:07:09.910167 592 1416 Florian 2726.888309
2 159 27.66 27.67 0.599914 2021-06-23 18:07:09.889217 424 1465 Noor 2726.867359

0 409 91.12 28.31 0.51516 2021-06-23 18:07:12.855294 527 2405 Carlo 2729.833436
1 67 18.51 28.31 0.020841 2021-06-23 18:07:12.876135 594 1419 Florian 2729.854277
2 71 19.06 27.67 0.000169 2021-06-23 18:07:12.876304 425 1467 Noor 2729.854446

0 237 40.69 28.31 0.000163 2021-06-23 18:07:39.247670 534 2438 Carlo 2756.225812
1 316 56.81 28.31 0.50939 2021-06-23 18:07:39.225699 600 1434 Florian 2756.203841
2 115 23.18 27.67 0.021808 2021-06-23 18:07:39.247507 431 1476 Noor 2756.225649

0 211 35.96 28.31 0.134857 2021-06-23 18:07:49.613796 537 2448 Carlo 2766.591938
1 211 35.96 28.31 0.020839 2021-06-23 18:07:49.634635 603 1439 Florian 2766.612777
2 108 22.63 27.67 0.001027 2021-06-23 18:07:49.635662 434 1488 Noor 2766.613804

0 179 30.55 28.31 2.175086 2021-06-23 18:08:05.102504 540 2459 Carlo 2782.080646
1 412 92.93 28.31 0.020785 2021-06-23 18:08:05.123289 608 1450 Florian 2782.101431
2 51 15.86 27.67 0.001192 2021-06-23 18:08:05.124481 437 1499 Noor 2782.102623

0 188 32.01 28.31 1.571026 2021-06-23 18:08:34.690238 542 2488 Carlo 2811.66838
1 271 46.93 28.31 0.020845 2021-06-23 18:08:34.711083 610 1460 Florian 2811.689225
2 98 21.83 27.67 0.001192 2021-06-23 18:08:34.712275 440 1509 Noor 2811.690417

