# layer adc volt temp timediff time detector_muon_count detector_count detector_name
2 96 21.67 27.88 0.01278 2021-06-23 18:04:48.307959 398 1395 Noor 2585.286101
1 231 39.55 28.31 0.639764 2021-06-23 18:04:48.947723 558 1340 Florian 2585.925865
0 57 16.93 28.31 0.199152 2021-06-23 18:04:49.146875 489 2268 Carlo 2586.125017
0 263 45.37 28.20 0.226514 2021-06-23 18:04:49.373389 489 2269 Carlo 2586.351531
2 390 82.70 27.67 0.118794 2021-06-23 18:04:49.492183 398 1396 Noor 2586.470325
0 216 36.85 28.31 0.018711 2021-06-23 18:04:49.510894 489 2270 Carlo 2586.489036
1 166 28.62 28.31 0.002108 2021-06-23 18:04:49.513002 558 1341 Florian 2586.491144
1 101 22.08 28.31 0.038465 2021-06-23 18:04:49.551467 559 1342 Florian 2586.529609
0 188 32.01 28.31 0.13537 2021-06-23 18:04:49.686837 490 2271 Carlo 2586.664979
1 222 37.96 28.31 0.261031 2021-06-23 18:04:49.947868 559 1343 Florian 2586.92601
1 348 65.64 28.31 1.442363 2021-06-23 18:04:51.390231 559 1344 Florian 2588.368373
1 79 20.03 28.31 0.922913 2021-06-23 18:04:52.313144 559 1345 Florian 2589.291286
2 62 17.75 27.67 0.0209 2021-06-23 18:04:52.334044 399 1397 Noor 2589.312186
0 96 21.67 28.31 1.250582 2021-06-23 18:04:53.584626 490 2272 Carlo 2590.562768
1 51 15.86 28.31 0.01977 2021-06-23 18:04:53.604396 560 1346 Florian 2590.582538
2 61 17.60 27.56 0.000997 2021-06-23 18:04:53.605393 400 1398 Noor 2590.583535
2 51 15.86 27.67 0.087634 2021-06-23 18:04:53.693027 401 1399 Noor 2590.671169
2 143 25.74 27.67 1.199155 2021-06-23 18:04:54.892182 401 1400 Noor 2591.870324
0 51 15.86 28.31 0.219041 2021-06-23 18:04:55.111223 491 2273 Carlo 2592.089365
0 396 85.28 28.31 1.673449 2021-06-23 18:04:56.784672 491 2274 Carlo 2593.762814
2 286 49.78 27.56 0.195515 2021-06-23 18:04:56.980187 401 1401 Noor 2593.958329
2 48 15.29 27.67 0.654863 2021-06-23 18:04:57.635050 401 1402 Noor 2594.613192
0 131 24.54 28.20 1.2395 2021-06-23 18:04:58.874550 491 2275 Carlo 2595.852692
0 108 22.63 28.31 0.679354 2021-06-23 18:04:59.553904 491 2276 Carlo 2596.532046
2 89 21.05 27.67 0.026848 2021-06-23 18:04:59.580752 401 1403 Noor 2596.558894
2 172 29.49 27.77 1.210641 2021-06-23 18:05:00.791393 402 1404 Noor 2597.769535
1 195 33.17 28.31 0.018728 2021-06-23 18:05:00.810121 561 1347 Florian 2597.788263
0 167 28.76 28.31 0.058224 2021-06-23 18:05:00.868345 492 2277 Carlo 2597.846487
2 81 20.25 27.56 0.020763 2021-06-23 18:05:00.889108 403 1405 Noor 2597.86725
0 217 37.04 28.31 0.091942 2021-06-23 18:05:00.981050 493 2278 Carlo 2597.959192
0 192 32.67 28.31 0.884744 2021-06-23 18:05:01.865794 493 2279 Carlo 2598.843936
2 271 46.93 27.56 0.020782 2021-06-23 18:05:01.886576 404 1406 Noor 2598.864718
2 92 21.32 27.56 0.210296 2021-06-23 18:05:02.096872 405 1407 Noor 2599.075014
1 176 30.09 28.31 0.310882 2021-06-23 18:05:02.407754 562 1348 Florian 2599.385896
0 174 29.79 28.20 1.347877 2021-06-23 18:05:03.755631 494 2280 Carlo 2600.733773
0 188 32.01 28.31 1.256126 2021-06-23 18:05:05.011757 494 2281 Carlo 2601.989899
1 103 22.23 28.85 0.020862 2021-06-23 18:05:05.032619 562 1349 Florian 2602.010761
2 76 19.69 27.67 0.001117 2021-06-23 18:05:05.033736 405 1408 Noor 2602.011878
0 396 85.28 28.31 0.521983 2021-06-23 18:05:05.555719 495 2282 Carlo 2602.533861
1 67 18.51 28.31 0.02094 2021-06-23 18:05:05.576659 563 1350 Florian 2602.554801
0 71 19.06 28.31 0.163187 2021-06-23 18:05:05.739846 496 2283 Carlo 2602.717988
1 177 30.25 28.31 0.735507 2021-06-23 18:05:06.475353 564 1351 Florian 2603.453495
1 142 25.64 28.31 1.382043 2021-06-23 18:05:07.857396 564 1352 Florian 2604.835538
0 263 45.37 28.31 0.021807 2021-06-23 18:05:07.879203 496 2284 Carlo 2604.857345
1 70 18.93 28.31 1.674139 2021-06-23 18:05:09.553342 565 1353 Florian 2606.531484
2 102 22.15 27.67 2.309086 2021-06-23 18:05:11.862428 406 1409 Noor 2608.84057
2 69 18.79 27.67 0.794473 2021-06-23 18:05:12.656901 406 1410 Noor 2609.635043
0 51 15.86 28.31 0.666937 2021-06-23 18:05:13.323838 497 2285 Carlo 2610.30198
2 88 20.96 27.67 0.032119 2021-06-23 18:05:13.355957 406 1411 Noor 2610.334099
0 89 21.05 28.31 0.094955 2021-06-23 18:05:13.450912 498 2286 Carlo 2610.429054
1 103 22.23 28.31 0.422114 2021-06-23 18:05:13.873026 565 1354 Florian 2610.851168
0 325 59.05 28.31 0.304562 2021-06-23 18:05:14.177588 498 2287 Carlo 2611.15573
0 143 25.74 28.31 0.316008 2021-06-23 18:05:14.493596 498 2288 Carlo 2611.471738
2 88 20.96 27.56 0.138991 2021-06-23 18:05:14.632587 407 1412 Noor 2611.610729
0 243 41.74 28.31 2.003432 2021-06-23 18:05:16.636019 498 2289 Carlo 2613.614161
1 67 18.51 28.31 0.020771 2021-06-23 18:05:16.656790 565 1355 Florian 2613.634932
0 51 15.86 28.31 0.869001 2021-06-23 18:05:17.525791 499 2290 Carlo 2614.503933
2 207 35.26 27.67 0.3041 2021-06-23 18:05:17.829891 407 1413 Noor 2614.808033
0 67 18.51 28.31 1.23803 2021-06-23 18:05:19.067921 499 2291 Carlo 2616.046063
1 88 20.96 28.31 1.397766 2021-06-23 18:05:20.465687 566 1356 Florian 2617.443829
0 67 18.51 28.31 0.070841 2021-06-23 18:05:20.536528 499 2292 Carlo 2617.51467
1 79 20.03 28.31 0.074265 2021-06-23 18:05:20.610793 566 1357 Florian 2617.588935
1 67 18.51 28.31 0.363884 2021-06-23 18:05:20.974677 566 1358 Florian 2617.952819
2 359 69.86 27.67 0.525327 2021-06-23 18:05:21.500004 407 1414 Noor 2618.478146
0 101 22.08 28.31 0.181476 2021-06-23 18:05:21.681480 499 2293 Carlo 2618.659622
0 66 18.36 28.31 0.584073 2021-06-23 18:05:22.265553 499 2294 Carlo 2619.243695
1 61 17.60 28.31 0.636712 2021-06-23 18:05:22.902265 566 1359 Florian 2619.880407
2 689 300.98 27.67 0.447809 2021-06-23 18:05:23.350074 407 1415 Noor 2620.328216
0 211 35.96 28.31 0.019836 2021-06-23 18:05:23.369910 499 2295 Carlo 2620.348052
2 179 30.55 27.67 1.325312 2021-06-23 18:05:24.695222 408 1416 Noor 2621.673364
2 60 17.43 27.67 0.390525 2021-06-23 18:05:25.085747 408 1417 Noor 2622.063889
0 83 20.46 28.31 0.330283 2021-06-23 18:05:25.416030 500 2296 Carlo 2622.394172
0 97 21.75 28.31 0.881362 2021-06-23 18:05:26.297392 500 2297 Carlo 2623.275534
2 115 23.18 27.56 0.493756 2021-06-23 18:05:26.791148 408 1418 Noor 2623.76929
2 63 17.91 27.67 0.763781 2021-06-23 18:05:27.554929 408 1419 Noor 2624.533071
0 357 68.97 28.31 0.359536 2021-06-23 18:05:27.914465 500 2298 Carlo 2624.892607
1 125 24.00 28.31 0.020841 2021-06-23 18:05:27.935306 566 1360 Florian 2624.913448
1 109 22.70 28.31 0.656445 2021-06-23 18:05:28.591751 567 1361 Florian 2625.569893
0 255 43.96 28.31 0.297594 2021-06-23 18:05:28.889345 501 2299 Carlo 2625.867487
0 106 22.47 28.31 1.038203 2021-06-23 18:05:29.927548 501 2300 Carlo 2626.90569
2 152 26.78 27.45 0.219762 2021-06-23 18:05:30.147310 408 1420 Noor 2627.125452
0 69 18.79 28.31 0.820034 2021-06-23 18:05:30.967344 501 2301 Carlo 2627.945486
0 83 20.46 28.31 0.91844 2021-06-23 18:05:31.885784 501 2302 Carlo 2628.863926
1 476 129.76 28.31 0.231013 2021-06-23 18:05:32.116797 567 1362 Florian 2629.094939
0 102 22.15 28.31 0.574655 2021-06-23 18:05:32.691452 501 2303 Carlo 2629.669594
2 56 16.76 27.67 0.020718 2021-06-23 18:05:32.712170 408 1421 Noor 2629.690312
1 62 17.75 28.31 0.065109 2021-06-23 18:05:32.777279 567 1363 Florian 2629.755421
0 487 132.65 28.31 0.437026 2021-06-23 18:05:33.214305 502 2304 Carlo 2630.192447
0 319 57.64 28.31 0.765292 2021-06-23 18:05:33.979597 502 2305 Carlo 2630.957739
0 62 17.75 28.31 0.113424 2021-06-23 18:05:34.093021 502 2306 Carlo 2631.071163
1 77 19.81 28.85 0.85873 2021-06-23 18:05:34.951751 567 1364 Florian 2631.929893
0 359 69.86 28.31 0.796601 2021-06-23 18:05:35.748352 502 2307 Carlo 2632.726494
2 53 16.22 27.67 0.413112 2021-06-23 18:05:36.161464 409 1422 Noor 2633.139606
1 76 19.69 28.31 0.095678 2021-06-23 18:05:36.257142 567 1365 Florian 2633.235284
2 78 19.92 27.67 0.387203 2021-06-23 18:05:36.644345 409 1423 Noor 2633.622487
2 369 73.42 27.45 0.640694 2021-06-23 18:05:37.285039 409 1424 Noor 2634.263181
2 92 21.32 27.67 0.615343 2021-06-23 18:05:37.900382 409 1425 Noor 2634.878524
0 147 26.19 28.31 0.205008 2021-06-23 18:05:38.105390 502 2308 Carlo 2635.083532
0 82 20.36 28.31 0.091788 2021-06-23 18:05:38.197178 502 2309 Carlo 2635.17532
2 121 23.66 27.56 0.157044 2021-06-23 18:05:38.354222 409 1426 Noor 2635.332364
1 133 24.73 28.31 0.018702 2021-06-23 18:05:38.372924 567 1366 Florian 2635.351066
2 335 61.77 27.88 0.728339 2021-06-23 18:05:39.101263 410 1427 Noor 2636.079405
0 120 23.58 28.31 0.018691 2021-06-23 18:05:39.119954 502 2310 Carlo 2636.098096
2 127 24.18 27.67 0.161107 2021-06-23 18:05:39.281061 411 1428 Noor 2636.259203
2 60 17.43 27.56 0.995843 2021-06-23 18:05:40.276904 411 1429 Noor 2637.255046
1 120 23.58 28.31 0.419241 2021-06-23 18:05:40.696145 568 1367 Florian 2637.674287
2 76 19.69 27.67 0.084676 2021-06-23 18:05:40.780821 411 1430 Noor 2637.758963
1 57 16.93 28.31 0.017602 2021-06-23 18:05:40.798423 568 1368 Florian 2637.776565
0 98 21.83 28.31 1.332724 2021-06-23 18:05:42.131147 503 2311 Carlo 2639.109289
2 198 33.69 27.67 0.433857 2021-06-23 18:05:42.565004 412 1431 Noor 2639.543146
0 121 23.66 28.31 0.533219 2021-06-23 18:05:43.098223 503 2312 Carlo 2640.076365
0 66 18.36 28.20 0.560158 2021-06-23 18:05:43.658381 503 2313 Carlo 2640.636523
0 172 29.49 28.31 0.297331 2021-06-23 18:05:43.955712 503 2314 Carlo 2640.933854
1 76 19.69 28.31 0.228472 2021-06-23 18:05:44.184184 569 1369 Florian 2641.162326
1 60 17.43 28.31 0.730453 2021-06-23 18:05:44.914637 569 1370 Florian 2641.892779
0 207 35.26 28.31 0.764411 2021-06-23 18:05:45.679048 503 2315 Carlo 2642.65719
1 117 23.34 28.31 0.020847 2021-06-23 18:05:45.699895 569 1371 Florian 2642.678037
1 131 24.54 28.31 0.330894 2021-06-23 18:05:46.030789 570 1372 Florian 2643.008931
0 67 18.51 28.31 1.149044 2021-06-23 18:05:47.179833 504 2316 Carlo 2644.157975
0 177 30.25 28.20 2.674637 2021-06-23 18:05:49.854470 504 2317 Carlo 2646.832612
2 96 21.67 27.67 2.667276 2021-06-23 18:05:52.521746 412 1432 Noor 2649.499888
1 92 21.32 28.31 0.054754 2021-06-23 18:05:52.576500 570 1373 Florian 2649.554642
0 216 36.85 28.20 0.020775 2021-06-23 18:05:52.597275 504 2318 Carlo 2649.575417
0 120 23.58 28.31 0.216641 2021-06-23 18:05:52.813916 505 2319 Carlo 2649.792058
0 369 73.42 28.31 0.033391 2021-06-23 18:05:52.847307 505 2320 Carlo 2649.825449
1 63 17.91 28.31 0.039251 2021-06-23 18:05:52.886558 571 1374 Florian 2649.8647
2 319 57.64 27.56 0.008439 2021-06-23 18:05:52.894997 412 1433 Noor 2649.873139
0 89 21.05 28.31 0.260877 2021-06-23 18:05:53.155874 506 2321 Carlo 2650.134016
0 89 21.05 28.31 0.641993 2021-06-23 18:05:53.797867 506 2322 Carlo 2650.776009
1 486 135.98 28.31 0.406879 2021-06-23 18:05:54.204746 572 1375 Florian 2651.182888
1 66 18.36 28.31 0.230968 2021-06-23 18:05:54.435714 572 1376 Florian 2651.413856
2 240 41.21 27.56 0.443115 2021-06-23 18:05:54.878829 413 1434 Noor 2651.856971
2 79 20.03 27.56 0.432211 2021-06-23 18:05:55.311040 413 1435 Noor 2652.289182
0 62 17.75 28.31 0.11375 2021-06-23 18:05:55.424790 506 2323 Carlo 2652.402932
0 124 23.92 28.31 0.806082 2021-06-23 18:05:56.230872 506 2324 Carlo 2653.209014
0 71 19.06 28.31 0.255469 2021-06-23 18:05:56.486341 506 2325 Carlo 2653.464483
0 71 19.06 28.31 0.361174 2021-06-23 18:05:56.847515 506 2326 Carlo 2653.825657
2 126 24.09 27.56 0.309561 2021-06-23 18:05:57.157076 413 1436 Noor 2654.135218
0 184 31.36 28.31 0.636271 2021-06-23 18:05:57.793347 506 2327 Carlo 2654.771489
0 327 59.28 28.31 0.19417 2021-06-23 18:05:57.987517 506 2328 Carlo 2654.965659
0 286 49.78 28.31 2.270107 2021-06-23 18:06:00.257624 506 2329 Carlo 2657.235766
0 140 25.42 28.31 0.115767 2021-06-23 18:06:00.373391 506 2330 Carlo 2657.351533
0 79 20.03 28.31 0.836537 2021-06-23 18:06:01.209928 506 2331 Carlo 2658.18807
1 111 22.86 28.31 0.315294 2021-06-23 18:06:01.525222 572 1377 Florian 2658.503364
0 103 22.23 28.31 0.214048 2021-06-23 18:06:01.739270 506 2332 Carlo 2658.717412
1 143 25.74 28.31 0.02088 2021-06-23 18:06:01.760150 572 1378 Florian 2658.738292
0 185 31.51 28.31 0.194028 2021-06-23 18:06:01.954178 507 2333 Carlo 2658.93232
1 127 24.18 28.31 0.020777 2021-06-23 18:06:01.974955 573 1379 Florian 2658.953097
0 70 18.93 28.31 0.111763 2021-06-23 18:06:02.086718 508 2334 Carlo 2659.06486
2 143 25.74 27.67 0.304436 2021-06-23 18:06:02.391154 413 1437 Noor 2659.369296
0 112 22.94 28.31 0.829573 2021-06-23 18:06:03.220727 508 2335 Carlo 2660.198869
2 63 17.91 27.67 0.718639 2021-06-23 18:06:03.939366 413 1438 Noor 2660.917508
2 99 21.91 27.67 0.769907 2021-06-23 18:06:04.709273 413 1439 Noor 2661.687415
1 89 21.05 28.31 0.355627 2021-06-23 18:06:05.064900 574 1380 Florian 2662.043042
2 70 18.93 27.56 0.020872 2021-06-23 18:06:05.085772 413 1440 Noor 2662.063914
0 172 29.49 28.31 5.004373 2021-06-23 18:06:10.090145 508 2336 Carlo 2667.068287
0 384 80.08 28.31 0.033435 2021-06-23 18:06:10.123580 508 2337 Carlo 2667.101722
0 83 20.46 28.20 0.407095 2021-06-23 18:06:10.530675 508 2338 Carlo 2667.508817
0 106 22.47 28.31 0.706077 2021-06-23 18:06:11.236752 508 2339 Carlo 2668.214894
2 521 150.31 27.45 1.788803 2021-06-23 18:06:13.025555 414 1441 Noor 2670.003697
0 117 23.34 28.31 0.591516 2021-06-23 18:06:13.617071 508 2340 Carlo 2670.595213
0 181 30.87 28.31 2.050204 2021-06-23 18:06:15.667275 508 2341 Carlo 2672.645417
1 216 36.85 28.31 0.020744 2021-06-23 18:06:15.688019 575 1381 Florian 2672.666161
2 229 39.22 27.67 0.00125 2021-06-23 18:06:15.689269 414 1442 Noor 2672.667411
0 140 25.42 28.31 0.101874 2021-06-23 18:06:15.791143 509 2342 Carlo 2672.769285
2 83 20.46 27.67 0.528079 2021-06-23 18:06:16.319222 415 1443 Noor 2673.297364
1 60 17.43 28.31 0.251088 2021-06-23 18:06:16.570310 576 1382 Florian 2673.548452
1 135 24.92 28.85 0.10435 2021-06-23 18:06:16.674660 576 1383 Florian 2673.652802
0 159 27.66 28.31 0.608854 2021-06-23 18:06:17.283514 509 2343 Carlo 2674.261656
1 678 274.92 28.31 0.274749 2021-06-23 18:06:17.558263 576 1384 Florian 2674.536405
0 152 26.78 28.31 1.958034 2021-06-23 18:06:19.516297 509 2344 Carlo 2676.494439
0 274 47.52 28.31 0.090007 2021-06-23 18:06:19.606304 509 2345 Carlo 2676.584446
0 51 15.86 28.31 0.905602 2021-06-23 18:06:20.511906 509 2346 Carlo 2677.490048
0 153 26.90 28.31 0.157237 2021-06-23 18:06:20.669143 509 2347 Carlo 2677.647285
2 51 15.86 27.67 1.016164 2021-06-23 18:06:21.685307 415 1444 Noor 2678.663449
0 284 49.41 28.31 0.033432 2021-06-23 18:06:21.718739 509 2348 Carlo 2678.696881
1 188 32.01 28.31 0.00017 2021-06-23 18:06:21.718909 576 1385 Florian 2678.697051
2 60 17.43 27.67 0.000164 2021-06-23 18:06:21.719073 416 1445 Noor 2678.697215
0 225 38.48 28.31 0.517267 2021-06-23 18:06:22.236340 510 2349 Carlo 2679.214482
0 293 51.29 28.31 0.39308 2021-06-23 18:06:22.629420 510 2350 Carlo 2679.607562
0 69 18.79 28.20 0.208801 2021-06-23 18:06:22.838221 510 2351 Carlo 2679.816363
2 57 16.93 27.67 0.894034 2021-06-23 18:06:23.732255 416 1446 Noor 2680.710397
2 56 16.76 27.67 1.215926 2021-06-23 18:06:24.948181 416 1447 Noor 2681.926323
0 96 21.67 28.31 0.536843 2021-06-23 18:06:25.485024 510 2352 Carlo 2682.463166
0 377 76.28 28.31 0.81304 2021-06-23 18:06:26.298064 510 2353 Carlo 2683.276206
0 386 80.48 28.31 0.261479 2021-06-23 18:06:26.559543 510 2354 Carlo 2683.537685
0 53 16.22 28.20 0.170736 2021-06-23 18:06:26.730279 510 2355 Carlo 2683.708421
0 77 19.81 28.31 0.08539 2021-06-23 18:06:26.815669 510 2356 Carlo 2683.793811
0 332 61.17 28.31 1.059473 2021-06-23 18:06:27.875142 510 2357 Carlo 2684.853284
1 109 22.70 28.31 0.633493 2021-06-23 18:06:28.508635 577 1386 Florian 2685.486777
0 211 35.96 28.20 0.507356 2021-06-23 18:06:29.015991 510 2358 Carlo 2685.994133
1 167 28.76 28.31 0.020844 2021-06-23 18:06:29.036835 577 1387 Florian 2686.014977
1 79 20.03 28.85 0.471107 2021-06-23 18:06:29.507942 578 1388 Florian 2686.486084
0 286 49.78 28.31 0.020904 2021-06-23 18:06:29.528846 511 2359 Carlo 2686.506988
1 99 21.91 28.85 0.419656 2021-06-23 18:06:29.948502 579 1389 Florian 2686.926644
2 56 16.76 27.56 0.469091 2021-06-23 18:06:30.417593 416 1448 Noor 2687.395735
0 67 18.51 28.31 0.05767 2021-06-23 18:06:30.475263 512 2360 Carlo 2687.453405
0 51 15.86 28.31 0.237568 2021-06-23 18:06:30.712831 512 2361 Carlo 2687.690973
1 48 15.29 28.31 0.451429 2021-06-23 18:06:31.164260 579 1390 Florian 2688.142402
2 101 22.08 27.67 1.208246 2021-06-23 18:06:32.372506 416 1449 Noor 2689.350648
1 163 28.20 28.31 0.515336 2021-06-23 18:06:32.887842 579 1391 Florian 2689.865984
0 263 45.37 28.31 0.021914 2021-06-23 18:06:32.909756 512 2362 Carlo 2689.887898
2 66 18.36 27.56 0.019702 2021-06-23 18:06:32.929458 416 1450 Noor 2689.9076
0 199 33.86 28.20 0.341123 2021-06-23 18:06:33.270581 513 2363 Carlo 2690.248723
1 67 18.51 28.31 0.02089 2021-06-23 18:06:33.291471 580 1392 Florian 2690.269613
0 199 33.86 28.31 0.479116 2021-06-23 18:06:33.770587 514 2364 Carlo 2690.748729
2 300 52.79 27.67 0.449839 2021-06-23 18:06:34.220426 417 1451 Noor 2691.198568
1 324 58.89 28.31 0.018666 2021-06-23 18:06:34.239092 581 1393 Florian 2691.217234
0 355 68.30 28.31 0.172713 2021-06-23 18:06:34.411805 514 2365 Carlo 2691.389947
2 57 16.93 27.56 0.808348 2021-06-23 18:06:35.220153 418 1452 Noor 2692.198295
0 49 15.48 28.31 0.137493 2021-06-23 18:06:35.357646 514 2366 Carlo 2692.335788
0 142 25.64 28.31 0.952256 2021-06-23 18:06:36.309902 514 2367 Carlo 2693.288044
1 510 148.47 28.31 0.06729 2021-06-23 18:06:36.377192 582 1394 Florian 2693.355334
0 172 29.49 28.31 0.148065 2021-06-23 18:06:36.525257 514 2368 Carlo 2693.503399
0 102 22.15 28.31 0.085662 2021-06-23 18:06:36.610919 514 2369 Carlo 2693.589061
1 88 20.96 28.31 0.020707 2021-06-23 18:06:36.631626 582 1395 Florian 2693.609768
2 71 19.06 27.45 0.00017 2021-06-23 18:06:36.631796 418 1453 Noor 2693.609938
1 432 101.61 28.31 2.094209 2021-06-23 18:06:38.726005 583 1396 Florian 2695.704147
2 88 20.96 27.56 1.64036 2021-06-23 18:06:40.366365 419 1454 Noor 2697.344507
1 51 15.86 28.31 0.04156 2021-06-23 18:06:40.407925 583 1397 Florian 2697.386067
0 153 26.90 28.31 0.020858 2021-06-23 18:06:40.428783 515 2370 Carlo 2697.406925
0 82 20.36 28.31 0.260613 2021-06-23 18:06:40.689396 516 2371 Carlo 2697.667538
1 60 17.43 28.31 0.019824 2021-06-23 18:06:40.709220 584 1398 Florian 2697.687362
2 71 19.06 27.56 0.001221 2021-06-23 18:06:40.710441 420 1455 Noor 2697.688583
1 364 71.71 28.31 1.209382 2021-06-23 18:06:41.919823 585 1399 Florian 2698.897965
0 184 31.36 28.31 0.327872 2021-06-23 18:06:42.247695 517 2372 Carlo 2699.225837
1 60 17.43 28.31 0.020862 2021-06-23 18:06:42.268557 585 1400 Florian 2699.246699
1 176 30.09 28.31 0.22256 2021-06-23 18:06:42.491117 586 1401 Florian 2699.469259
0 51 15.86 28.20 0.066865 2021-06-23 18:06:42.557982 518 2373 Carlo 2699.536124
0 114 23.10 28.31 0.346687 2021-06-23 18:06:42.904669 518 2374 Carlo 2699.882811
1 63 17.91 28.31 1.404482 2021-06-23 18:06:44.309151 586 1402 Florian 2701.287293
0 334 61.44 28.31 0.370841 2021-06-23 18:06:44.679992 518 2375 Carlo 2701.658134
0 76 19.69 28.31 0.536589 2021-06-23 18:06:45.216581 518 2376 Carlo 2702.194723
1 99 21.91 28.31 0.0198 2021-06-23 18:06:45.236381 586 1403 Florian 2702.214523
0 92 21.32 28.31 0.934171 2021-06-23 18:06:46.170552 519 2377 Carlo 2703.148694
0 369 73.42 28.31 1.071514 2021-06-23 18:06:47.242066 519 2378 Carlo 2704.220208
1 207 35.26 28.31 0.020858 2021-06-23 18:06:47.262924 587 1404 Florian 2704.241066
2 483 132.60 27.45 0.001008 2021-06-23 18:06:47.263932 421 1456 Noor 2704.242074
0 487 132.65 28.31 0.93157 2021-06-23 18:06:48.195502 520 2379 Carlo 2705.173644
0 63 17.91 28.31 0.151965 2021-06-23 18:06:48.347467 520 2380 Carlo 2705.325609
2 79 20.03 27.67 0.239793 2021-06-23 18:06:48.587260 422 1457 Noor 2705.565402
0 112 22.94 28.31 1.121504 2021-06-23 18:06:49.708764 520 2381 Carlo 2706.686906
0 105 22.39 28.31 0.16404 2021-06-23 18:06:49.872804 520 2382 Carlo 2706.850946
1 62 17.75 28.31 0.08935 2021-06-23 18:06:49.962154 588 1405 Florian 2706.940296
1 291 50.97 28.31 1.97357 2021-06-23 18:06:51.935724 588 1406 Florian 2708.913866
0 364 71.71 28.20 0.039627 2021-06-23 18:06:51.975351 520 2383 Carlo 2708.953493
0 167 28.76 28.31 0.259763 2021-06-23 18:06:52.235114 521 2384 Carlo 2709.213256
1 112 22.94 28.31 0.493574 2021-06-23 18:06:52.728688 589 1407 Florian 2709.70683
0 211 35.96 28.31 0.45235 2021-06-23 18:06:53.181038 521 2385 Carlo 2710.15918
0 71 19.06 28.31 1.028884 2021-06-23 18:06:54.209922 521 2386 Carlo 2711.188064
0 103 22.23 28.31 0.212555 2021-06-23 18:06:54.422477 521 2387 Carlo 2711.400619
1 335 61.77 28.31 0.29992 2021-06-23 18:06:54.722397 589 1408 Florian 2711.700539
0 268 46.26 28.31 0.252 2021-06-23 18:06:54.974397 521 2388 Carlo 2711.952539
0 60 17.43 28.31 0.879655 2021-06-23 18:06:55.854052 521 2389 Carlo 2712.832194
0 71 19.06 28.31 0.307886 2021-06-23 18:06:56.161938 521 2390 Carlo 2713.14008
1 69 18.79 28.31 0.056238 2021-06-23 18:06:56.218176 589 1409 Florian 2713.196318
0 50 15.67 28.31 0.906081 2021-06-23 18:06:57.124257 521 2391 Carlo 2714.102399
2 56 16.76 27.56 1.142296 2021-06-23 18:06:58.266553 422 1458 Noor 2715.244695
2 179 30.55 27.67 2.691969 2021-06-23 18:07:00.958522 422 1459 Noor 2717.936664
2 76 19.69 27.67 0.584697 2021-06-23 18:07:01.543219 422 1460 Noor 2718.521361
0 114 23.10 28.31 0.092454 2021-06-23 18:07:01.635673 521 2392 Carlo 2718.613815
0 162 28.06 28.31 1.255836 2021-06-23 18:07:02.891509 521 2393 Carlo 2719.869651
1 56 16.76 28.31 0.020893 2021-06-23 18:07:02.912402 589 1410 Florian 2719.890544
2 462 120.87 27.56 0.463184 2021-06-23 18:07:03.375586 422 1461 Noor 2720.353728
0 60 17.43 28.31 0.019799 2021-06-23 18:07:03.395385 522 2394 Carlo 2720.373527
1 135 24.92 28.31 0.352283 2021-06-23 18:07:03.747668 590 1411 Florian 2720.72581
0 79 20.03 28.31 0.086215 2021-06-23 18:07:03.833883 523 2395 Carlo 2720.812025
0 51 15.86 28.31 0.691919 2021-06-23 18:07:04.525802 523 2396 Carlo 2721.503944
0 48 15.29 28.20 0.155455 2021-06-23 18:07:04.681257 523 2397 Carlo 2721.659399
1 94 21.50 28.85 0.362373 2021-06-23 18:07:05.043630 590 1412 Florian 2722.021772
0 291 50.97 28.31 0.437652 2021-06-23 18:07:05.481282 523 2398 Carlo 2722.459424
2 184 31.36 27.67 0.625675 2021-06-23 18:07:06.106957 423 1462 Noor 2723.085099
1 63 17.91 28.31 0.454842 2021-06-23 18:07:06.561799 590 1413 Florian 2723.539941
0 698 334.20 28.31 0.273915 2021-06-23 18:07:06.835714 523 2399 Carlo 2723.813856
0 194 33.00 28.31 0.075542 2021-06-23 18:07:06.911256 523 2400 Carlo 2723.889398
1 112 22.94 28.31 0.020705 2021-06-23 18:07:06.931961 590 1414 Florian 2723.910103
2 147 26.19 27.56 0.11483 2021-06-23 18:07:07.046791 423 1463 Noor 2724.024933
0 266 46.00 28.31 0.856349 2021-06-23 18:07:07.903140 524 2401 Carlo 2724.881282
2 103 22.23 27.67 0.361409 2021-06-23 18:07:08.264549 423 1464 Noor 2725.242691
0 398 85.63 28.31 1.024754 2021-06-23 18:07:09.289303 524 2402 Carlo 2726.267445
2 159 27.66 27.67 0.599914 2021-06-23 18:07:09.889217 423 1465 Noor 2726.867359
0 263 45.37 28.31 0.018722 2021-06-23 18:07:09.907939 524 2403 Carlo 2726.886081
1 127 24.18 28.31 0.002228 2021-06-23 18:07:09.910167 591 1415 Florian 2726.888309
1 88 20.96 28.31 1.352212 2021-06-23 18:07:11.262379 592 1416 Florian 2728.240521
0 254 43.77 28.31 0.020832 2021-06-23 18:07:11.283211 525 2404 Carlo 2728.261353
1 89 21.05 28.31 0.583651 2021-06-23 18:07:11.866862 593 1417 Florian 2728.845004
2 312 55.68 27.88 0.473272 2021-06-23 18:07:12.340134 424 1466 Noor 2729.318276
0 409 91.12 28.31 0.51516 2021-06-23 18:07:12.855294 526 2405 Carlo 2729.833436
1 67 18.51 28.31 0.020841 2021-06-23 18:07:12.876135 593 1418 Florian 2729.854277
2 71 19.06 27.67 0.000169 2021-06-23 18:07:12.876304 424 1467 Noor 2729.854446
1 48 15.29 28.31 0.401508 2021-06-23 18:07:13.277812 594 1419 Florian 2730.255954
0 89 21.05 28.31 0.330824 2021-06-23 18:07:13.608636 527 2406 Carlo 2730.586778
1 79 20.03 28.31 0.379943 2021-06-23 18:07:13.988579 594 1420 Florian 2730.966721
2 249 42.85 27.88 0.298175 2021-06-23 18:07:14.286754 425 1468 Noor 2731.264896
0 240 41.21 28.31 0.018698 2021-06-23 18:07:14.305452 527 2407 Carlo 2731.283594
1 67 18.51 28.31 2.286335 2021-06-23 18:07:16.591787 594 1421 Florian 2733.569929
0 57 16.93 28.31 0.617552 2021-06-23 18:07:17.209339 528 2408 Carlo 2734.187481
2 92 21.32 27.67 0.526491 2021-06-23 18:07:17.735830 426 1469 Noor 2734.713972
1 243 41.74 28.31 0.069587 2021-06-23 18:07:17.805417 594 1422 Florian 2734.783559
1 56 16.76 28.31 0.134957 2021-06-23 18:07:17.940374 594 1423 Florian 2734.918516
0 270 46.71 28.31 0.162123 2021-06-23 18:07:18.102497 528 2409 Carlo 2735.080639
1 121 23.66 28.31 1.336276 2021-06-23 18:07:19.438773 594 1424 Florian 2736.416915
0 88 20.96 28.31 1.453678 2021-06-23 18:07:20.892451 528 2410 Carlo 2737.870593
0 63 17.91 28.31 0.933102 2021-06-23 18:07:21.825553 528 2411 Carlo 2738.803695
0 79 20.03 28.31 0.481153 2021-06-23 18:07:22.306706 528 2412 Carlo 2739.284848
0 384 80.08 28.20 0.033383 2021-06-23 18:07:22.340089 528 2413 Carlo 2739.318231
2 159 27.66 27.56 1.740946 2021-06-23 18:07:24.081035 426 1470 Noor 2741.059177
1 93 21.41 28.31 0.018679 2021-06-23 18:07:24.099714 594 1425 Florian 2741.077856
1 67 18.51 28.31 0.129421 2021-06-23 18:07:24.229135 595 1426 Florian 2741.207277
0 472 125.87 28.31 0.429658 2021-06-23 18:07:24.658793 528 2414 Carlo 2741.636935
0 280 48.67 28.31 0.108788 2021-06-23 18:07:24.767581 528 2415 Carlo 2741.745723
0 51 15.86 28.31 0.309966 2021-06-23 18:07:25.077547 528 2416 Carlo 2742.055689
0 50 15.67 28.31 0.367593 2021-06-23 18:07:25.445140 528 2417 Carlo 2742.423282
0 108 22.63 28.31 0.141494 2021-06-23 18:07:25.586634 528 2418 Carlo 2742.564776
0 158 27.53 28.31 1.392074 2021-06-23 18:07:26.978708 528 2419 Carlo 2743.95685
0 92 21.32 28.31 0.433357 2021-06-23 18:07:27.412065 528 2420 Carlo 2744.390207
0 178 30.40 28.31 0.435999 2021-06-23 18:07:27.848064 528 2421 Carlo 2744.826206
0 120 23.58 28.31 0.223596 2021-06-23 18:07:28.071660 528 2422 Carlo 2745.049802
2 91 21.23 27.56 0.021835 2021-06-23 18:07:28.093495 427 1471 Noor 2745.071637
1 262 45.24 28.31 0.466564 2021-06-23 18:07:28.560059 595 1427 Florian 2745.538201
0 77 19.81 28.20 0.188897 2021-06-23 18:07:28.748956 529 2423 Carlo 2745.727098
0 487 132.65 28.31 1.086795 2021-06-23 18:07:29.835751 529 2424 Carlo 2746.813893
0 291 50.97 28.31 0.72855 2021-06-23 18:07:30.564301 529 2425 Carlo 2747.542443
0 60 17.43 28.31 0.639459 2021-06-23 18:07:31.203760 529 2426 Carlo 2748.181902
1 147 26.19 28.31 0.982539 2021-06-23 18:07:32.186299 595 1428 Florian 2749.164441
2 152 26.78 27.77 0.96028 2021-06-23 18:07:33.146579 428 1472 Noor 2750.124721
0 415 95.00 28.31 0.073468 2021-06-23 18:07:33.220047 529 2427 Carlo 2750.198189
1 57 16.93 28.31 0.020853 2021-06-23 18:07:33.240900 595 1429 Florian 2750.219042
1 172 29.49 28.31 0.392354 2021-06-23 18:07:33.633254 596 1430 Florian 2750.611396
2 281 48.90 27.56 0.65152 2021-06-23 18:07:34.284774 428 1473 Noor 2751.262916
0 63 17.91 28.31 0.46469 2021-06-23 18:07:34.749464 530 2428 Carlo 2751.727606
1 114 23.10 28.31 0.995241 2021-06-23 18:07:35.744705 596 1431 Florian 2752.722847
0 350 66.46 28.31 0.041917 2021-06-23 18:07:35.786622 530 2429 Carlo 2752.764764
0 159 27.66 28.31 0.033374 2021-06-23 18:07:35.819996 531 2430 Carlo 2752.798138
1 103 22.23 28.31 0.465469 2021-06-23 18:07:36.285465 597 1432 Florian 2753.263607
0 240 41.21 28.31 0.021841 2021-06-23 18:07:36.307306 531 2431 Carlo 2753.285448
0 88 20.96 28.31 0.693392 2021-06-23 18:07:37.000698 532 2432 Carlo 2753.97884
2 92 21.32 27.67 0.355559 2021-06-23 18:07:37.356257 428 1474 Noor 2754.334399
1 101 22.08 28.31 0.017735 2021-06-23 18:07:37.373992 598 1433 Florian 2754.352134
0 345 64.98 28.20 0.331345 2021-06-23 18:07:37.705337 532 2433 Carlo 2754.683479
2 108 22.63 27.56 0.0333 2021-06-23 18:07:37.738637 429 1475 Noor 2754.716779
0 97 21.75 28.20 0.100746 2021-06-23 18:07:37.839383 533 2434 Carlo 2754.817525
0 96 21.67 28.31 0.843552 2021-06-23 18:07:38.682935 533 2435 Carlo 2755.661077
0 62 17.75 28.31 0.033374 2021-06-23 18:07:38.716309 533 2436 Carlo 2755.694451
1 316 56.81 28.31 0.50939 2021-06-23 18:07:39.225699 599 1434 Florian 2756.203841
2 115 23.18 27.67 0.021808 2021-06-23 18:07:39.247507 430 1476 Noor 2756.225649
0 237 40.69 28.31 0.000163 2021-06-23 18:07:39.247670 533 2437 Carlo 2756.225812
0 268 46.26 28.31 0.229229 2021-06-23 18:07:39.476899 534 2438 Carlo 2756.455041
0 195 33.17 28.20 0.855527 2021-06-23 18:07:40.332426 534 2439 Carlo 2757.310568
1 83 20.46 28.31 0.020953 2021-06-23 18:07:40.353379 600 1435 Florian 2757.331521
2 371 73.82 27.67 0.179755 2021-06-23 18:07:40.533134 431 1477 Noor 2757.511276
2 199 33.86 27.67 0.583371 2021-06-23 18:07:41.116505 431 1478 Noor 2758.094647
2 99 21.91 27.56 0.192949 2021-06-23 18:07:41.309454 431 1479 Noor 2758.287596
2 176 30.09 27.67 0.136683 2021-06-23 18:07:41.446137 431 1480 Noor 2758.424279
1 76 19.69 28.31 0.018781 2021-06-23 18:07:41.464918 601 1436 Florian 2758.44306
2 319 57.64 27.67 0.981861 2021-06-23 18:07:42.446779 432 1481 Noor 2759.424921
0 117 23.34 28.31 0.289086 2021-06-23 18:07:42.735865 535 2440 Carlo 2759.714007
2 96 21.67 27.56 0.105512 2021-06-23 18:07:42.841377 432 1482 Noor 2759.819519
0 48 15.29 28.31 0.48267 2021-06-23 18:07:43.324047 535 2441 Carlo 2760.302189
0 167 28.76 28.31 0.443491 2021-06-23 18:07:43.767538 535 2442 Carlo 2760.74568
2 127 24.18 27.67 0.155126 2021-06-23 18:07:43.922664 432 1483 Noor 2760.900806
2 112 22.94 27.67 0.097319 2021-06-23 18:07:44.019983 432 1484 Noor 2760.998125
1 455 117.03 28.31 0.347623 2021-06-23 18:07:44.367606 602 1437 Florian 2761.345748
2 60 17.43 27.67 1.648892 2021-06-23 18:07:46.016498 432 1485 Noor 2762.99464
0 76 19.69 28.31 0.099035 2021-06-23 18:07:46.115533 535 2443 Carlo 2763.093675
0 126 24.09 28.31 0.350885 2021-06-23 18:07:46.466418 535 2444 Carlo 2763.44456
2 110 22.78 27.67 0.992721 2021-06-23 18:07:47.459139 432 1486 Noor 2764.437281
0 243 41.74 28.31 0.018718 2021-06-23 18:07:47.477857 535 2445 Carlo 2764.455999
2 124 23.92 27.45 0.410838 2021-06-23 18:07:47.888695 433 1487 Noor 2764.866837
0 192 32.67 28.31 0.719241 2021-06-23 18:07:48.607936 536 2446 Carlo 2765.586078
1 455 117.03 28.31 0.871003 2021-06-23 18:07:49.478939 602 1438 Florian 2766.457081
0 211 35.96 28.31 0.134857 2021-06-23 18:07:49.613796 536 2447 Carlo 2766.591938
1 211 35.96 28.31 0.020839 2021-06-23 18:07:49.634635 602 1439 Florian 2766.612777
2 108 22.63 27.67 0.001027 2021-06-23 18:07:49.635662 433 1488 Noor 2766.613804
0 184 31.36 28.20 0.618362 2021-06-23 18:07:50.254024 537 2448 Carlo 2767.232166
1 236 40.44 28.31 0.742432 2021-06-23 18:07:50.996456 603 1440 Florian 2767.974598
2 284 49.41 27.67 0.188729 2021-06-23 18:07:51.185185 434 1489 Noor 2768.163327
2 71 19.06 27.77 0.21957 2021-06-23 18:07:51.404755 434 1490 Noor 2768.382897
0 364 71.71 28.31 0.457458 2021-06-23 18:07:51.862213 537 2449 Carlo 2768.840355
0 188 32.01 28.31 0.159919 2021-06-23 18:07:52.022132 537 2450 Carlo 2769.000274
0 94 21.50 28.31 1.529766 2021-06-23 18:07:53.551898 537 2451 Carlo 2770.53004
0 487 132.65 28.31 0.106163 2021-06-23 18:07:53.658061 537 2452 Carlo 2770.636203
0 167 28.76 28.31 1.249076 2021-06-23 18:07:54.907137 537 2453 Carlo 2771.885279
0 63 17.91 28.31 0.734894 2021-06-23 18:07:55.642031 537 2454 Carlo 2772.620173
1 121 23.66 28.31 0.037557 2021-06-23 18:07:55.679588 603 1441 Florian 2772.65773
1 220 37.58 28.31 0.077466 2021-06-23 18:07:55.757054 604 1442 Florian 2772.735196
1 60 17.43 28.31 0.033459 2021-06-23 18:07:55.790513 604 1443 Florian 2772.768655
1 494 141.37 28.31 1.861784 2021-06-23 18:07:57.652297 604 1444 Florian 2774.630439
2 79 20.03 27.56 0.471289 2021-06-23 18:07:58.123586 434 1491 Noor 2775.101728
2 62 17.75 27.45 0.592017 2021-06-23 18:07:58.715603 434 1492 Noor 2775.693745
1 66 18.36 28.31 0.017578 2021-06-23 18:07:58.733181 604 1445 Florian 2775.711323
0 48 15.29 28.31 0.310698 2021-06-23 18:07:59.043879 538 2455 Carlo 2776.022021
0 135 24.92 28.31 0.033385 2021-06-23 18:07:59.077264 538 2456 Carlo 2776.055406
2 121 23.66 27.45 0.261033 2021-06-23 18:07:59.338297 435 1493 Noor 2776.316439
1 88 20.96 28.31 0.241368 2021-06-23 18:07:59.579665 605 1446 Florian 2776.557807
2 121 23.66 27.67 0.08229 2021-06-23 18:07:59.661955 435 1494 Noor 2776.640097
2 240 41.21 27.56 1.190544 2021-06-23 18:08:00.852499 435 1495 Noor 2777.830641
2 48 15.29 27.67 0.680245 2021-06-23 18:08:01.532744 435 1496 Noor 2778.510886
0 125 24.00 28.31 0.109554 2021-06-23 18:08:01.642298 538 2457 Carlo 2778.62044
2 240 41.21 27.67 1.024838 2021-06-23 18:08:02.667136 435 1497 Noor 2779.645278
2 192 32.67 27.67 0.117742 2021-06-23 18:08:02.784878 435 1498 Noor 2779.76302
1 51 15.86 28.31 0.018751 2021-06-23 18:08:02.803629 605 1447 Florian 2779.781771
0 242 41.58 28.31 0.093789 2021-06-23 18:08:02.897418 538 2458 Carlo 2779.87556
1 163 28.20 28.31 0.03 2021-06-23 18:08:02.927418 606 1448 Florian 2779.90556
0 179 30.55 28.31 2.175086 2021-06-23 18:08:05.102504 539 2459 Carlo 2782.080646
1 412 92.93 28.31 0.020785 2021-06-23 18:08:05.123289 607 1449 Florian 2782.101431
2 51 15.86 27.67 0.001192 2021-06-23 18:08:05.124481 436 1499 Noor 2782.102623
1 49 15.48 28.31 0.269953 2021-06-23 18:08:05.394434 608 1450 Florian 2782.372576
2 51 15.86 27.67 0.020823 2021-06-23 18:08:05.415257 437 1500 Noor 2782.393399
0 198 33.69 28.31 0.313919 2021-06-23 18:08:05.729176 540 2460 Carlo 2782.707318
2 63 17.91 27.67 0.143561 2021-06-23 18:08:05.872737 438 1501 Noor 2782.850879
0 57 16.93 28.31 0.610326 2021-06-23 18:08:06.483063 540 2461 Carlo 2783.461205
0 143 25.74 28.31 1.609068 2021-06-23 18:08:08.092131 540 2462 Carlo 2785.070273
2 57 16.93 27.67 1.089207 2021-06-23 18:08:09.181338 438 1502 Noor 2786.15948
0 236 40.44 28.31 0.034222 2021-06-23 18:08:09.215560 540 2463 Carlo 2786.193702
0 249 42.85 28.31 0.736189 2021-06-23 18:08:09.951749 541 2464 Carlo 2786.929891
0 143 25.74 28.31 1.047167 2021-06-23 18:08:10.998916 541 2465 Carlo 2787.977058
1 89 21.05 28.31 0.329221 2021-06-23 18:08:11.328137 609 1451 Florian 2788.306279
0 53 16.22 28.31 0.185237 2021-06-23 18:08:11.513374 541 2466 Carlo 2788.491516
2 60 17.43 27.77 0.690454 2021-06-23 18:08:12.203828 439 1503 Noor 2789.18197
0 112 22.94 28.31 0.196667 2021-06-23 18:08:12.400495 541 2467 Carlo 2789.378637
1 280 48.67 28.31 0.482321 2021-06-23 18:08:12.882816 609 1452 Florian 2789.860958
1 176 30.09 28.31 0.734886 2021-06-23 18:08:13.617702 609 1453 Florian 2790.595844
0 99 21.91 28.31 0.842715 2021-06-23 18:08:14.460417 541 2468 Carlo 2791.438559
0 307 54.48 28.31 0.111721 2021-06-23 18:08:14.572138 541 2469 Carlo 2791.55028
1 96 21.67 28.31 0.279654 2021-06-23 18:08:14.851792 609 1454 Florian 2791.829934
0 103 22.23 28.31 0.178045 2021-06-23 18:08:15.029837 541 2470 Carlo 2792.007979
0 53 16.22 28.20 1.415223 2021-06-23 18:08:16.445060 541 2471 Carlo 2793.423202
0 152 26.78 28.31 1.184691 2021-06-23 18:08:17.629751 541 2472 Carlo 2794.607893
1 71 19.06 28.31 0.996666 2021-06-23 18:08:18.626417 609 1455 Florian 2795.604559
2 138 25.22 27.56 0.331089 2021-06-23 18:08:18.957506 439 1504 Noor 2795.935648
0 51 15.86 28.31 0.566164 2021-06-23 18:08:19.523670 541 2473 Carlo 2796.501812
0 248 42.69 28.31 0.944161 2021-06-23 18:08:20.467831 541 2474 Carlo 2797.445973
0 184 31.36 28.31 0.3683 2021-06-23 18:08:20.836131 541 2475 Carlo 2797.814273
0 153 26.90 28.20 0.315488 2021-06-23 18:08:21.151619 541 2476 Carlo 2798.129761
2 242 41.58 27.56 0.532516 2021-06-23 18:08:21.684135 439 1505 Noor 2798.662277
1 57 16.93 28.31 0.138407 2021-06-23 18:08:21.822542 609 1456 Florian 2798.800684
1 83 20.46 28.31 0.385991 2021-06-23 18:08:22.208533 609 1457 Florian 2799.186675
0 63 17.91 28.20 0.80208 2021-06-23 18:08:23.010613 541 2477 Carlo 2799.988755
0 163 28.20 28.31 0.095182 2021-06-23 18:08:23.105795 541 2478 Carlo 2800.083937
0 143 25.74 28.31 3.221149 2021-06-23 18:08:26.326944 541 2479 Carlo 2803.305086
0 56 16.76 28.31 0.107601 2021-06-23 18:08:26.434545 541 2480 Carlo 2803.412687
0 99 21.91 28.31 0.799238 2021-06-23 18:08:27.233783 541 2481 Carlo 2804.211925
2 78 19.92 27.45 0.625434 2021-06-23 18:08:27.859217 439 1506 Noor 2804.837359
0 88 20.96 28.31 0.176366 2021-06-23 18:08:28.035583 541 2482 Carlo 2805.013725
0 326 59.13 28.31 0.713233 2021-06-23 18:08:28.748816 541 2483 Carlo 2805.726958
1 156 27.28 28.31 1.938093 2021-06-23 18:08:30.686909 609 1458 Florian 2807.665051
0 595 212.63 28.20 0.707509 2021-06-23 18:08:31.394418 541 2484 Carlo 2808.37256
0 376 76.43 28.31 0.621718 2021-06-23 18:08:32.016136 541 2485 Carlo 2808.994278
0 71 19.06 28.31 0.57856 2021-06-23 18:08:32.594696 541 2486 Carlo 2809.572838
2 179 30.55 27.56 0.101796 2021-06-23 18:08:32.696492 439 1507 Noor 2809.674634
2 240 41.21 27.67 0.326837 2021-06-23 18:08:33.023329 439 1508 Noor 2810.001471
0 188 32.01 28.31 0.095883 2021-06-23 18:08:33.119212 541 2487 Carlo 2810.097354
0 188 32.01 28.31 1.571026 2021-06-23 18:08:34.690238 541 2488 Carlo 2811.66838
1 271 46.93 28.31 0.020845 2021-06-23 18:08:34.711083 609 1459 Florian 2811.689225
2 98 21.83 27.67 0.001192 2021-06-23 18:08:34.712275 439 1509 Noor 2811.690417
1 368 72.93 28.31 1.339449 2021-06-23 18:08:36.051724 610 1460 Florian 2813.029866
0 63 17.91 28.31 0.076983 2021-06-23 18:08:36.128707 542 2489 Carlo 2813.106849
0 112 22.94 28.31 0.33752 2021-06-23 18:08:36.466227 542 2490 Carlo 2813.444369
0 79 20.03 28.31 1.842956 2021-06-23 18:08:38.309183 542 2491 Carlo 2815.287325
1 169 29.05 28.31 0.01979 2021-06-23 18:08:38.328973 610 1461 Florian 2815.307115
1 88 20.96 28.31 0.419271 2021-06-23 18:08:38.748244 611 1462 Florian 2815.726386
1 70 18.93 28.31 0.033427 2021-06-23 18:08:38.781671 611 1463 Florian 2815.759813
2 165 28.48 27.67 0.108517 2021-06-23 18:08:38.890188 440 1510 Noor 2815.86833
0 76 19.69 28.31 0.475164 2021-06-23 18:08:39.365352 543 2492 Carlo 2816.343494
0 240 41.21 28.31 2.103377 2021-06-23 18:08:41.468729 543 2493 Carlo 2818.446871
2 312 55.68 27.56 0.036232 2021-06-23 18:08:41.504961 440 1511 Noor 2818.483103
2 92 21.32 27.77 1.996716 2021-06-23 18:08:43.501677 441 1512 Noor 2820.479819
2 56 16.76 27.67 0.2622 2021-06-23 18:08:43.763877 441 1513 Noor 2820.742019
1 167 28.76 28.31 0.019374 2021-06-23 18:08:43.783251 611 1464 Florian 2820.761393
0 53 16.22 28.20 3.593539 2021-06-23 18:08:47.376790 544 2494 Carlo 2824.354932
0 77 19.81 28.31 0.643419 2021-06-23 18:08:48.020209 544 2495 Carlo 2824.998351
0 184 31.36 28.31 1.167515 2021-06-23 18:08:49.187724 544 2496 Carlo 2826.165866
0 59 17.27 28.31 0.137038 2021-06-23 18:08:49.324762 544 2497 Carlo 2826.302904
0 113 23.02 28.31 0.273796 2021-06-23 18:08:49.598558 544 2498 Carlo 2826.5767
