# layer adc volt temp timediff time detector_muon_count detector_count detector_name
2 57 16.93 26.91 10 2021-06-18 12:11:34.646031 0 1 CarloCosmicWatch 0.494854
2 56 16.76 26.91 0.100501 2021-06-18 12:11:34.746532 0 2 CarloCosmicWatch 0.595355
2 67 18.51 26.91 3.450936 2021-06-18 12:11:38.197468 0 3 CarloCosmicWatch 4.046291
2 140 25.42 26.70 0.346444 2021-06-18 12:11:38.543912 0 4 CarloCosmicWatch 4.392735
2 57 16.93 26.70 0.530684 2021-06-18 12:11:39.074596 0 5 CarloCosmicWatch 4.923419
2 179 30.55 26.70 1.12992 2021-06-18 12:11:40.204516 0 6 CarloCosmicWatch 6.053339
2 103 22.23 26.91 1.402945 2021-06-18 12:11:41.607461 0 7 CarloCosmicWatch 7.456284
2 252 43.42 26.70 0.165071 2021-06-18 12:11:41.772532 0 8 CarloCosmicWatch 7.621355
2 275 47.73 27.13 3.478111 2021-06-18 12:11:45.250643 0 9 CarloCosmicWatch 11.099466
2 60 17.43 26.91 4.281992 2021-06-18 12:11:49.532635 0 10 CarloCosmicWatch 15.381458
2 211 35.96 26.70 1.621884 2021-06-18 12:11:51.154519 0 11 CarloCosmicWatch 17.003342
2 159 27.66 26.70 5.180614 2021-06-18 12:11:56.335133 0 12 CarloCosmicWatch 22.183956
2 162 28.06 26.70 2.390504 2021-06-18 12:11:58.725637 0 13 CarloCosmicWatch 24.57446
2 81 20.25 26.91 1.584181 2021-06-18 12:12:00.309818 0 14 CarloCosmicWatch 26.158641
2 60 17.43 26.91 2.699479 2021-06-18 12:12:03.009297 0 15 CarloCosmicWatch 28.85812
2 57 16.93 26.91 0.070455 2021-06-18 12:12:03.079752 0 16 CarloCosmicWatch 28.928575
1 179 30.55 24.44 1.350981 2021-06-18 12:12:04.430733 0 1 MattiaCosmicWatch 30.279556
2 115 23.18 26.91 0.028487 2021-06-18 12:12:04.459220 0 17 CarloCosmicWatch 30.308043
2 188 32.01 26.70 2.348854 2021-06-18 12:12:06.808074 1 18 CarloCosmicWatch 32.656897
2 146 26.08 26.70 1.818582 2021-06-18 12:12:08.626656 1 19 CarloCosmicWatch 34.475479
2 115 23.18 26.70 0.601034 2021-06-18 12:12:09.227690 1 20 CarloCosmicWatch 35.076513
2 359 69.86 27.34 0.654952 2021-06-18 12:12:09.882642 1 21 CarloCosmicWatch 35.731465
2 195 33.17 26.91 2.602186 2021-06-18 12:12:12.484828 1 22 CarloCosmicWatch 38.333651
2 79 20.03 27.13 5.803155 2021-06-18 12:12:18.287983 1 23 CarloCosmicWatch 44.136806
2 226 38.63 26.70 2.471841 2021-06-18 12:12:20.759824 1 24 CarloCosmicWatch 46.608647
2 60 17.43 26.91 0.52793 2021-06-18 12:12:21.287754 1 25 CarloCosmicWatch 47.136577
2 204 34.73 27.02 1.251821 2021-06-18 12:12:22.539575 1 26 CarloCosmicWatch 48.388398
2 313 56.02 27.13 0.897 2021-06-18 12:12:23.436575 1 27 CarloCosmicWatch 49.285398
2 62 17.75 26.91 1.191064 2021-06-18 12:12:24.627639 1 28 CarloCosmicWatch 50.476462
2 79 20.03 26.70 1.72318 2021-06-18 12:12:26.350819 1 29 CarloCosmicWatch 52.199642
2 103 22.23 26.91 0.816134 2021-06-18 12:12:27.166953 1 30 CarloCosmicWatch 53.015776
2 120 23.58 26.91 6.750094 2021-06-18 12:12:33.917047 1 31 CarloCosmicWatch 59.76587
2 48 15.29 26.70 0.435106 2021-06-18 12:12:34.352153 1 32 CarloCosmicWatch 60.200976
2 99 21.91 26.70 6.051424 2021-06-18 12:12:40.403577 1 33 CarloCosmicWatch 66.2524
2 71 19.06 26.70 2.916629 2021-06-18 12:12:43.320206 1 34 CarloCosmicWatch 69.169029
2 89 21.05 26.91 1.35235 2021-06-18 12:12:44.672556 1 35 CarloCosmicWatch 70.521379
2 71 19.06 26.70 1.603484 2021-06-18 12:12:46.276040 1 36 CarloCosmicWatch 72.124863
2 56 16.76 26.91 1.082143 2021-06-18 12:12:47.358183 1 37 CarloCosmicWatch 73.207006
2 96 21.67 26.91 1.056335 2021-06-18 12:12:48.414518 1 38 CarloCosmicWatch 74.263341
2 94 21.50 26.91 0.3514 2021-06-18 12:12:48.765918 1 39 CarloCosmicWatch 74.614741
2 163 28.20 26.70 0.731014 2021-06-18 12:12:49.496932 1 40 CarloCosmicWatch 75.345755
2 50 15.67 26.91 3.2635 2021-06-18 12:12:52.760432 1 41 CarloCosmicWatch 78.609255
2 355 68.30 26.91 0.698272 2021-06-18 12:12:53.458704 1 42 CarloCosmicWatch 79.307527
2 108 22.63 26.70 0.826261 2021-06-18 12:12:54.284965 1 43 CarloCosmicWatch 80.133788
2 101 22.08 26.70 2.76435 2021-06-18 12:12:57.049315 1 44 CarloCosmicWatch 82.898138
2 78 19.92 26.91 0.198176 2021-06-18 12:12:57.247491 1 45 CarloCosmicWatch 83.096314
2 89 21.05 27.13 4.303907 2021-06-18 12:13:01.551398 1 46 CarloCosmicWatch 87.400221
2 112 22.94 26.91 0.033753 2021-06-18 12:13:01.585151 1 47 CarloCosmicWatch 87.433974
2 98 21.83 26.70 1.875685 2021-06-18 12:13:03.460836 1 48 CarloCosmicWatch 89.309659
1 121 23.66 24.44 0.027463 2021-06-18 12:13:03.488299 1 2 MattiaCosmicWatch 89.337122
2 233 39.92 26.91 2.565751 2021-06-18 12:13:06.054050 2 49 CarloCosmicWatch 91.902873
2 81 20.25 26.91 0.098123 2021-06-18 12:13:06.152173 2 50 CarloCosmicWatch 92.000996
2 195 33.17 26.70 0.953646 2021-06-18 12:13:07.105819 2 51 CarloCosmicWatch 92.954642
2 176 30.09 27.13 5.419845 2021-06-18 12:13:12.525664 2 52 CarloCosmicWatch 98.374487
2 102 22.15 26.91 2.008598 2021-06-18 12:13:14.534262 2 53 CarloCosmicWatch 100.383085
2 56 16.76 26.91 0.579153 2021-06-18 12:13:15.113415 2 54 CarloCosmicWatch 100.962238
2 174 29.79 26.91 1.914563 2021-06-18 12:13:17.027978 2 55 CarloCosmicWatch 102.876801
1 81 20.25 24.44 3.94758 2021-06-18 12:13:20.975558 2 3 MattiaCosmicWatch 106.824381
2 96 21.67 26.91 0.028291 2021-06-18 12:13:21.003849 2 56 CarloCosmicWatch 106.852672
2 280 48.67 26.91 2.304587 2021-06-18 12:13:23.308436 3 57 CarloCosmicWatch 109.157259
2 135 24.92 26.70 1.825352 2021-06-18 12:13:25.133788 3 58 CarloCosmicWatch 110.982611
2 83 20.46 26.91 0.67456 2021-06-18 12:13:25.808348 3 59 CarloCosmicWatch 111.657171
2 415 95.00 26.81 1.493111 2021-06-18 12:13:27.301459 3 60 CarloCosmicWatch 113.150282
2 499 141.24 26.70 1.278178 2021-06-18 12:13:28.579637 3 61 CarloCosmicWatch 114.42846
2 211 35.96 26.91 1.353324 2021-06-18 12:13:29.932961 3 62 CarloCosmicWatch 115.781784
2 271 46.93 26.91 0.430812 2021-06-18 12:13:30.363773 3 63 CarloCosmicWatch 116.212596
2 271 46.93 26.70 2.66772 2021-06-18 12:13:33.031493 3 64 CarloCosmicWatch 118.880316
2 83 20.46 26.70 0.517958 2021-06-18 12:13:33.549451 3 65 CarloCosmicWatch 119.398274
2 227 38.83 26.81 1.707624 2021-06-18 12:13:35.257075 3 66 CarloCosmicWatch 121.105898
2 57 16.93 26.70 1.319182 2021-06-18 12:13:36.576257 3 67 CarloCosmicWatch 122.42508
2 79 20.03 26.91 0.856362 2021-06-18 12:13:37.432619 3 68 CarloCosmicWatch 123.281442
2 192 32.67 26.91 0.407933 2021-06-18 12:13:37.840552 3 69 CarloCosmicWatch 123.689375
2 193 32.84 26.70 2.20251 2021-06-18 12:13:40.043062 3 70 CarloCosmicWatch 125.891885
2 140 25.42 26.91 0.805392 2021-06-18 12:13:40.848454 3 71 CarloCosmicWatch 126.697277
2 304 53.73 26.70 1.975602 2021-06-18 12:13:42.824056 3 72 CarloCosmicWatch 128.672879
2 71 19.06 26.70 0.033412 2021-06-18 12:13:42.857468 3 73 CarloCosmicWatch 128.706291
2 135 24.92 26.91 1.67567 2021-06-18 12:13:44.533138 3 74 CarloCosmicWatch 130.381961
2 112 22.94 26.91 2.003176 2021-06-18 12:13:46.536314 3 75 CarloCosmicWatch 132.385137
2 179 30.55 26.81 2.373376 2021-06-18 12:13:48.909690 3 76 CarloCosmicWatch 134.758513
2 210 35.78 26.70 0.086178 2021-06-18 12:13:48.995868 3 77 CarloCosmicWatch 134.844691
2 78 19.92 26.70 0.614997 2021-06-18 12:13:49.610865 3 78 CarloCosmicWatch 135.459688
2 81 20.25 26.70 2.34991 2021-06-18 12:13:51.960775 3 79 CarloCosmicWatch 137.809598
2 371 73.82 26.70 0.303473 2021-06-18 12:13:52.264248 3 80 CarloCosmicWatch 138.113071
2 83 20.46 26.70 1.21192 2021-06-18 12:13:53.476168 3 81 CarloCosmicWatch 139.324991
2 167 28.76 26.70 1.216627 2021-06-18 12:13:54.692795 3 82 CarloCosmicWatch 140.541618
2 89 21.05 26.70 0.483567 2021-06-18 12:13:55.176362 3 83 CarloCosmicWatch 141.025185
2 167 28.76 26.70 0.396801 2021-06-18 12:13:55.573163 3 84 CarloCosmicWatch 141.421986
2 63 17.91 26.70 0.720099 2021-06-18 12:13:56.293262 3 85 CarloCosmicWatch 142.142085
2 252 43.42 26.91 9.330142 2021-06-18 12:14:05.623404 3 86 CarloCosmicWatch 151.472227
2 63 17.91 26.91 0.293048 2021-06-18 12:14:05.916452 3 87 CarloCosmicWatch 151.765275
2 56 16.76 26.91 1.552716 2021-06-18 12:14:07.469168 3 88 CarloCosmicWatch 153.317991
2 71 19.06 26.70 0.163391 2021-06-18 12:14:07.632559 3 89 CarloCosmicWatch 153.481382
2 229 39.22 26.70 0.033394 2021-06-18 12:14:07.665953 3 90 CarloCosmicWatch 153.514776
2 224 38.29 26.91 0.760485 2021-06-18 12:14:08.426438 3 91 CarloCosmicWatch 154.275261
2 96 21.67 26.91 5.021779 2021-06-18 12:14:13.448217 3 92 CarloCosmicWatch 159.29704
2 127 24.18 26.70 2.180406 2021-06-18 12:14:15.628623 3 93 CarloCosmicWatch 161.477446
2 184 31.36 26.70 1.138432 2021-06-18 12:14:16.767055 3 94 CarloCosmicWatch 162.615878
2 71 19.06 26.70 3.927044 2021-06-18 12:14:20.694099 3 95 CarloCosmicWatch 166.542922
2 204 34.73 26.70 0.235595 2021-06-18 12:14:20.929694 3 96 CarloCosmicWatch 166.778517
2 487 132.65 26.70 0.065641 2021-06-18 12:14:20.995335 3 97 CarloCosmicWatch 166.844158
2 115 23.18 26.70 0.112446 2021-06-18 12:14:21.107781 3 98 CarloCosmicWatch 166.956604
2 307 54.48 26.70 0.306356 2021-06-18 12:14:21.414137 3 99 CarloCosmicWatch 167.26296
2 70 18.93 26.70 0.111024 2021-06-18 12:14:21.525161 3 100 CarloCosmicWatch 167.373984
2 134 24.82 26.70 0.477799 2021-06-18 12:14:22.002960 3 101 CarloCosmicWatch 167.851783
2 110 22.78 26.70 4.643028 2021-06-18 12:14:26.645988 3 102 CarloCosmicWatch 172.494811
1 76 19.69 26.70 2.676182 2021-06-18 12:14:29.322170 0 1 Cecile 175.170993
2 103 22.23 26.70 0.016755 2021-06-18 12:14:29.338925 3 103 CarloCosmicWatch 175.187748
2 60 17.43 26.70 0.335921 2021-06-18 12:14:29.674846 4 104 CarloCosmicWatch 175.523669
2 115 23.18 26.70 2.456629 2021-06-18 12:14:32.131475 4 105 CarloCosmicWatch 177.980298
2 63 17.91 26.70 2.955791 2021-06-18 12:14:35.087266 4 106 CarloCosmicWatch 180.936089
2 79 20.03 26.70 1.271591 2021-06-18 12:14:36.358857 4 107 CarloCosmicWatch 182.20768
2 66 18.36 26.70 0.267403 2021-06-18 12:14:36.626260 4 108 CarloCosmicWatch 182.475083
2 127 24.18 26.70 1.065303 2021-06-18 12:14:37.691563 4 109 CarloCosmicWatch 183.540386
2 505 145.23 26.70 1.987156 2021-06-18 12:14:39.678719 4 110 CarloCosmicWatch 185.527542
2 63 17.91 26.70 1.317873 2021-06-18 12:14:40.996592 4 111 CarloCosmicWatch 186.845415
0 99 21.91 26.05 3.204522 2021-06-18 12:14:44.201114 0 1 Noor 190.049937
2 102 22.15 26.70 0.014616 2021-06-18 12:14:44.215730 4 112 CarloCosmicWatch 190.064553
2 280 48.67 26.70 0.438673 2021-06-18 12:14:44.654403 5 113 CarloCosmicWatch 190.503226
2 92 21.32 26.70 8.679902 2021-06-18 12:14:53.334305 5 114 CarloCosmicWatch 199.183128
