# layer adc volt temp timediff time detector_muon_count detector_count detector_name
0 79 20.03 27.34 10 2021-06-22 18:28:05.811132 0 1 MattiaCosmicWatch 2.940776
0 60 17.43 27.34 1.385752 2021-06-22 18:28:07.196884 0 2 MattiaCosmicWatch 4.326528
0 31 12.01 27.45 0.033559 2021-06-22 18:28:07.230443 0 3 MattiaCosmicWatch 4.360087
1 25 11.02 26.91 0.417312 2021-06-22 18:28:07.647755 0 1 Niels 4.777399
0 184 31.36 27.56 0.013686 2021-06-22 18:28:07.661441 0 4 MattiaCosmicWatch 4.791085
1 35 12.75 27.34 0.159911 2021-06-22 18:28:07.821352 0 1 Carlo 4.950996
0 133 24.73 27.34 0.012774 2021-06-22 18:28:07.834126 1 5 MattiaCosmicWatch 4.96377
0 19 10.33 27.34 0.806183 2021-06-22 18:28:08.640309 2 6 MattiaCosmicWatch 5.769953
0 197 33.52 27.45 1.99101 2021-06-22 18:28:10.631319 2 7 MattiaCosmicWatch 7.760963
0 280 48.67 27.24 1.177718 2021-06-22 18:28:11.809037 2 8 MattiaCosmicWatch 8.938681
0 39 13.53 27.45 1.472315 2021-06-22 18:28:13.281352 2 9 MattiaCosmicWatch 10.410996
0 46 14.91 27.34 1.069806 2021-06-22 18:28:14.351158 2 10 MattiaCosmicWatch 11.480802
0 312 55.68 26.38 0.148096 2021-06-22 18:28:14.499254 2 11 MattiaCosmicWatch 11.628898
0 28 11.49 27.45 0.625134 2021-06-22 18:28:15.124388 2 12 MattiaCosmicWatch 12.254032
0 21 10.52 27.34 0.249786 2021-06-22 18:28:15.374174 2 13 MattiaCosmicWatch 12.503818
0 147 26.19 27.34 0.424468 2021-06-22 18:28:15.798642 2 14 MattiaCosmicWatch 12.928286
0 63 17.91 27.34 1.410888 2021-06-22 18:28:17.209530 2 15 MattiaCosmicWatch 14.339174
0 44 14.51 27.34 0.083706 2021-06-22 18:28:17.293236 2 16 MattiaCosmicWatch 14.42288
0 19 10.33 27.34 0.347397 2021-06-22 18:28:17.640633 2 17 MattiaCosmicWatch 14.770277
0 101 22.08 27.34 0.252227 2021-06-22 18:28:17.892860 2 18 MattiaCosmicWatch 15.022504
0 60 17.43 27.45 1.527181 2021-06-22 18:28:19.420041 2 19 MattiaCosmicWatch 16.549685
0 60 17.43 27.34 1.18119 2021-06-22 18:28:20.601231 2 20 MattiaCosmicWatch 17.730875
0 221 37.76 27.56 1.26148 2021-06-22 18:28:21.862711 2 21 MattiaCosmicWatch 18.992355
0 195 33.17 27.34 0.296033 2021-06-22 18:28:22.158744 2 22 MattiaCosmicWatch 19.288388
0 359 69.86 26.38 0.48837 2021-06-22 18:28:22.647114 2 23 MattiaCosmicWatch 19.776758
2 69 18.79 26.70 0.028489 2021-06-22 18:28:22.675603 0 1 BenRevival 19.805247
0 172 29.49 27.45 1.961719 2021-06-22 18:28:24.637322 3 24 MattiaCosmicWatch 21.766966
0 29 11.66 27.34 0.763146 2021-06-22 18:28:25.400468 3 25 MattiaCosmicWatch 22.530112
0 67 18.51 27.45 0.485245 2021-06-22 18:28:25.885713 3 26 MattiaCosmicWatch 23.015357
0 19 10.33 27.34 0.253975 2021-06-22 18:28:26.139688 3 27 MattiaCosmicWatch 23.269332
0 83 20.46 27.45 0.343174 2021-06-22 18:28:26.482862 3 28 MattiaCosmicWatch 23.612506
0 78 19.92 27.45 0.102342 2021-06-22 18:28:26.585204 3 29 MattiaCosmicWatch 23.714848
0 94 21.50 27.56 0.841125 2021-06-22 18:28:27.426329 3 30 MattiaCosmicWatch 24.555973
0 27 11.33 27.45 3.369407 2021-06-22 18:28:30.795736 3 31 MattiaCosmicWatch 27.92538
0 25 11.02 27.45 0.060615 2021-06-22 18:28:30.856351 3 32 MattiaCosmicWatch 27.985995
0 48 15.29 27.34 1.00963 2021-06-22 18:28:31.865981 3 33 MattiaCosmicWatch 28.995625
0 18 10.25 27.34 0.539613 2021-06-22 18:28:32.405594 3 34 MattiaCosmicWatch 29.535238
0 39 13.53 27.45 1.031403 2021-06-22 18:28:33.436997 3 35 MattiaCosmicWatch 30.566641
0 185 31.51 27.45 0.119973 2021-06-22 18:28:33.556970 3 36 MattiaCosmicWatch 30.686614
0 24 10.88 27.45 0.20959 2021-06-22 18:28:33.766560 3 37 MattiaCosmicWatch 30.896204
0 188 32.01 27.56 0.785503 2021-06-22 18:28:34.552063 3 38 MattiaCosmicWatch 31.681707
0 249 42.85 27.67 1.566638 2021-06-22 18:28:36.118701 3 39 MattiaCosmicWatch 33.248345
0 143 25.74 27.45 0.522191 2021-06-22 18:28:36.640892 3 40 MattiaCosmicWatch 33.770536
0 92 21.32 27.45 1.655663 2021-06-22 18:28:38.296555 3 41 MattiaCosmicWatch 35.426199
0 46 14.91 27.34 0.481164 2021-06-22 18:28:38.777719 3 42 MattiaCosmicWatch 35.907363
0 88 20.96 27.45 1.08384 2021-06-22 18:28:39.861559 3 43 MattiaCosmicWatch 36.991203
0 19 10.33 27.45 0.84781 2021-06-22 18:28:40.709369 3 44 MattiaCosmicWatch 37.839013
0 25 11.02 27.45 0.4629 2021-06-22 18:28:41.172269 3 45 MattiaCosmicWatch 38.301913
0 263 45.37 27.45 0.137962 2021-06-22 18:28:41.310231 3 46 MattiaCosmicWatch 38.439875
0 44 14.51 27.34 0.062758 2021-06-22 18:28:41.372989 3 47 MattiaCosmicWatch 38.502633
0 236 40.44 27.34 2.834888 2021-06-22 18:28:44.207877 3 48 MattiaCosmicWatch 41.337521
0 97 21.75 27.34 2.475621 2021-06-22 18:28:46.683498 3 49 MattiaCosmicWatch 43.813142
0 67 18.51 27.34 1.021521 2021-06-22 18:28:47.705019 3 50 MattiaCosmicWatch 44.834663
0 62 17.75 27.34 0.61423 2021-06-22 18:28:48.319249 3 51 MattiaCosmicWatch 45.448893
1 204 34.73 27.34 1.83124 2021-06-22 18:28:50.150489 1 2 Carlo 47.280133
0 241 41.39 27.45 0.015897 2021-06-22 18:28:50.166386 3 52 MattiaCosmicWatch 47.29603
2 99 21.91 27.45 2.463797 2021-06-22 18:28:52.630183 0 1 M 49.759827
0 248 42.69 27.34 0.011802 2021-06-22 18:28:52.641985 4 53 MattiaCosmicWatch 49.771629
0 39 13.53 27.34 2.146951 2021-06-22 18:28:54.788936 5 54 MattiaCosmicWatch 51.91858
0 60 17.43 27.34 1.883887 2021-06-22 18:28:56.672823 5 55 MattiaCosmicWatch 53.802467
0 19 10.33 27.45 0.570421 2021-06-22 18:28:57.243244 5 56 MattiaCosmicWatch 54.372888
