# layer adc volt temp timediff time detector_muon_count detector_count detector_name
2 391 82.35 29.92 10 2021-06-24 18:22:37.649714 0 1 M 0.121987
2 99 21.91 28.10 0.738642 2021-06-24 18:22:38.388356 0 1 Noor 0.860629
1 89 21.05 28.31 0.364102 2021-06-24 18:22:38.752458 0 1 Franko 1.224731
2 153 26.90 27.99 0.059993 2021-06-24 18:22:38.812451 0 2 Noor 1.284724
1 143 25.74 20.90 0.027014 2021-06-24 18:22:38.839465 0 1 rens 1.311738
2 103 22.23 27.88 0.683841 2021-06-24 18:22:39.523306 1 3 Noor 1.995579
1 391 82.35 71.17 0.012782 2021-06-24 18:22:39.536088 0 2 rens 2.008361
2 113 23.02 28.10 0.82069 2021-06-24 18:22:40.356778 2 4 Noor 2.829051
1 176 30.09 28.31 0.033744 2021-06-24 18:22:40.390522 1 2 Franko 2.862795
2 46 14.91 27.88 0.000153 2021-06-24 18:22:40.390675 3 5 Noor 2.862948
1 60 17.43 5.86 0.096891 2021-06-24 18:22:40.487566 1 3 rens 2.959839
1 510 148.47 28.31 0.147711 2021-06-24 18:22:40.635277 2 3 Franko 3.10755
2 57 16.93 29.92 0.021892 2021-06-24 18:22:40.657169 0 2 M 3.129442
1 83 20.46 28.31 0.117523 2021-06-24 18:22:40.774692 3 4 Franko 3.246965
2 423 97.36 29.92 0.541453 2021-06-24 18:22:41.316145 1 3 M 3.788418
1 83 20.46 6.93 0.165728 2021-06-24 18:22:41.481873 1 4 rens 3.954146
1 57 16.93 -1.02 0.065519 2021-06-24 18:22:41.547392 1 5 rens 4.019665
2 337 62.30 29.92 0.710333 2021-06-24 18:22:42.257725 1 4 M 4.729998
2 179 30.55 27.88 0.161775 2021-06-24 18:22:42.419500 3 6 Noor 4.891773
2 103 22.23 27.99 0.086463 2021-06-24 18:22:42.505963 3 7 Noor 4.978236
2 156 27.28 29.92 0.142475 2021-06-24 18:22:42.648438 1 5 M 5.120711
2 38 13.33 29.92 0.374517 2021-06-24 18:22:43.022955 1 6 M 5.495228
2 78 19.92 28.10 0.193862 2021-06-24 18:22:43.216817 3 8 Noor 5.68909
1 275 47.73 46.68 0.045743 2021-06-24 18:22:43.262560 1 6 rens 5.734833
1 435 104.92 28.31 0.092399 2021-06-24 18:22:43.354959 3 5 Franko 5.827232
2 88 20.96 27.99 0.491182 2021-06-24 18:22:43.846141 4 9 Noor 6.318414
1 460 119.54 28.31 0.025573 2021-06-24 18:22:43.871714 3 6 Franko 6.343987
1 265 45.75 42.49 0.032024 2021-06-24 18:22:43.903738 2 7 rens 6.376011
2 99 21.91 27.99 0.227669 2021-06-24 18:22:44.131407 5 10 Noor 6.60368
1 57 16.93 3.50 0.782741 2021-06-24 18:22:44.914148 2 8 rens 7.386421
1 44 14.51 28.31 0.049348 2021-06-24 18:22:44.963496 4 7 Franko 7.435769
2 62 17.75 27.99 0.225822 2021-06-24 18:22:45.189318 5 11 Noor 7.661591
2 96 21.67 29.92 0.526466 2021-06-24 18:22:45.715784 1 7 M 8.188057
2 71 19.06 28.10 0.638476 2021-06-24 18:22:46.354260 5 12 Noor 8.826533
1 48 15.29 28.31 0.337174 2021-06-24 18:22:46.691434 4 8 Franko 9.163707
1 124 23.92 28.85 0.091521 2021-06-24 18:22:46.782955 4 9 Franko 9.255228
2 44 14.51 29.92 0.172499 2021-06-24 18:22:46.955454 1 8 M 9.427727
2 159 27.66 29.92 0.203401 2021-06-24 18:22:47.158855 1 9 M 9.631128
2 63 17.91 27.99 0.033731 2021-06-24 18:22:47.192586 5 13 Noor 9.664859
2 271 46.93 29.92 0.008007 2021-06-24 18:22:47.200593 1 10 M 9.672866
2 312 55.68 29.92 0.114318 2021-06-24 18:22:47.314911 1 11 M 9.787184
1 115 23.18 28.31 0.011798 2021-06-24 18:22:47.326709 4 10 Franko 9.798982
1 224 38.29 28.31 0.21498 2021-06-24 18:22:47.541689 5 11 Franko 10.013962
1 51 15.86 28.85 0.128738 2021-06-24 18:22:47.670427 5 12 Franko 10.1427
2 31 12.01 29.92 0.464483 2021-06-24 18:22:48.134910 2 12 M 10.607183
2 96 21.67 29.92 0.061885 2021-06-24 18:22:48.196795 2 13 M 10.669068
2 115 23.18 28.10 0.197181 2021-06-24 18:22:48.393976 5 14 Noor 10.866249
1 71 19.06 28.31 0.770252 2021-06-24 18:22:49.164228 5 13 Franko 11.636501
1 120 23.58 28.31 0.15733 2021-06-24 18:22:49.321558 5 14 Franko 11.793831
1 39 13.53 28.31 0.515173 2021-06-24 18:22:49.836731 5 15 Franko 12.309004
1 126 24.09 28.31 0.075841 2021-06-24 18:22:49.912572 5 16 Franko 12.384845
1 88 20.96 28.31 0.371166 2021-06-24 18:22:50.283738 5 17 Franko 12.756011
1 30 11.83 28.31 0.11485 2021-06-24 18:22:50.398588 5 18 Franko 12.870861
1 37 13.14 28.31 0.876393 2021-06-24 18:22:51.274981 5 19 Franko 13.747254
1 30 11.83 -0.91 0.31337 2021-06-24 18:22:51.588351 2 9 rens 14.060624
2 108 22.63 28.10 0.268039 2021-06-24 18:22:51.856390 5 15 Noor 14.328663
2 33 12.37 29.92 0.188462 2021-06-24 18:22:52.044852 2 14 M 14.517125
1 492 134.92 28.31 0.176663 2021-06-24 18:22:52.221515 5 20 Franko 14.693788
2 44 14.51 27.88 0.057436 2021-06-24 18:22:52.278951 5 16 Noor 14.751224
1 179 30.55 28.31 0.196118 2021-06-24 18:22:52.475069 6 21 Franko 14.947342
1 71 19.06 28.31 0.265707 2021-06-24 18:22:52.740776 6 22 Franko 15.213049
1 115 23.18 28.31 0.204478 2021-06-24 18:22:52.945254 6 23 Franko 15.417527
1 62 17.75 3.82 0.059568 2021-06-24 18:22:53.004822 2 10 rens 15.477095
2 35 12.75 29.92 0.042341 2021-06-24 18:22:53.047163 2 15 M 15.519436
2 103 22.23 27.88 0.03795 2021-06-24 18:22:53.085113 6 17 Noor 15.557386
1 51 15.86 -13.69 0.014921 2021-06-24 18:22:53.100034 3 11 rens 15.572307
2 39 13.53 29.92 0.263333 2021-06-24 18:22:53.363367 3 16 M 15.83564
2 126 24.09 28.10 0.160141 2021-06-24 18:22:53.523508 6 18 Noor 15.995781
2 176 30.09 27.88 0.292703 2021-06-24 18:22:53.816211 6 19 Noor 16.288484
