# layer adc volt temp timediff time detector_muon_count detector_count detector_name
0 39 13.53 29.92 0.000179 2021-06-24 18:43:26.521612 1 2 Cecile 3.16853
1 46 14.91 0.60 0.427013 2021-06-24 18:43:26.508831 1 4 rens 3.155749
2 240 41.21 29.92 0.012602 2021-06-24 18:43:26.521433 1 5 M 3.168351

0 435 104.92 29.92 0.000157 2021-06-24 18:44:03.525006 5 16 Cecile 40.171924
1 185 31.51 29.92 0.255759 2021-06-24 18:44:03.508232 13 41 Franko 40.15515
2 243 41.74 29.92 0.016617 2021-06-24 18:44:03.524849 13 43 M 40.171767

0 39 13.53 29.38 0.015643 2021-06-24 18:44:04.604507 6 17 Cecile 41.251425
1 206 35.07 31.53 0.423109 2021-06-24 18:44:04.588864 12 31 rens 41.235782
2 88 20.96 29.92 0.02871 2021-06-24 18:44:04.633217 14 46 M 41.280135

0 79 20.03 29.92 0.117059 2021-06-24 18:44:04.947336 7 19 Cecile 41.594254
1 174 29.79 24.44 0.070366 2021-06-24 18:44:05.075886 13 32 rens 41.722804
2 448 112.41 29.92 0.016695 2021-06-24 18:44:04.964031 15 47 M 41.610949

0 71 19.06 29.92 0.727474 2021-06-24 18:44:06.368334 8 20 Cecile 43.015252
1 57 16.93 2.53 0.016766 2021-06-24 18:44:06.385100 14 33 rens 43.032018
2 199 33.86 29.92 0.092395 2021-06-24 18:44:06.477495 16 49 M 43.124413

0 56 16.76 29.92 0.149827 2021-06-24 18:44:19.400831 11 25 Cecile 56.047749
1 112 22.94 3.71 0.016636 2021-06-24 18:44:19.417467 18 42 rens 56.064385
2 236 40.44 29.92 0.023464 2021-06-24 18:44:19.440931 21 68 M 56.087849

0 101 22.08 29.92 0.066612 2021-06-24 18:44:22.114389 13 28 Cecile 58.761307
1 35 12.75 29.92 0.088432 2021-06-24 18:44:22.031078 20 58 Franko 58.677996
2 78 19.92 28.31 0.193324 2021-06-24 18:44:21.942646 7 29 Noor 58.589564

0 323 58.48 29.92 0.00019 2021-06-24 18:44:25.178883 15 30 Cecile 61.825801
1 198 33.69 29.92 1.192305 2021-06-24 18:44:25.160975 21 61 Franko 61.807893
2 313 56.02 28.31 0.017718 2021-06-24 18:44:25.178693 8 31 Noor 61.825611

0 78 19.92 29.38 0.199425 2021-06-24 18:44:34.963249 19 37 Cecile 71.610167
1 60 17.43 3.82 0.016711 2021-06-24 18:44:34.979960 21 50 rens 71.626878
2 252 43.42 29.92 0.000171 2021-06-24 18:44:34.980131 26 87 M 71.627049

0 63 17.91 29.92 0.145799 2021-06-24 18:44:49.845858 21 43 Cecile 86.492776
1 38 13.33 29.92 0.091078 2021-06-24 18:44:49.936936 27 87 Franko 86.583854
2 121 23.66 29.92 0.032927 2021-06-24 18:44:49.969863 32 109 M 86.616781

0 56 16.76 29.92 0.033793 2021-06-24 18:45:28.531571 25 54 Cecile 125.178489
1 63 17.91 3.82 0.207601 2021-06-24 18:45:28.497778 31 78 rens 125.144696
2 31 12.01 28.20 0.076705 2021-06-24 18:45:28.610083 20 88 Noor 125.257001

0 66 18.36 29.92 0.013752 2021-06-24 18:45:29.417980 26 55 Cecile 126.064898
1 30 11.83 29.92 0.242976 2021-06-24 18:45:29.343045 46 134 Franko 125.989963
2 88 20.96 28.20 0.018648 2021-06-24 18:45:29.361693 13 58 Niels 126.008611

0 440 109.25 29.92 0.31436 2021-06-24 18:45:33.579635 30 60 Cecile 130.226553
1 35 12.75 29.92 0.020012 2021-06-24 18:45:33.599647 48 137 Franko 130.246565
2 131 24.54 29.92 0.000273 2021-06-24 18:45:33.599920 49 162 M 130.246838

0 39 13.53 29.92 0.061788 2021-06-24 18:45:37.093178 32 64 Cecile 133.740096
1 184 31.36 29.92 0.276588 2021-06-24 18:45:37.031390 49 139 Franko 133.678308
2 31 12.01 28.31 0.017782 2021-06-24 18:45:37.110960 14 62 Niels 133.757878

0 70 18.93 29.92 0.01566 2021-06-24 18:46:00.933197 34 68 Cecile 157.580115
1 327 59.28 29.92 0.270106 2021-06-24 18:46:00.897517 58 163 Franko 157.544435
2 194 33.00 28.31 0.02002 2021-06-24 18:46:00.917537 18 77 Niels 157.564455

0 91 21.23 29.92 0.052533 2021-06-24 18:46:09.695744 35 69 Cecile 166.342662
1 127 24.18 7.69 0.013781 2021-06-24 18:46:09.637880 41 96 rens 166.284798
2 67 18.51 29.92 0.17599 2021-06-24 18:46:09.624099 66 199 M 166.271017

0 60 17.43 29.92 0.043994 2021-06-24 18:46:09.950544 36 70 Cecile 166.597462
1 271 46.93 29.92 0.018081 2021-06-24 18:46:09.968625 64 177 Franko 166.615543
2 135 24.92 28.10 0.065355 2021-06-24 18:46:09.906550 25 117 Noor 166.553468

0 371 73.82 29.92 0.631212 2021-06-24 18:46:27.770126 38 72 Cecile 184.417044
1 240 41.21 38.62 0.018931 2021-06-24 18:46:27.789057 47 110 rens 184.435975
2 76 19.69 27.88 0.000208 2021-06-24 18:46:27.789265 28 127 Noor 184.436183

0 31 12.01 29.92 0.026503 2021-06-24 18:46:27.947699 39 73 Cecile 184.594617
1 56 16.76 29.92 0.095534 2021-06-24 18:46:28.043233 70 196 Franko 184.690151
2 147 26.19 28.31 0.131931 2021-06-24 18:46:27.921196 22 90 Niels 184.568114

0 121 23.66 29.92 0.020075 2021-06-24 18:46:47.092951 43 80 Cecile 203.739869
1 176 30.09 29.92 0.046273 2021-06-24 18:46:47.072876 76 216 Franko 203.719794
2 44 14.51 29.92 0.020542 2021-06-24 18:46:47.026603 76 238 M 203.673521

0 295 51.75 29.92 0.014614 2021-06-24 18:47:00.677647 47 90 Cecile 217.324565
1 35 12.75 29.92 0.148329 2021-06-24 18:47:00.638588 82 229 Franko 217.285506
2 327 59.28 29.92 0.024445 2021-06-24 18:47:00.663033 79 252 M 217.309951

0 153 26.90 29.92 0.239077 2021-06-24 18:47:10.100247 48 92 Cecile 226.747165
1 49 15.48 29.92 0.092106 2021-06-24 18:47:10.192353 88 243 Franko 226.839271
2 99 21.91 28.31 0.075149 2021-06-24 18:47:10.267502 25 107 Niels 226.91442

0 99 21.91 29.92 0.062786 2021-06-24 18:47:40.774876 53 102 Cecile 257.421794
1 108 22.63 29.92 0.093876 2021-06-24 18:47:40.868752 98 273 Franko 257.51567
2 48 15.29 28.10 0.067495 2021-06-24 18:47:40.712090 46 176 Noor 257.359008

0 63 17.91 29.38 0.014845 2021-06-24 18:48:20.028948 60 118 Cecile 296.675866
1 61 17.60 3.82 0.023583 2021-06-24 18:48:20.052531 63 161 rens 296.699449
2 364 71.71 29.92 0.185484 2021-06-24 18:48:20.014103 107 343 M 296.661021

0 121 23.66 29.92 0.147972 2021-06-24 18:48:20.200503 61 118 Cecile 296.847421
1 371 73.82 29.92 0.017921 2021-06-24 18:48:20.258293 110 312 Franko 296.905211
2 88 20.96 28.31 0.039869 2021-06-24 18:48:20.240372 31 137 Niels 296.88729

0 96 21.67 29.38 0.037975 2021-06-24 18:48:41.422387 68 130 Cecile 318.069305
1 48 15.29 29.92 0.428111 2021-06-24 18:48:41.166215 122 335 Franko 317.813133
2 69 18.79 28.31 0.049027 2021-06-24 18:48:41.215242 33 143 Niels 317.86216

0 167 28.76 29.92 0.137983 2021-06-24 18:48:56.110181 75 140 Cecile 332.757099
1 49 15.48 -0.59 0.019921 2021-06-24 18:48:56.130102 73 187 rens 332.77702
2 44 14.51 28.31 0.048984 2021-06-24 18:48:56.179086 36 153 Niels 332.826004

0 71 19.06 29.92 0.017973 2021-06-24 18:49:03.478088 77 142 Cecile 340.125006
1 408 90.57 73.75 0.000994 2021-06-24 18:49:03.479082 74 189 rens 340.126
2 101 22.08 27.88 0.56592 2021-06-24 18:49:03.460115 59 230 Noor 340.107033

0 31 12.01 29.92 0.037374 2021-06-24 18:49:04.866258 78 143 Cecile 341.513176
1 30 11.83 29.92 0.321455 2021-06-24 18:49:04.828884 133 367 Franko 341.475802
2 432 101.61 29.92 0.063452 2021-06-24 18:49:04.929710 119 402 M 341.576628

0 337 62.30 29.92 0.0149 2021-06-24 18:49:08.453321 79 144 Cecile 345.100239
1 172 29.49 25.52 0.135407 2021-06-24 18:49:08.397276 75 192 rens 345.044194
2 114 23.10 29.92 0.041145 2021-06-24 18:49:08.438421 120 404 M 345.085339

0 127 24.18 29.92 0.375839 2021-06-24 18:49:16.981965 81 146 Cecile 353.628883
1 540 166.11 29.92 0.097934 2021-06-24 18:49:17.079899 135 380 Franko 353.726817
2 88 20.96 28.31 0.020711 2021-06-24 18:49:17.100610 39 161 Niels 353.747528

0 60 17.43 29.92 0.013833 2021-06-24 18:49:24.979058 82 147 Cecile 361.625976
1 34 12.56 29.92 1.016453 2021-06-24 18:49:24.865250 140 393 Franko 361.512168
2 56 16.76 29.92 0.099975 2021-06-24 18:49:24.965225 125 416 M 361.612143

0 56 16.76 29.92 0.014915 2021-06-24 18:49:28.454052 83 148 Cecile 365.10097
1 63 17.91 29.92 0.003913 2021-06-24 18:49:28.457965 142 396 Franko 365.104883
2 319 57.64 29.92 0.118473 2021-06-24 18:49:28.439137 127 422 M 365.086055

0 92 21.32 29.92 0.015719 2021-06-24 18:49:29.169712 84 149 Cecile 365.81663
1 71 19.06 7.47 0.180317 2021-06-24 18:49:29.153993 80 207 rens 365.800911
2 79 20.03 29.92 0.09374 2021-06-24 18:49:29.272096 129 424 M 365.919014

0 103 22.23 29.38 0.033595 2021-06-24 18:49:32.194684 85 151 Cecile 368.841602
1 66 18.36 29.92 0.09273 2021-06-24 18:49:32.161089 144 404 Franko 368.808007
2 96 21.67 29.92 0.080931 2021-06-24 18:49:32.068359 130 427 M 368.715277

0 38 13.33 29.92 0.019976 2021-06-24 18:49:34.107211 86 153 Cecile 370.754129
1 358 69.10 29.92 0.075622 2021-06-24 18:49:34.087235 145 406 Franko 370.734153
2 103 22.23 27.77 0.300751 2021-06-24 18:49:34.011613 63 249 Noor 370.658531

0 169 29.05 29.38 0.098904 2021-06-24 18:49:52.049196 91 164 Cecile 388.696114
1 51 15.86 29.92 0.339664 2021-06-24 18:49:51.890528 153 418 Franko 388.537446
2 73 19.32 29.92 0.059764 2021-06-24 18:49:51.950292 135 448 M 388.59721

0 79 20.03 29.92 0.066976 2021-06-24 18:50:04.040096 94 170 Cecile 400.687014
1 108 22.63 13.92 0.043566 2021-06-24 18:50:04.160019 85 223 rens 400.806937
2 275 47.73 29.92 0.258726 2021-06-24 18:50:03.973120 139 460 M 400.620038

