# layer adc volt temp timediff time detector_muon_count detector_count detector_name
1 83 20.46 27.34 0.063649 2021-06-18 15:16:09.066938 421 644 Florian 4468.48476
1 217 37.04 27.34 0.000187 2021-06-18 15:16:09.067125 229 383 M 4468.484947
2 49 15.48 27.13 0.858975 2021-06-18 15:16:09.926100 650 3976 CarloCosmicWatch 4469.343922
1 476 129.76 27.13 0.032541 2021-06-18 15:16:09.958641 421 645 Florian 4469.376463
1 92 21.32 27.34 0.000181 2021-06-18 15:16:09.958822 229 384 M 4469.376644
2 529 156.43 27.34 0.33022 2021-06-18 15:16:10.289042 651 3977 CarloCosmicWatch 4469.706864
2 124 23.92 27.34 0.575925 2021-06-18 15:16:10.864967 651 3978 CarloCosmicWatch 4470.282789
2 327 59.28 27.13 0.396452 2021-06-18 15:16:11.261419 651 3979 CarloCosmicWatch 4470.679241
1 92 21.32 27.34 0.033569 2021-06-18 15:16:11.294988 422 646 Florian 4470.71281
1 127 24.18 27.34 0.000177 2021-06-18 15:16:11.295165 229 385 M 4470.712987
2 159 27.66 27.34 0.786643 2021-06-18 15:16:12.081808 652 3980 CarloCosmicWatch 4471.49963
1 97 21.75 27.34 0.033615 2021-06-18 15:16:12.115423 423 647 Florian 4471.533245
2 48 15.29 27.34 0.157476 2021-06-18 15:16:12.272899 653 3981 CarloCosmicWatch 4471.690721
1 231 39.55 27.34 1.366661 2021-06-18 15:16:13.639560 229 386 M 4473.057382
2 240 41.21 27.24 0.020044 2021-06-18 15:16:13.659604 653 3982 CarloCosmicWatch 4473.077426
1 275 47.73 27.34 0.013528 2021-06-18 15:16:13.673132 424 648 Florian 4473.090954
2 78 19.92 27.34 0.368176 2021-06-18 15:16:14.041308 654 3983 CarloCosmicWatch 4473.45913
1 51 15.86 27.34 1.144708 2021-06-18 15:16:15.186016 424 649 Florian 4474.603838
2 236 40.44 27.13 0.025216 2021-06-18 15:16:15.211232 654 3984 CarloCosmicWatch 4474.629054
2 56 16.76 27.34 0.251277 2021-06-18 15:16:15.462509 655 3985 CarloCosmicWatch 4474.880331
2 156 27.28 27.13 1.325532 2021-06-18 15:16:16.788041 655 3986 CarloCosmicWatch 4476.205863
1 103 22.23 27.34 0.791717 2021-06-18 15:16:17.579758 230 387 M 4476.99758
2 216 36.85 27.34 0.020129 2021-06-18 15:16:17.599887 655 3987 CarloCosmicWatch 4477.017709
1 271 46.93 27.34 0.013584 2021-06-18 15:16:17.613471 425 650 Florian 4477.031293
2 167 28.76 27.34 2.869389 2021-06-18 15:16:20.482860 656 3988 CarloCosmicWatch 4479.900682
2 92 21.32 27.13 0.53448 2021-06-18 15:16:21.017340 656 3989 CarloCosmicWatch 4480.435162
2 210 35.78 27.34 3.28544 2021-06-18 15:16:24.302780 656 3990 CarloCosmicWatch 4483.720602
2 62 17.75 27.34 0.168211 2021-06-18 15:16:24.470991 656 3991 CarloCosmicWatch 4483.888813
2 112 22.94 27.34 1.30821 2021-06-18 15:16:25.779201 656 3992 CarloCosmicWatch 4485.197023
1 177 30.25 27.34 0.246545 2021-06-18 15:16:26.025746 425 651 Florian 4485.443568
1 271 46.93 27.34 0.026149 2021-06-18 15:16:26.051895 231 388 M 4485.469717
2 131 24.54 27.34 0.00016 2021-06-18 15:16:26.052055 656 3993 CarloCosmicWatch 4485.469877
2 78 19.92 27.13 0.137219 2021-06-18 15:16:26.189274 657 3994 CarloCosmicWatch 4485.607096
2 176 30.09 27.34 0.207156 2021-06-18 15:16:26.396430 657 3995 CarloCosmicWatch 4485.814252
1 83 20.46 27.13 0.033548 2021-06-18 15:16:26.429978 425 652 Florian 4485.8478
1 57 16.93 27.34 0.000176 2021-06-18 15:16:26.430154 232 389 M 4485.847976
2 176 30.09 27.34 1.311822 2021-06-18 15:16:27.741976 658 3996 CarloCosmicWatch 4487.159798
2 79 20.03 27.34 5.329332 2021-06-18 15:16:33.071308 658 3997 CarloCosmicWatch 4492.48913
2 403 88.99 27.34 0.706551 2021-06-18 15:16:33.777859 658 3998 CarloCosmicWatch 4493.195681
2 101 22.08 27.34 0.145582 2021-06-18 15:16:33.923441 658 3999 CarloCosmicWatch 4493.341263
2 295 51.75 27.13 1.131261 2021-06-18 15:16:35.054702 658 4000 CarloCosmicWatch 4494.472524
1 121 23.66 27.34 0.033719 2021-06-18 15:16:35.088421 426 653 Florian 4494.506243
2 49 15.48 27.13 0.615906 2021-06-18 15:16:35.704327 659 4001 CarloCosmicWatch 4495.122149
2 62 17.75 27.13 2.791478 2021-06-18 15:16:38.495805 659 4002 CarloCosmicWatch 4497.913627
1 79 20.03 27.34 0.221874 2021-06-18 15:16:38.717679 232 390 M 4498.135501
2 387 81.05 27.13 0.019086 2021-06-18 15:16:38.736765 659 4003 CarloCosmicWatch 4498.154587
1 131 24.54 27.34 0.014496 2021-06-18 15:16:38.751261 427 654 Florian 4498.169083
2 112 22.94 27.24 1.349714 2021-06-18 15:16:40.100975 660 4004 CarloCosmicWatch 4499.518797
2 78 19.92 27.34 0.11363 2021-06-18 15:16:40.214605 660 4005 CarloCosmicWatch 4499.632427
2 121 23.66 27.34 1.387083 2021-06-18 15:16:41.601688 660 4006 CarloCosmicWatch 4501.01951
2 78 19.92 27.34 0.033794 2021-06-18 15:16:41.635482 660 4007 CarloCosmicWatch 4501.053304
2 231 39.55 27.34 0.81933 2021-06-18 15:16:42.454812 660 4008 CarloCosmicWatch 4501.872634
2 319 57.64 27.34 0.80745 2021-06-18 15:16:43.262262 660 4009 CarloCosmicWatch 4502.680084
2 163 28.20 27.34 0.77457 2021-06-18 15:16:44.036832 660 4010 CarloCosmicWatch 4503.454654
2 177 30.25 27.34 0.421648 2021-06-18 15:16:44.458480 660 4011 CarloCosmicWatch 4503.876302
1 177 30.25 27.34 0.033699 2021-06-18 15:16:44.492179 427 655 Florian 4503.910001
2 120 23.58 27.13 0.788006 2021-06-18 15:16:45.280185 661 4012 CarloCosmicWatch 4504.698007
2 216 36.85 27.34 0.303306 2021-06-18 15:16:45.583491 661 4013 CarloCosmicWatch 4505.001313
1 67 18.51 27.34 0.033594 2021-06-18 15:16:45.617085 428 656 Florian 4505.034907
1 79 20.03 27.34 0.000175 2021-06-18 15:16:45.617260 233 391 M 4505.035082
2 56 16.76 27.13 0.376557 2021-06-18 15:16:45.993817 662 4014 CarloCosmicWatch 4505.411639
2 334 61.44 27.34 0.631814 2021-06-18 15:16:46.625631 662 4015 CarloCosmicWatch 4506.043453
2 49 15.48 27.13 0.549765 2021-06-18 15:16:47.175396 662 4016 CarloCosmicWatch 4506.593218
2 211 35.96 27.34 0.236175 2021-06-18 15:16:47.411571 662 4017 CarloCosmicWatch 4506.829393
2 89 21.05 27.34 3.891481 2021-06-18 15:16:51.303052 662 4018 CarloCosmicWatch 4510.720874
2 56 16.76 27.34 0.498016 2021-06-18 15:16:51.801068 662 4019 CarloCosmicWatch 4511.21889
2 62 17.75 27.34 0.81601 2021-06-18 15:16:52.617078 662 4020 CarloCosmicWatch 4512.0349
2 389 81.58 27.34 1.722239 2021-06-18 15:16:54.339317 662 4021 CarloCosmicWatch 4513.757139
1 195 33.17 27.34 0.033787 2021-06-18 15:16:54.373104 429 657 Florian 4513.790926
1 83 20.46 27.34 0.000179 2021-06-18 15:16:54.373283 233 392 M 4513.791105
2 89 21.05 27.34 0.000156 2021-06-18 15:16:54.373439 663 4022 CarloCosmicWatch 4513.791261
2 51 15.86 27.34 1.922665 2021-06-18 15:16:56.296104 663 4023 CarloCosmicWatch 4515.713926
2 268 46.26 27.34 4.440475 2021-06-18 15:17:00.736579 663 4024 CarloCosmicWatch 4520.154401
2 89 21.05 27.34 1.658051 2021-06-18 15:17:02.394630 663 4025 CarloCosmicWatch 4521.812452
1 96 21.67 27.34 0.032624 2021-06-18 15:17:02.427254 430 658 Florian 4521.845076
2 192 32.67 27.13 0.507639 2021-06-18 15:17:02.934893 664 4026 CarloCosmicWatch 4522.352715
1 113 23.02 27.34 0.033761 2021-06-18 15:17:02.968654 431 659 Florian 4522.386476
2 125 24.00 27.13 0.422717 2021-06-18 15:17:03.391371 665 4027 CarloCosmicWatch 4522.809193
2 359 69.86 27.34 2.99108 2021-06-18 15:17:06.382451 665 4028 CarloCosmicWatch 4525.800273
2 81 20.25 27.34 2.174728 2021-06-18 15:17:08.557179 665 4029 CarloCosmicWatch 4527.975001
2 99 21.91 27.34 1.63327 2021-06-18 15:17:10.190449 665 4030 CarloCosmicWatch 4529.608271
2 253 43.55 27.13 0.654172 2021-06-18 15:17:10.844621 665 4031 CarloCosmicWatch 4530.262443
1 70 18.93 27.34 0.033641 2021-06-18 15:17:10.878262 432 660 Florian 4530.296084
2 51 15.86 27.34 1.032786 2021-06-18 15:17:11.911048 666 4032 CarloCosmicWatch 4531.32887
2 103 22.23 27.34 2.562147 2021-06-18 15:17:14.473195 666 4033 CarloCosmicWatch 4533.891017
2 143 25.74 27.34 0.361268 2021-06-18 15:17:14.834463 666 4034 CarloCosmicWatch 4534.252285
2 62 17.75 27.34 1.166419 2021-06-18 15:17:16.000882 666 4035 CarloCosmicWatch 4535.418704
2 60 17.43 27.34 2.881236 2021-06-18 15:17:18.882118 666 4036 CarloCosmicWatch 4538.29994
2 204 34.73 27.34 0.703813 2021-06-18 15:17:19.585931 666 4037 CarloCosmicWatch 4539.003753
1 271 46.93 27.34 0.033688 2021-06-18 15:17:19.619619 433 661 Florian 4539.037441
2 57 16.93 27.34 3.99816 2021-06-18 15:17:23.617779 667 4038 CarloCosmicWatch 4543.035601
2 135 24.92 27.34 0.145894 2021-06-18 15:17:23.763673 667 4039 CarloCosmicWatch 4543.181495
2 60 17.43 27.34 0.033803 2021-06-18 15:17:23.797476 667 4040 CarloCosmicWatch 4543.215298
2 199 33.86 27.34 1.318721 2021-06-18 15:17:25.116197 667 4041 CarloCosmicWatch 4544.534019
2 275 47.73 27.34 0.465127 2021-06-18 15:17:25.581324 667 4042 CarloCosmicWatch 4544.999146
2 115 23.18 27.34 0.72501 2021-06-18 15:17:26.306334 667 4043 CarloCosmicWatch 4545.724156
2 69 18.79 27.34 0.178863 2021-06-18 15:17:26.485197 667 4044 CarloCosmicWatch 4545.903019
1 99 21.91 27.34 1.557845 2021-06-18 15:17:28.043042 233 393 M 4547.460864
2 216 36.85 27.34 0.018966 2021-06-18 15:17:28.062008 667 4045 CarloCosmicWatch 4547.47983
1 339 62.98 27.34 0.014665 2021-06-18 15:17:28.076673 434 662 Florian 4547.494495
2 48 15.29 27.34 0.548342 2021-06-18 15:17:28.625015 668 4046 CarloCosmicWatch 4548.042837
2 67 18.51 27.13 0.238793 2021-06-18 15:17:28.863808 668 4047 CarloCosmicWatch 4548.28163
2 89 21.05 27.34 1.80826 2021-06-18 15:17:30.672068 668 4048 CarloCosmicWatch 4550.08989
2 95 21.58 27.13 0.114455 2021-06-18 15:17:30.786523 668 4049 CarloCosmicWatch 4550.204345
2 60 17.43 27.34 0.968945 2021-06-18 15:17:31.755468 668 4050 CarloCosmicWatch 4551.17329
2 167 28.76 27.34 1.987524 2021-06-18 15:17:33.742992 668 4051 CarloCosmicWatch 4553.160814
1 120 23.58 27.34 0.033564 2021-06-18 15:17:33.776556 434 663 Florian 4553.194378
2 56 16.76 27.34 0.969825 2021-06-18 15:17:34.746381 669 4052 CarloCosmicWatch 4554.164203
2 62 17.75 27.34 1.119639 2021-06-18 15:17:35.866020 669 4053 CarloCosmicWatch 4555.283842
2 220 37.58 27.34 0.260183 2021-06-18 15:17:36.126203 669 4054 CarloCosmicWatch 4555.544025
2 231 39.55 27.34 2.388001 2021-06-18 15:17:38.514204 669 4055 CarloCosmicWatch 4557.932026
2 67 18.51 27.34 0.157143 2021-06-18 15:17:38.671347 669 4056 CarloCosmicWatch 4558.089169
2 159 27.66 27.34 2.905283 2021-06-18 15:17:41.576630 669 4057 CarloCosmicWatch 4560.994452
2 162 28.06 27.34 3.857685 2021-06-18 15:17:45.434315 669 4058 CarloCosmicWatch 4564.852137
2 96 21.67 27.34 0.146756 2021-06-18 15:17:45.581071 669 4059 CarloCosmicWatch 4564.998893
2 284 49.41 27.34 0.212084 2021-06-18 15:17:45.793155 669 4060 CarloCosmicWatch 4565.210977
2 56 16.76 27.34 0.53271 2021-06-18 15:17:46.325865 669 4061 CarloCosmicWatch 4565.743687
1 414 93.93 27.34 0.396451 2021-06-18 15:17:46.722316 234 394 M 4566.140138
2 176 30.09 27.13 0.020084 2021-06-18 15:17:46.742400 669 4062 CarloCosmicWatch 4566.160222
1 384 80.08 27.34 0.013498 2021-06-18 15:17:46.755898 435 664 Florian 4566.17372
2 408 90.57 27.13 0.371416 2021-06-18 15:17:47.127314 670 4063 CarloCosmicWatch 4566.545136
1 99 21.91 27.34 0.033605 2021-06-18 15:17:47.160919 435 665 Florian 4566.578741
1 78 19.92 27.34 0.000179 2021-06-18 15:17:47.161098 235 395 M 4566.57892
2 62 17.75 27.34 2.913105 2021-06-18 15:17:50.074203 671 4064 CarloCosmicWatch 4569.492025
2 71 19.06 27.34 0.342371 2021-06-18 15:17:50.416574 671 4065 CarloCosmicWatch 4569.834396
2 67 18.51 27.34 0.716548 2021-06-18 15:17:51.133122 671 4066 CarloCosmicWatch 4570.550944
2 71 19.06 27.34 5.238428 2021-06-18 15:17:56.371550 671 4067 CarloCosmicWatch 4575.789372
2 78 19.92 27.34 0.511046 2021-06-18 15:17:56.882596 671 4068 CarloCosmicWatch 4576.300418
2 60 17.43 27.34 2.727743 2021-06-18 15:17:59.610339 671 4069 CarloCosmicWatch 4579.028161
2 192 32.67 27.13 0.094104 2021-06-18 15:17:59.704443 671 4070 CarloCosmicWatch 4579.122265
2 62 17.75 27.34 0.111388 2021-06-18 15:17:59.815831 671 4071 CarloCosmicWatch 4579.233653
2 76 19.69 27.34 0.471483 2021-06-18 15:18:00.287314 671 4072 CarloCosmicWatch 4579.705136
1 204 34.73 27.34 0.927602 2021-06-18 15:18:01.214916 235 396 M 4580.632738
2 127 24.18 27.34 0.020088 2021-06-18 15:18:01.235004 671 4073 CarloCosmicWatch 4580.652826
1 103 22.23 27.34 0.013645 2021-06-18 15:18:01.248649 436 666 Florian 4580.666471
2 78 19.92 27.34 0.725581 2021-06-18 15:18:01.974230 672 4074 CarloCosmicWatch 4581.392052
2 127 24.18 27.34 0.778607 2021-06-18 15:18:02.752837 672 4075 CarloCosmicWatch 4582.170659
1 92 21.32 27.34 6.919126 2021-06-18 15:18:09.671963 236 397 M 4589.089785
2 295 51.75 27.34 0.018734 2021-06-18 15:18:09.690697 672 4076 CarloCosmicWatch 4589.108519
1 115 23.18 27.34 0.015027 2021-06-18 15:18:09.705724 436 667 Florian 4589.123546
2 79 20.03 27.34 0.248604 2021-06-18 15:18:09.954328 673 4077 CarloCosmicWatch 4589.37215
2 71 19.06 27.34 0.071784 2021-06-18 15:18:10.026112 673 4078 CarloCosmicWatch 4589.443934
2 79 20.03 27.34 0.886485 2021-06-18 15:18:10.912597 673 4079 CarloCosmicWatch 4590.330419
1 79 20.03 27.34 0.348413 2021-06-18 15:18:11.261010 237 398 M 4590.678832
2 184 31.36 27.34 0.019151 2021-06-18 15:18:11.280161 673 4080 CarloCosmicWatch 4590.697983
1 172 29.49 27.34 0.014565 2021-06-18 15:18:11.294726 436 668 Florian 4590.712548
2 79 20.03 27.34 1.735138 2021-06-18 15:18:13.029864 674 4081 CarloCosmicWatch 4592.447686
2 71 19.06 27.34 1.227686 2021-06-18 15:18:14.257550 674 4082 CarloCosmicWatch 4593.675372
2 185 31.51 27.34 0.382443 2021-06-18 15:18:14.639993 674 4083 CarloCosmicWatch 4594.057815
1 71 19.06 27.34 0.033806 2021-06-18 15:18:14.673799 436 669 Florian 4594.091621
2 88 20.96 27.34 0.00018 2021-06-18 15:18:14.673979 675 4084 CarloCosmicWatch 4594.091801
2 176 30.09 27.34 0.373493 2021-06-18 15:18:15.047472 675 4085 CarloCosmicWatch 4594.465294
2 51 15.86 27.34 0.407101 2021-06-18 15:18:15.454573 675 4086 CarloCosmicWatch 4594.872395
2 207 35.26 27.34 0.27016 2021-06-18 15:18:15.724733 675 4087 CarloCosmicWatch 4595.142555
2 108 22.63 27.34 2.021081 2021-06-18 15:18:17.745814 675 4088 CarloCosmicWatch 4597.163636
2 312 55.68 27.34 0.637301 2021-06-18 15:18:18.383115 675 4089 CarloCosmicWatch 4597.800937
2 147 26.19 27.34 0.079136 2021-06-18 15:18:18.462251 675 4090 CarloCosmicWatch 4597.880073
2 159 27.66 27.34 2.496503 2021-06-18 15:18:20.958754 675 4091 CarloCosmicWatch 4600.376576
2 48 15.29 27.34 0.816099 2021-06-18 15:18:21.774853 675 4092 CarloCosmicWatch 4601.192675
2 327 59.28 27.34 0.195054 2021-06-18 15:18:21.969907 675 4093 CarloCosmicWatch 4601.387729
1 103 22.23 27.34 0.03381 2021-06-18 15:18:22.003717 437 670 Florian 4601.421539
1 126 24.09 27.34 0.000178 2021-06-18 15:18:22.003895 238 399 M 4601.421717
2 176 30.09 27.34 0.000148 2021-06-18 15:18:22.004043 676 4094 CarloCosmicWatch 4601.421865
2 318 57.28 27.34 1.331073 2021-06-18 15:18:23.335116 676 4095 CarloCosmicWatch 4602.752938
2 89 21.05 27.34 1.558131 2021-06-18 15:18:24.893247 676 4096 CarloCosmicWatch 4604.311069
2 227 38.83 27.34 2.338929 2021-06-18 15:18:27.232176 676 4097 CarloCosmicWatch 4606.649998
2 56 16.76 27.34 2.280424 2021-06-18 15:18:29.512600 676 4098 CarloCosmicWatch 4608.930422
2 433 104.37 27.34 1.729104 2021-06-18 15:18:31.241704 676 4099 CarloCosmicWatch 4610.659526
2 67 18.51 27.34 1.400613 2021-06-18 15:18:32.642317 676 4100 CarloCosmicWatch 4612.060139
2 112 22.94 27.34 1.014416 2021-06-18 15:18:33.656733 676 4101 CarloCosmicWatch 4613.074555
2 108 22.63 27.34 1.466555 2021-06-18 15:18:35.123288 676 4102 CarloCosmicWatch 4614.54111
2 199 33.86 27.34 0.998362 2021-06-18 15:18:36.121650 676 4103 CarloCosmicWatch 4615.539472
2 78 19.92 27.34 0.198716 2021-06-18 15:18:36.320366 676 4104 CarloCosmicWatch 4615.738188
2 79 20.03 27.34 2.331495 2021-06-18 15:18:38.651861 676 4105 CarloCosmicWatch 4618.069683
2 281 48.90 27.34 0.033811 2021-06-18 15:18:38.685672 676 4106 CarloCosmicWatch 4618.103494
2 51 15.86 27.34 0.671372 2021-06-18 15:18:39.357044 676 4107 CarloCosmicWatch 4618.774866
2 97 21.75 27.34 2.012477 2021-06-18 15:18:41.369521 676 4108 CarloCosmicWatch 4620.787343
2 231 39.55 27.34 0.50478 2021-06-18 15:18:41.874301 676 4109 CarloCosmicWatch 4621.292123
1 82 20.36 27.34 0.033735 2021-06-18 15:18:41.908036 438 671 Florian 4621.325858
2 280 48.67 27.34 0.659343 2021-06-18 15:18:42.567379 677 4110 CarloCosmicWatch 4621.985201
2 359 69.86 27.34 0.489461 2021-06-18 15:18:43.056840 677 4111 CarloCosmicWatch 4622.474662
1 159 27.66 27.34 0.033721 2021-06-18 15:18:43.090561 439 672 Florian 4622.508383
2 335 61.77 27.34 1.003605 2021-06-18 15:18:44.094166 678 4112 CarloCosmicWatch 4623.511988
1 127 24.18 27.34 0.033605 2021-06-18 15:18:44.127771 440 673 Florian 4623.545593
2 71 19.06 27.34 1.114788 2021-06-18 15:18:45.242559 679 4113 CarloCosmicWatch 4624.660381
2 174 29.79 27.34 1.31555 2021-06-18 15:18:46.558109 679 4114 CarloCosmicWatch 4625.975931
2 376 76.43 27.34 0.429938 2021-06-18 15:18:46.988047 679 4115 CarloCosmicWatch 4626.405869
2 217 37.04 27.34 3.967994 2021-06-18 15:18:50.956041 679 4116 CarloCosmicWatch 4630.373863
2 176 30.09 27.34 0.126556 2021-06-18 15:18:51.082597 679 4117 CarloCosmicWatch 4630.500419
2 57 16.93 27.13 1.365398 2021-06-18 15:18:52.447995 679 4118 CarloCosmicWatch 4631.865817
2 63 17.91 27.34 0.874126 2021-06-18 15:18:53.322121 679 4119 CarloCosmicWatch 4632.739943
2 284 49.41 27.34 0.691741 2021-06-18 15:18:54.013862 679 4120 CarloCosmicWatch 4633.431684
2 275 47.73 27.34 0.205656 2021-06-18 15:18:54.219518 679 4121 CarloCosmicWatch 4633.63734
2 216 36.85 27.34 0.743924 2021-06-18 15:18:54.963442 679 4122 CarloCosmicWatch 4634.381264
1 108 22.63 27.34 0.033623 2021-06-18 15:18:54.997065 441 674 Florian 4634.414887
2 371 73.82 27.34 0.259828 2021-06-18 15:18:55.256893 680 4123 CarloCosmicWatch 4634.674715
2 243 41.74 27.34 2.826787 2021-06-18 15:18:58.083680 680 4124 CarloCosmicWatch 4637.501502
1 127 24.18 27.34 0.033595 2021-06-18 15:18:58.117275 442 675 Florian 4637.535097
2 527 155.96 27.34 0.016583 2021-06-18 15:18:58.133858 681 4125 CarloCosmicWatch 4637.55168
2 79 20.03 27.34 0.882627 2021-06-18 15:18:59.016485 681 4126 CarloCosmicWatch 4638.434307
2 99 21.91 27.34 1.202112 2021-06-18 15:19:00.218597 681 4127 CarloCosmicWatch 4639.636419
2 71 19.06 27.34 2.114343 2021-06-18 15:19:02.332940 681 4128 CarloCosmicWatch 4641.750762
2 57 16.93 27.34 3.042085 2021-06-18 15:19:05.375025 681 4129 CarloCosmicWatch 4644.792847
2 78 19.92 27.34 0.482148 2021-06-18 15:19:05.857173 681 4130 CarloCosmicWatch 4645.274995
2 192 32.67 27.34 1.276197 2021-06-18 15:19:07.133370 681 4131 CarloCosmicWatch 4646.551192
2 62 17.75 27.34 0.661464 2021-06-18 15:19:07.794834 681 4132 CarloCosmicWatch 4647.212656
2 199 33.86 27.34 0.613106 2021-06-18 15:19:08.407940 681 4133 CarloCosmicWatch 4647.825762
2 103 22.23 27.34 0.716223 2021-06-18 15:19:09.124163 681 4134 CarloCosmicWatch 4648.541985
1 204 34.73 27.34 4.644064 2021-06-18 15:19:13.768227 238 400 M 4653.186049
2 112 22.94 27.34 0.020165 2021-06-18 15:19:13.788392 681 4135 CarloCosmicWatch 4653.206214
1 335 61.77 27.34 0.013581 2021-06-18 15:19:13.801973 443 676 Florian 4653.219795
2 63 17.91 27.34 0.210755 2021-06-18 15:19:14.012728 682 4136 CarloCosmicWatch 4653.43055
2 92 21.32 27.34 0.033767 2021-06-18 15:19:14.046495 682 4137 CarloCosmicWatch 4653.464317
2 307 54.48 27.34 3.764628 2021-06-18 15:19:17.811123 682 4138 CarloCosmicWatch 4657.228945
1 177 30.25 27.45 0.033773 2021-06-18 15:19:17.844896 443 677 Florian 4657.262718
2 153 26.90 27.34 0.308966 2021-06-18 15:19:18.153862 683 4139 CarloCosmicWatch 4657.571684
1 583 201.26 27.34 0.033603 2021-06-18 15:19:18.187465 444 678 Florian 4657.605287
2 108 22.63 27.34 0.038158 2021-06-18 15:19:18.225623 684 4140 CarloCosmicWatch 4657.643445
2 286 49.78 27.34 0.530695 2021-06-18 15:19:18.756318 684 4141 CarloCosmicWatch 4658.17414
2 384 80.08 27.34 0.754592 2021-06-18 15:19:19.510910 684 4142 CarloCosmicWatch 4658.928732
2 332 61.17 27.34 1.02562 2021-06-18 15:19:20.536530 684 4143 CarloCosmicWatch 4659.954352
2 364 71.71 27.34 0.718061 2021-06-18 15:19:21.254591 684 4144 CarloCosmicWatch 4660.672413
2 302 53.30 27.34 1.259341 2021-06-18 15:19:22.513932 684 4145 CarloCosmicWatch 4661.931754
1 263 45.37 27.34 0.033605 2021-06-18 15:19:22.547537 445 679 Florian 4661.965359
1 327 59.28 27.34 0.000181 2021-06-18 15:19:22.547718 239 401 M 4661.96554
2 295 51.75 27.34 0.918032 2021-06-18 15:19:23.465750 685 4146 CarloCosmicWatch 4662.883572
2 184 31.36 27.34 4.058979 2021-06-18 15:19:27.524729 685 4147 CarloCosmicWatch 4666.942551
1 140 25.42 27.34 0.033681 2021-06-18 15:19:27.558410 446 680 Florian 4666.976232
1 255 43.96 27.34 0.000178 2021-06-18 15:19:27.558588 239 402 M 4666.97641
2 51 15.86 27.34 0.149717 2021-06-18 15:19:27.708305 686 4148 CarloCosmicWatch 4667.126127
1 60 17.43 27.34 1.078365 2021-06-18 15:19:28.786670 239 403 M 4668.204492
2 127 24.18 27.34 0.019068 2021-06-18 15:19:28.805738 686 4149 CarloCosmicWatch 4668.22356
1 63 17.91 27.34 0.01468 2021-06-18 15:19:28.820418 447 681 Florian 4668.23824
2 492 134.92 27.34 0.00017 2021-06-18 15:19:28.820588 687 4150 CarloCosmicWatch 4668.23841
2 57 16.93 27.34 3.07821 2021-06-18 15:19:31.898798 687 4151 CarloCosmicWatch 4671.31662
2 112 22.94 27.34 0.705406 2021-06-18 15:19:32.604204 687 4152 CarloCosmicWatch 4672.022026
2 135 24.92 27.34 0.561749 2021-06-18 15:19:33.165953 687 4153 CarloCosmicWatch 4672.583775
2 97 21.75 27.34 0.85109 2021-06-18 15:19:34.017043 687 4154 CarloCosmicWatch 4673.434865
