# layer adc volt temp timediff time detector_muon_count detector_count detector_name
0 88 20.96 26.05 0.179235 2021-06-21 15:25:35.625158 25 147 Florian 190.366769
1 63 17.91 26.70 0.020032 2021-06-21 15:25:35.645190 27 88 Cecile 190.386801
2 409 91.12 24.44 0.031209 2021-06-21 15:25:35.676399 7 26 MattiaCosmicWatch 190.41801

0 287 50.23 26.05 0.030318 2021-06-21 15:26:44.796579 35 194 Florian 259.53819
1 112 22.94 26.70 0.000993 2021-06-21 15:26:44.797572 35 107 Cecile 259.539183
2 306 54.23 24.44 0.656993 2021-06-21 15:26:44.766261 9 33 MattiaCosmicWatch 259.507872

0 71 19.06 26.05 1.002258 2021-06-21 15:27:49.517101 41 232 Florian 324.258712
1 69 18.79 26.70 0.019928 2021-06-21 15:27:49.537029 43 131 Cecile 324.27864
2 124 23.92 24.44 0.000166 2021-06-21 15:27:49.537195 11 43 MattiaCosmicWatch 324.278806

0 227 38.83 26.05 0.000157 2021-06-21 15:29:35.991898 52 311 Florian 430.733509
1 103 22.23 26.70 0.28006 2021-06-21 15:29:35.971883 56 164 Cecile 430.713494
2 67 18.51 9.30 0.019858 2021-06-21 15:29:35.991741 11 64 rens 430.733352

0 255 43.96 26.05 0.030585 2021-06-21 15:33:34.585728 73 507 Florian 669.327339
1 158 27.53 27.34 0.00017 2021-06-21 15:33:34.585898 76 246 Cecile 669.327509
2 53 16.22 24.44 0.252529 2021-06-21 15:33:34.555143 12 87 MattiaCosmicWatch 669.296754

0 135 24.92 26.05 0.020139 2021-06-21 15:36:12.553059 90 633 Florian 827.29467
1 82 20.36 27.34 0.216895 2021-06-21 15:36:12.532920 88 297 Cecile 827.274531
2 101 22.08 10.59 0.022721 2021-06-21 15:36:12.575780 21 120 rens 827.317391

0 361 70.62 26.05 0.193307 2021-06-21 15:44:27.869887 132 1022 Florian 1322.611498
1 103 22.23 27.13 0.024073 2021-06-21 15:44:27.893960 120 471 Cecile 1322.635571
2 79 20.03 24.44 0.00028 2021-06-21 15:44:27.894240 26 166 MattiaCosmicWatch 1322.635851

0 275 47.73 26.05 0.02102 2021-06-21 15:49:30.994549 166 1289 Florian 1625.73616
1 79 20.03 26.70 0.992572 2021-06-21 15:49:30.973529 149 581 Cecile 1625.71514
2 79 20.03 9.30 0.003614 2021-06-21 15:49:30.998163 33 217 rens 1625.739774

0 127 24.18 26.05 0.014211 2021-06-21 15:56:48.364652 201 1611 Florian 2063.106263
1 88 20.96 27.13 1.911213 2021-06-21 15:56:48.329207 183 701 Cecile 2063.070818
2 122 23.75 24.44 0.021234 2021-06-21 15:56:48.350441 39 250 MattiaCosmicWatch 2063.092052

0 249 42.85 26.05 0.032632 2021-06-21 15:58:52.231344 216 1707 Florian 2186.972955
1 270 46.71 27.13 0.000183 2021-06-21 15:58:52.231527 196 741 Cecile 2186.973138
2 67 18.51 24.44 0.62089 2021-06-21 15:58:52.198712 42 268 MattiaCosmicWatch 2186.940323

0 192 32.67 26.05 0.100259 2021-06-21 16:02:01.031637 232 1868 Florian 2375.773248
1 71 19.06 26.91 0.024129 2021-06-21 16:02:01.055766 209 802 Cecile 2375.797377
2 85 20.67 11.88 0.0124 2021-06-21 16:02:01.068166 49 307 rens 2375.809777

0 110 22.78 26.05 0.014038 2021-06-21 16:04:40.117179 246 1996 Florian 2534.85879
1 204 34.73 27.13 0.017955 2021-06-21 16:04:40.103141 220 852 Cecile 2534.844752
2 79 20.03 9.73 0.997639 2021-06-21 16:04:40.085186 51 328 rens 2534.826797

