# layer adc volt temp timediff time detector_muon_count detector_count detector_name
1 385 80.11 71.17 10 2021-06-18 13:54:07.971618 0 1 rens 1.180647
2 254 43.77 27.34 0.011483 2021-06-18 13:54:07.983101 0 1 CarloCosmicWatch 1.19213
2 92 21.32 27.34 0.413185 2021-06-18 13:54:08.396286 1 2 CarloCosmicWatch 1.605315
2 99 21.91 27.34 1.635589 2021-06-18 13:54:10.031875 1 3 CarloCosmicWatch 3.240904
1 71 19.06 -2.84 0.023275 2021-06-18 13:54:10.055150 1 2 rens 3.264179
2 51 15.86 27.34 2.654279 2021-06-18 13:54:12.709429 2 4 CarloCosmicWatch 5.918458
2 60 17.43 27.45 0.059777 2021-06-18 13:54:12.769206 2 5 CarloCosmicWatch 5.978235
2 184 31.36 27.34 0.528247 2021-06-18 13:54:13.297453 2 6 CarloCosmicWatch 6.506482
2 120 23.58 27.34 1.563818 2021-06-18 13:54:14.861271 2 7 CarloCosmicWatch 8.0703
2 255 43.96 27.45 0.152132 2021-06-18 13:54:15.013403 2 8 CarloCosmicWatch 8.222432
2 157 27.40 27.34 1.006945 2021-06-18 13:54:16.020348 2 9 CarloCosmicWatch 9.229377
2 78 19.92 27.45 2.686153 2021-06-18 13:54:18.706501 2 10 CarloCosmicWatch 11.91553
1 112 22.94 11.88 0.082999 2021-06-18 13:54:18.789500 2 3 rens 11.998529
1 63 17.91 27.34 0.013843 2021-06-18 13:54:18.803343 0 1 M 12.012372
2 294 51.51 27.34 0.000132 2021-06-18 13:54:18.803475 2 11 CarloCosmicWatch 12.012504
1 192 32.67 27.34 1.24226 2021-06-18 13:54:20.045735 1 2 M 13.254764
2 195 33.17 27.45 0.010494 2021-06-18 13:54:20.056229 3 12 CarloCosmicWatch 13.265258
1 499 141.24 94.38 0.015809 2021-06-18 13:54:20.072038 2 4 rens 13.281067
1 192 32.67 27.34 3.036038 2021-06-18 13:54:23.108076 2 3 M 16.317105
2 207 35.26 27.45 0.01068 2021-06-18 13:54:23.118756 4 13 CarloCosmicWatch 16.327785
1 339 62.98 60.86 0.01568 2021-06-18 13:54:23.134436 2 5 rens 16.343465
1 96 21.67 27.34 1.955612 2021-06-18 13:54:25.090048 3 4 M 18.299077
2 156 27.28 27.34 0.009608 2021-06-18 13:54:25.099656 5 14 CarloCosmicWatch 18.308685
1 487 132.65 89.22 0.016629 2021-06-18 13:54:25.116285 2 6 rens 18.325314
1 199 33.86 32.18 0.492316 2021-06-18 13:54:25.608601 2 7 rens 18.81763
2 286 49.78 27.34 0.013884 2021-06-18 13:54:25.622485 6 15 CarloCosmicWatch 18.831514
2 99 21.91 27.34 0.555034 2021-06-18 13:54:26.177519 7 16 CarloCosmicWatch 19.386548
2 94 21.50 27.34 0.41485 2021-06-18 13:54:26.592369 7 17 CarloCosmicWatch 19.801398
2 48 15.29 27.34 2.398469 2021-06-18 13:54:28.990838 7 18 CarloCosmicWatch 22.199867
2 199 33.86 27.34 0.184434 2021-06-18 13:54:29.175272 7 19 CarloCosmicWatch 22.384301
2 225 38.48 27.34 0.062225 2021-06-18 13:54:29.237497 7 20 CarloCosmicWatch 22.446526
2 344 64.67 27.34 2.131421 2021-06-18 13:54:31.368918 7 21 CarloCosmicWatch 24.577947
2 113 23.02 27.34 0.432356 2021-06-18 13:54:31.801274 7 22 CarloCosmicWatch 25.010303
2 56 16.76 27.34 0.368771 2021-06-18 13:54:32.170045 7 23 CarloCosmicWatch 25.379074
1 188 32.01 28.31 0.760394 2021-06-18 13:54:32.930439 3 8 rens 26.139468
2 291 50.97 27.34 0.014819 2021-06-18 13:54:32.945258 7 24 CarloCosmicWatch 26.154287
2 133 24.73 27.34 1.078765 2021-06-18 13:54:34.024023 8 25 CarloCosmicWatch 27.233052
2 179 30.55 27.45 1.416893 2021-06-18 13:54:35.440916 8 26 CarloCosmicWatch 28.649945
2 89 21.05 27.34 0.478399 2021-06-18 13:54:35.919315 8 27 CarloCosmicWatch 29.128344
1 295 51.75 50.65 1.963681 2021-06-18 13:54:37.882996 4 9 rens 31.092025
1 135 24.92 27.34 0.01486 2021-06-18 13:54:37.897856 4 5 M 31.106885
2 240 41.21 27.34 0.000141 2021-06-18 13:54:37.897997 8 28 CarloCosmicWatch 31.107026
2 57 16.93 27.34 0.569773 2021-06-18 13:54:38.467770 9 29 CarloCosmicWatch 31.676799
2 49 15.48 27.34 0.889208 2021-06-18 13:54:39.356978 9 30 CarloCosmicWatch 32.566007
2 178 30.40 27.34 0.775234 2021-06-18 13:54:40.132212 9 31 CarloCosmicWatch 33.341241
2 60 17.43 27.34 0.163236 2021-06-18 13:54:40.295448 9 32 CarloCosmicWatch 33.504477
2 297 52.13 27.34 0.855452 2021-06-18 13:54:41.150900 9 33 CarloCosmicWatch 34.359929
1 49 15.48 27.34 0.792894 2021-06-18 13:54:41.943794 5 6 M 35.152823
2 295 51.75 27.34 0.010584 2021-06-18 13:54:41.954378 9 34 CarloCosmicWatch 35.163407
1 230 39.39 37.23 0.017033 2021-06-18 13:54:41.971411 4 10 rens 35.18044
1 96 21.67 10.69 0.874106 2021-06-18 13:54:42.845517 4 11 rens 36.054546
1 153 26.90 27.34 0.014926 2021-06-18 13:54:42.860443 6 7 M 36.069472
2 327 59.28 27.34 0.00014 2021-06-18 13:54:42.860583 10 35 CarloCosmicWatch 36.069612
2 113 23.02 27.34 0.352606 2021-06-18 13:54:43.213189 11 36 CarloCosmicWatch 36.422218
2 103 22.23 27.34 0.03377 2021-06-18 13:54:43.246959 11 37 CarloCosmicWatch 36.455988
2 48 15.29 27.34 2.310438 2021-06-18 13:54:45.557397 11 38 CarloCosmicWatch 38.766426
2 384 80.08 27.34 0.349502 2021-06-18 13:54:45.906899 11 39 CarloCosmicWatch 39.115928
2 384 80.08 27.34 0.544647 2021-06-18 13:54:46.451546 11 40 CarloCosmicWatch 39.660575
2 167 28.76 27.34 0.120466 2021-06-18 13:54:46.572012 11 41 CarloCosmicWatch 39.781041
2 69 18.79 27.34 1.811655 2021-06-18 13:54:48.383667 11 42 CarloCosmicWatch 41.592696
2 273 47.25 27.45 1.396418 2021-06-18 13:54:49.780085 11 43 CarloCosmicWatch 42.989114
2 88 20.96 27.34 0.080972 2021-06-18 13:54:49.861057 11 44 CarloCosmicWatch 43.070086
2 124 23.92 27.34 1.367054 2021-06-18 13:54:51.228111 11 45 CarloCosmicWatch 44.43714
2 176 30.09 27.45 1.020078 2021-06-18 13:54:52.248189 11 46 CarloCosmicWatch 45.457218
1 102 22.15 27.13 1.131231 2021-06-18 13:54:53.379420 7 8 M 46.588449
2 126 24.09 27.34 0.011644 2021-06-18 13:54:53.391064 11 47 CarloCosmicWatch 46.600093
2 206 35.07 27.34 1.10837 2021-06-18 13:54:54.499434 12 48 CarloCosmicWatch 47.708463
1 216 36.85 34.76 0.02739 2021-06-18 13:54:54.526824 4 12 rens 47.735853
2 51 15.86 27.45 0.677675 2021-06-18 13:54:55.204499 13 49 CarloCosmicWatch 48.413528
2 57 16.93 27.34 2.147116 2021-06-18 13:54:57.351615 13 50 CarloCosmicWatch 50.560644
2 243 41.74 27.45 4.588511 2021-06-18 13:55:01.940126 13 51 CarloCosmicWatch 55.149155
2 48 15.29 27.34 0.509474 2021-06-18 13:55:02.449600 13 52 CarloCosmicWatch 55.658629
2 329 59.91 27.45 2.12496 2021-06-18 13:55:04.574560 13 53 CarloCosmicWatch 57.783589
2 63 17.91 27.34 0.186145 2021-06-18 13:55:04.760705 13 54 CarloCosmicWatch 57.969734
2 79 20.03 27.34 1.359472 2021-06-18 13:55:06.120177 13 55 CarloCosmicWatch 59.329206
1 103 22.23 27.34 1.378999 2021-06-18 13:55:07.499176 8 9 M 60.708205
2 177 30.25 27.45 0.011767 2021-06-18 13:55:07.510943 13 56 CarloCosmicWatch 60.719972
1 472 125.87 87.93 0.015695 2021-06-18 13:55:07.526638 5 13 rens 60.735667
2 352 66.89 27.34 1.934314 2021-06-18 13:55:09.460952 14 57 CarloCosmicWatch 62.669981
2 48 15.29 27.45 0.806032 2021-06-18 13:55:10.266984 14 58 CarloCosmicWatch 63.476013
2 71 19.06 27.34 2.73384 2021-06-18 13:55:13.000824 14 59 CarloCosmicWatch 66.209853
2 143 25.74 27.34 1.142787 2021-06-18 13:55:14.143611 14 60 CarloCosmicWatch 67.35264
1 120 23.58 14.13 0.033777 2021-06-18 13:55:14.177388 5 14 rens 67.386417
2 89 21.05 27.34 0.000241 2021-06-18 13:55:14.177629 15 61 CarloCosmicWatch 67.386658
1 408 90.57 27.34 0.050659 2021-06-18 13:55:14.228288 9 10 M 67.437317
2 159 27.66 27.34 0.977128 2021-06-18 13:55:15.205416 15 62 CarloCosmicWatch 68.414445
1 280 48.67 27.34 0.033767 2021-06-18 13:55:15.239183 9 11 M 68.448212
2 655 252.34 27.45 0.000267 2021-06-18 13:55:15.239450 16 63 CarloCosmicWatch 68.448479
2 96 21.67 27.34 3.298622 2021-06-18 13:55:18.538072 16 64 CarloCosmicWatch 71.747101
2 120 23.58 27.34 0.333671 2021-06-18 13:55:18.871743 16 65 CarloCosmicWatch 72.080772
2 69 18.79 27.34 0.472157 2021-06-18 13:55:19.343900 16 66 CarloCosmicWatch 72.552929
2 115 23.18 27.45 3.168896 2021-06-18 13:55:22.512796 16 67 CarloCosmicWatch 75.721825
1 254 43.77 27.67 0.027462 2021-06-18 13:55:22.540258 6 15 rens 75.749287
2 71 19.06 27.34 0.867297 2021-06-18 13:55:23.407555 17 68 CarloCosmicWatch 76.616584
1 71 19.06 6.61 0.259529 2021-06-18 13:55:23.667084 7 16 rens 76.876113
1 63 17.91 27.34 0.013833 2021-06-18 13:55:23.680917 10 12 M 76.889946
2 120 23.58 27.34 0.000204 2021-06-18 13:55:23.681121 17 69 CarloCosmicWatch 76.89015
2 723 388.29 27.34 0.08103 2021-06-18 13:55:23.762151 18 70 CarloCosmicWatch 76.97118
1 384 80.08 55.38 0.028376 2021-06-18 13:55:23.790527 7 17 rens 76.999556
2 147 26.19 27.45 1.550656 2021-06-18 13:55:25.341183 19 71 CarloCosmicWatch 78.550212
2 476 129.76 27.34 0.076367 2021-06-18 13:55:25.417550 19 72 CarloCosmicWatch 78.626579
2 67 18.51 27.34 0.331345 2021-06-18 13:55:25.748895 19 73 CarloCosmicWatch 78.957924
2 707 320.63 27.45 0.198383 2021-06-18 13:55:25.947278 19 74 CarloCosmicWatch 79.156307
1 147 26.19 20.90 0.028455 2021-06-18 13:55:25.975733 8 18 rens 79.184762
2 56 16.76 27.34 0.584402 2021-06-18 13:55:26.560135 20 75 CarloCosmicWatch 79.769164
2 96 21.67 27.34 1.859327 2021-06-18 13:55:28.419462 20 76 CarloCosmicWatch 81.628491
2 319 57.64 27.34 3.020436 2021-06-18 13:55:31.439898 20 77 CarloCosmicWatch 84.648927
1 211 35.96 34.33 0.027336 2021-06-18 13:55:31.467234 9 19 rens 84.676263
2 92 21.32 27.34 0.088401 2021-06-18 13:55:31.555635 21 78 CarloCosmicWatch 84.764664
1 83 20.46 27.13 0.469107 2021-06-18 13:55:32.024742 11 13 M 85.233771
2 115 23.18 27.34 0.011827 2021-06-18 13:55:32.036569 21 79 CarloCosmicWatch 85.245598
1 173 29.64 24.34 0.015564 2021-06-18 13:55:32.052133 10 20 rens 85.261162
2 120 23.58 27.34 0.071767 2021-06-18 13:55:32.123900 22 80 CarloCosmicWatch 85.332929
1 99 21.91 27.34 0.899466 2021-06-18 13:55:33.023366 12 14 M 86.232395
2 441 109.77 27.34 0.011746 2021-06-18 13:55:33.035112 22 81 CarloCosmicWatch 86.244141
1 281 48.90 46.89 0.01672 2021-06-18 13:55:33.051832 10 21 rens 86.260861
2 195 33.17 27.34 0.412478 2021-06-18 13:55:33.464310 23 82 CarloCosmicWatch 86.673339
1 302 53.30 50.55 0.027508 2021-06-18 13:55:33.491818 10 22 rens 86.700847
2 195 33.17 27.34 2.875345 2021-06-18 13:55:36.367163 24 83 CarloCosmicWatch 89.576192
2 82 20.36 27.45 2.555801 2021-06-18 13:55:38.922964 24 84 CarloCosmicWatch 92.131993
2 188 32.01 27.45 0.179196 2021-06-18 13:55:39.102160 24 85 CarloCosmicWatch 92.311189
1 79 20.03 7.58 0.027347 2021-06-18 13:55:39.129507 11 23 rens 92.338536
1 335 61.77 27.13 0.000233 2021-06-18 13:55:39.129740 13 15 M 92.338769
1 89 21.05 3.82 0.279809 2021-06-18 13:55:39.409549 12 24 rens 92.618578
1 57 16.93 27.34 0.013674 2021-06-18 13:55:39.423223 13 16 M 92.632252
2 197 33.52 27.45 0.000216 2021-06-18 13:55:39.423439 25 86 CarloCosmicWatch 92.632468
2 63 17.91 27.34 1.776718 2021-06-18 13:55:41.200157 26 87 CarloCosmicWatch 94.409186
2 355 68.30 27.34 0.254078 2021-06-18 13:55:41.454235 26 88 CarloCosmicWatch 94.663264
2 51 15.86 27.34 0.618634 2021-06-18 13:55:42.072869 26 89 CarloCosmicWatch 95.281898
2 217 37.04 27.34 0.25102 2021-06-18 13:55:42.323889 26 90 CarloCosmicWatch 95.532918
1 326 59.13 56.99 0.776375 2021-06-18 13:55:43.100264 12 25 rens 96.309293
2 287 50.23 27.45 0.016952 2021-06-18 13:55:43.117216 26 91 CarloCosmicWatch 96.326245
2 103 22.23 27.34 4.380943 2021-06-18 13:55:47.498159 27 92 CarloCosmicWatch 100.707188
2 89 21.05 27.45 0.237342 2021-06-18 13:55:47.735501 27 93 CarloCosmicWatch 100.94453
2 62 17.75 27.34 1.005818 2021-06-18 13:55:48.741319 27 94 CarloCosmicWatch 101.950348
2 78 19.92 27.34 0.213231 2021-06-18 13:55:48.954550 27 95 CarloCosmicWatch 102.163579
2 254 43.77 27.45 0.120834 2021-06-18 13:55:49.075384 27 96 CarloCosmicWatch 102.284413
2 83 20.46 27.34 0.033762 2021-06-18 13:55:49.109146 27 97 CarloCosmicWatch 102.318175
2 199 33.86 27.34 0.814325 2021-06-18 13:55:49.923471 27 98 CarloCosmicWatch 103.1325
1 327 59.28 55.38 2.287416 2021-06-18 13:55:52.210887 13 26 rens 105.419916
2 492 134.92 27.34 0.016943 2021-06-18 13:55:52.227830 27 99 CarloCosmicWatch 105.436859
2 71 19.06 27.34 0.139362 2021-06-18 13:55:52.367192 28 100 CarloCosmicWatch 105.576221
2 71 19.06 27.45 1.370696 2021-06-18 13:55:53.737888 28 101 CarloCosmicWatch 106.946917
2 103 22.23 27.34 0.343813 2021-06-18 13:55:54.081701 28 102 CarloCosmicWatch 107.29073
2 63 17.91 27.45 1.250835 2021-06-18 13:55:55.332536 28 103 CarloCosmicWatch 108.541565
2 56 16.76 27.34 3.909895 2021-06-18 13:55:59.242431 28 104 CarloCosmicWatch 112.45146
1 96 21.67 27.13 0.067745 2021-06-18 13:55:59.310176 14 17 M 112.519205
2 153 26.90 27.34 0.012857 2021-06-18 13:55:59.323033 28 105 CarloCosmicWatch 112.532062
1 238 40.82 38.84 0.016721 2021-06-18 13:55:59.339754 14 27 rens 112.548783
2 263 45.37 27.34 1.262065 2021-06-18 13:56:00.601819 29 106 CarloCosmicWatch 113.810848
2 333 61.18 27.34 4.267886 2021-06-18 13:56:04.869705 29 107 CarloCosmicWatch 118.078734
2 163 28.20 27.34 1.271917 2021-06-18 13:56:06.141622 29 108 CarloCosmicWatch 119.350651
2 126 24.09 27.34 0.501288 2021-06-18 13:56:06.642910 29 109 CarloCosmicWatch 119.851939
1 79 20.03 27.34 0.049418 2021-06-18 13:56:06.692328 15 18 M 119.901357
1 83 20.46 9.40 0.012877 2021-06-18 13:56:06.705205 14 28 rens 119.914234
2 185 31.51 27.34 0.037758 2021-06-18 13:56:06.742963 30 110 CarloCosmicWatch 119.951992
2 62 17.75 27.34 1.908552 2021-06-18 13:56:08.651515 30 111 CarloCosmicWatch 121.860544
1 193 32.84 27.34 1.554556 2021-06-18 13:56:10.206071 16 19 M 123.4151
2 135 24.92 27.34 0.013813 2021-06-18 13:56:10.219884 30 112 CarloCosmicWatch 123.428913
2 83 20.46 27.34 1.372578 2021-06-18 13:56:11.592462 31 113 CarloCosmicWatch 124.801491
2 216 36.85 27.34 0.185265 2021-06-18 13:56:11.777727 31 114 CarloCosmicWatch 124.986756
2 192 32.67 27.34 1.840906 2021-06-18 13:56:13.618633 31 115 CarloCosmicWatch 126.827662
2 185 31.51 27.34 1.128026 2021-06-18 13:56:14.746659 31 116 CarloCosmicWatch 127.955688
1 103 22.23 12.84 0.033754 2021-06-18 13:56:14.780413 14 29 rens 127.989442
1 63 17.91 27.34 0.00016 2021-06-18 13:56:14.780573 17 20 M 127.989602
2 231 39.55 27.34 0.000135 2021-06-18 13:56:14.780708 32 117 CarloCosmicWatch 127.989737
1 121 23.66 27.34 0.055701 2021-06-18 13:56:14.836409 17 21 M 128.045438
2 152 26.78 27.45 0.829277 2021-06-18 13:56:15.665686 32 118 CarloCosmicWatch 128.874715
2 69 18.79 27.34 0.225366 2021-06-18 13:56:15.891052 32 119 CarloCosmicWatch 129.100081
2 241 41.39 27.34 1.475711 2021-06-18 13:56:17.366763 32 120 CarloCosmicWatch 130.575792
1 82 20.36 7.69 0.629025 2021-06-18 13:56:17.995788 15 30 rens 131.204817
1 142 25.64 27.34 0.014916 2021-06-18 13:56:18.010704 17 22 M 131.219733
2 120 23.58 27.34 0.000146 2021-06-18 13:56:18.010850 32 121 CarloCosmicWatch 131.219879
2 96 21.67 27.34 3.393346 2021-06-18 13:56:21.404196 33 122 CarloCosmicWatch 134.613225
2 57 16.93 27.34 1.072558 2021-06-18 13:56:22.476754 33 123 CarloCosmicWatch 135.685783
2 50 15.67 27.34 0.546208 2021-06-18 13:56:23.022962 33 124 CarloCosmicWatch 136.231991
2 60 17.43 27.34 0.888634 2021-06-18 13:56:23.911596 33 125 CarloCosmicWatch 137.120625
2 76 19.69 27.34 0.694024 2021-06-18 13:56:24.605620 33 126 CarloCosmicWatch 137.814649
2 98 21.83 27.34 0.357448 2021-06-18 13:56:24.963068 33 127 CarloCosmicWatch 138.172097
2 48 15.29 27.34 2.658714 2021-06-18 13:56:27.621782 33 128 CarloCosmicWatch 140.830811
1 216 36.85 34.76 2.784556 2021-06-18 13:56:30.406338 15 31 rens 143.615367
2 335 61.77 27.34 0.017026 2021-06-18 13:56:30.423364 33 129 CarloCosmicWatch 143.632393
2 57 16.93 27.34 0.673926 2021-06-18 13:56:31.097290 34 130 CarloCosmicWatch 144.306319
2 120 23.58 27.34 3.139228 2021-06-18 13:56:34.236518 34 131 CarloCosmicWatch 147.445547
2 415 95.00 27.34 0.319826 2021-06-18 13:56:34.556344 34 132 CarloCosmicWatch 147.765373
2 127 24.18 27.34 0.248826 2021-06-18 13:56:34.805170 34 133 CarloCosmicWatch 148.014199
2 174 29.79 27.34 0.737528 2021-06-18 13:56:35.542698 34 134 CarloCosmicWatch 148.751727
1 359 69.86 64.40 0.512658 2021-06-18 13:56:36.055356 16 32 rens 149.264385
2 275 47.73 27.34 0.016899 2021-06-18 13:56:36.072255 34 135 CarloCosmicWatch 149.281284
2 103 22.23 27.34 0.134739 2021-06-18 13:56:36.206994 35 136 CarloCosmicWatch 149.416023
2 57 16.93 27.34 1.079518 2021-06-18 13:56:37.286512 35 137 CarloCosmicWatch 150.495541
2 50 15.67 27.34 0.033738 2021-06-18 13:56:37.320250 35 138 CarloCosmicWatch 150.529279
2 50 15.67 27.34 0.109568 2021-06-18 13:56:37.429818 35 139 CarloCosmicWatch 150.638847
2 79 20.03 27.34 2.425789 2021-06-18 13:56:39.855607 35 140 CarloCosmicWatch 153.064636
1 124 23.92 27.34 0.086143 2021-06-18 13:56:39.941750 18 23 M 153.150779
2 481 129.57 27.34 0.013701 2021-06-18 13:56:39.955451 35 141 CarloCosmicWatch 153.16448
1 120 23.58 15.96 0.016803 2021-06-18 13:56:39.972254 17 33 rens 153.181283
2 508 144.95 27.34 0.558378 2021-06-18 13:56:40.530632 36 142 CarloCosmicWatch 153.739661
1 231 39.55 35.40 0.030622 2021-06-18 13:56:40.561254 17 34 rens 153.770283
2 114 23.10 27.34 2.368383 2021-06-18 13:56:42.929637 37 143 CarloCosmicWatch 156.138666
2 167 28.76 27.34 0.353073 2021-06-18 13:56:43.282710 37 144 CarloCosmicWatch 156.491739
2 70 18.93 27.34 1.577278 2021-06-18 13:56:44.859988 37 145 CarloCosmicWatch 158.069017
2 472 125.87 27.34 2.147816 2021-06-18 13:56:47.007804 37 146 CarloCosmicWatch 160.216833
2 79 20.03 27.34 2.054161 2021-06-18 13:56:49.061965 37 147 CarloCosmicWatch 162.270994
2 195 33.17 27.34 0.229924 2021-06-18 13:56:49.291889 37 148 CarloCosmicWatch 162.500918
2 195 33.17 27.34 1.108176 2021-06-18 13:56:50.400065 37 149 CarloCosmicWatch 163.609094
2 120 23.58 27.34 3.461014 2021-06-18 13:56:53.861079 37 150 CarloCosmicWatch 167.070108
2 611 211.89 27.34 1.282466 2021-06-18 13:56:55.143545 37 151 CarloCosmicWatch 168.352574
2 56 16.76 27.34 0.033763 2021-06-18 13:56:55.177308 37 152 CarloCosmicWatch 168.386337
2 83 20.46 27.34 1.980922 2021-06-18 13:56:57.158230 37 153 CarloCosmicWatch 170.367259
2 92 21.32 27.34 1.612147 2021-06-18 13:56:58.770377 37 154 CarloCosmicWatch 171.979406
2 49 15.48 27.34 0.251063 2021-06-18 13:56:59.021440 37 155 CarloCosmicWatch 172.230469
2 97 21.75 27.34 1.304119 2021-06-18 13:57:00.325559 37 156 CarloCosmicWatch 173.534588
2 63 17.91 27.34 1.879752 2021-06-18 13:57:02.205311 37 157 CarloCosmicWatch 175.41434
1 62 17.75 -0.91 0.028426 2021-06-18 13:57:02.233737 18 35 rens 175.442766
2 153 26.90 27.34 1.213845 2021-06-18 13:57:03.447582 38 158 CarloCosmicWatch 176.656611
2 115 23.18 27.34 0.377024 2021-06-18 13:57:03.824606 38 159 CarloCosmicWatch 177.033635
2 81 20.25 27.34 0.22491 2021-06-18 13:57:04.049516 38 160 CarloCosmicWatch 177.258545
2 60 17.43 27.34 0.033806 2021-06-18 13:57:04.083322 38 161 CarloCosmicWatch 177.292351
2 142 25.64 27.34 0.351256 2021-06-18 13:57:04.434578 38 162 CarloCosmicWatch 177.643607
2 66 18.36 27.34 0.195049 2021-06-18 13:57:04.629627 38 163 CarloCosmicWatch 177.838656
2 48 15.29 27.34 1.372631 2021-06-18 13:57:06.002258 38 164 CarloCosmicWatch 179.211287
2 49 15.48 27.34 2.262423 2021-06-18 13:57:08.264681 38 165 CarloCosmicWatch 181.47371
1 103 22.23 12.84 0.861279 2021-06-18 13:57:09.125960 19 36 rens 182.334989
2 255 43.96 27.34 0.017882 2021-06-18 13:57:09.143842 38 166 CarloCosmicWatch 182.352871
2 92 21.32 27.45 0.720296 2021-06-18 13:57:09.864138 39 167 CarloCosmicWatch 183.073167
2 193 32.84 27.34 1.137932 2021-06-18 13:57:11.002070 39 168 CarloCosmicWatch 184.211099
1 120 23.58 13.70 0.029561 2021-06-18 13:57:11.031631 20 37 rens 184.24066
2 88 20.96 27.34 0.62112 2021-06-18 13:57:11.652751 40 169 CarloCosmicWatch 184.86178
2 188 32.01 27.34 1.295728 2021-06-18 13:57:12.948479 40 170 CarloCosmicWatch 186.157508
1 82 20.36 9.30 0.029357 2021-06-18 13:57:12.977836 21 38 rens 186.186865
1 60 17.43 27.34 0.000159 2021-06-18 13:57:12.977995 19 24 M 186.187024
2 66 18.36 27.34 0.400465 2021-06-18 13:57:13.378460 41 171 CarloCosmicWatch 186.587489
2 295 51.75 27.34 0.112951 2021-06-18 13:57:13.491411 41 172 CarloCosmicWatch 186.70044
2 92 21.32 27.45 2.622921 2021-06-18 13:57:16.114332 41 173 CarloCosmicWatch 189.323361
2 99 21.91 27.34 2.542429 2021-06-18 13:57:18.656761 41 174 CarloCosmicWatch 191.86579
2 76 19.69 27.34 2.113896 2021-06-18 13:57:20.770657 41 175 CarloCosmicWatch 193.979686
2 103 22.23 27.45 3.000838 2021-06-18 13:57:23.771495 41 176 CarloCosmicWatch 196.980524
2 268 46.26 27.34 0.679211 2021-06-18 13:57:24.450706 41 177 CarloCosmicWatch 197.659735
2 76 19.69 27.45 0.480392 2021-06-18 13:57:24.931098 41 178 CarloCosmicWatch 198.140127
2 312 55.68 27.45 0.124027 2021-06-18 13:57:25.055125 41 179 CarloCosmicWatch 198.264154
2 179 30.55 27.34 0.295181 2021-06-18 13:57:25.350306 41 180 CarloCosmicWatch 198.559335
2 76 19.69 27.34 1.905874 2021-06-18 13:57:27.256180 41 181 CarloCosmicWatch 200.465209
1 62 17.75 -10.79 0.028426 2021-06-18 13:57:27.284606 22 39 rens 200.493635
1 67 18.51 27.34 0.000163 2021-06-18 13:57:27.284769 19 25 M 200.493798
2 79 20.03 27.45 1.05728 2021-06-18 13:57:28.342049 42 182 CarloCosmicWatch 201.551078
1 78 19.92 27.34 0.700494 2021-06-18 13:57:29.042543 19 26 M 202.251572
2 167 28.76 27.34 0.013515 2021-06-18 13:57:29.056058 42 183 CarloCosmicWatch 202.265087
1 127 24.18 16.71 0.015971 2021-06-18 13:57:29.072029 23 40 rens 202.281058
2 63 17.91 27.34 0.936201 2021-06-18 13:57:30.008230 43 184 CarloCosmicWatch 203.217259
1 76 19.69 27.34 3.236172 2021-06-18 13:57:33.244402 20 27 M 206.453431
2 291 50.97 27.45 0.013761 2021-06-18 13:57:33.258163 43 185 CarloCosmicWatch 206.467192
1 120 23.58 15.53 0.015763 2021-06-18 13:57:33.273926 23 41 rens 206.482955
2 252 43.42 27.34 0.840938 2021-06-18 13:57:34.114864 44 186 CarloCosmicWatch 207.323893
2 108 22.63 27.34 2.117895 2021-06-18 13:57:36.232759 44 187 CarloCosmicWatch 209.441788
2 243 41.74 27.34 0.118342 2021-06-18 13:57:36.351101 44 188 CarloCosmicWatch 209.56013
1 440 109.25 27.34 0.768361 2021-06-18 13:57:37.119462 21 28 M 210.328491
2 287 50.23 27.34 0.015973 2021-06-18 13:57:37.135435 44 189 CarloCosmicWatch 210.344464
1 291 50.97 50.55 0.013595 2021-06-18 13:57:37.149030 23 42 rens 210.358059
2 94 21.50 27.34 1.262964 2021-06-18 13:57:38.411994 45 190 CarloCosmicWatch 211.621023
1 249 42.85 41.85 0.670079 2021-06-18 13:57:39.082073 23 43 rens 212.291102
2 540 166.11 27.34 0.01771 2021-06-18 13:57:39.099783 45 191 CarloCosmicWatch 212.308812
2 88 20.96 27.34 0.771818 2021-06-18 13:57:39.871601 46 192 CarloCosmicWatch 213.08063
2 287 50.23 27.34 0.691709 2021-06-18 13:57:40.563310 46 193 CarloCosmicWatch 213.772339
2 69 18.79 27.34 0.143344 2021-06-18 13:57:40.706654 46 194 CarloCosmicWatch 213.915683
2 58 17.10 27.34 1.585341 2021-06-18 13:57:42.291995 46 195 CarloCosmicWatch 215.501024
2 112 22.94 27.34 0.650315 2021-06-18 13:57:42.942310 46 196 CarloCosmicWatch 216.151339
2 127 24.18 27.34 1.083527 2021-06-18 13:57:44.025837 46 197 CarloCosmicWatch 217.234866
2 108 22.63 27.34 0.150365 2021-06-18 13:57:44.176202 46 198 CarloCosmicWatch 217.385231
1 94 21.50 10.69 0.029478 2021-06-18 13:57:44.205680 24 44 rens 217.414709
1 67 18.51 27.34 0.00016 2021-06-18 13:57:44.205840 22 29 M 217.414869
2 204 34.73 27.34 1.35802 2021-06-18 13:57:45.563860 47 199 CarloCosmicWatch 218.772889
2 83 20.46 27.34 0.288896 2021-06-18 13:57:45.852756 47 200 CarloCosmicWatch 219.061785
2 56 16.76 27.34 1.31359 2021-06-18 13:57:47.166346 47 201 CarloCosmicWatch 220.375375
2 357 68.97 27.34 0.699452 2021-06-18 13:57:47.865798 47 202 CarloCosmicWatch 221.074827
1 194 33.00 29.92 0.02926 2021-06-18 13:57:47.895058 25 45 rens 221.104087
2 99 21.91 27.34 1.091646 2021-06-18 13:57:48.986704 48 203 CarloCosmicWatch 222.195733
2 231 39.55 27.34 2.627684 2021-06-18 13:57:51.614388 48 204 CarloCosmicWatch 224.823417
2 96 21.67 27.34 3.820155 2021-06-18 13:57:55.434543 48 205 CarloCosmicWatch 228.643572
2 199 33.86 27.34 3.62616 2021-06-18 13:57:59.060703 48 206 CarloCosmicWatch 232.269732
2 199 33.86 27.45 0.60421 2021-06-18 13:57:59.664913 48 207 CarloCosmicWatch 232.873942
1 79 20.03 7.69 0.029435 2021-06-18 13:57:59.694348 26 46 rens 232.903377
1 115 23.18 27.34 0.000156 2021-06-18 13:57:59.694504 22 30 M 232.903533
1 56 16.76 27.34 0.256819 2021-06-18 13:57:59.951323 22 31 M 233.160352
2 163 28.20 27.34 0.01389 2021-06-18 13:57:59.965213 49 208 CarloCosmicWatch 233.174242
1 133 24.73 11.88 0.015605 2021-06-18 13:57:59.980818 27 47 rens 233.189847
