# layer adc volt temp timediff time detector_muon_count detector_count detector_name
2 152 26.78 27.34 10 2021-06-18 13:58:28.968194 0 1 CarloCosmicWatch 1.104712
1 60 17.43 5.54 0.258681 2021-06-18 13:58:29.226875 0 1 rens 1.363393
1 280 48.67 27.34 0.009589 2021-06-18 13:58:29.236464 0 1 M 1.372982
2 145 25.96 27.34 0.000138 2021-06-18 13:58:29.236602 0 2 CarloCosmicWatch 1.37312
2 83 20.46 27.34 0.265755 2021-06-18 13:58:29.502357 1 3 CarloCosmicWatch 1.638875
1 513 148.53 89.65 0.023066 2021-06-18 13:58:29.525423 0 2 rens 1.661941
1 743 466.23 146.80 0.789585 2021-06-18 13:58:30.315008 1 3 rens 2.451526
2 862 1047.50 27.34 0.013914 2021-06-18 13:58:30.328922 2 4 CarloCosmicWatch 2.46544
2 249 42.85 27.34 0.27829 2021-06-18 13:58:30.607212 3 5 CarloCosmicWatch 2.74373
1 126 24.09 15.31 0.024266 2021-06-18 13:58:30.631478 2 4 rens 2.767996
1 120 23.58 27.34 0.000144 2021-06-18 13:58:30.631622 1 2 M 2.76814
2 403 88.99 27.45 0.04807 2021-06-18 13:58:30.679692 4 6 CarloCosmicWatch 2.81621
1 184 31.36 14.13 0.024358 2021-06-18 13:58:30.704050 3 5 rens 2.840568
1 48 15.29 27.34 1.375272 2021-06-18 13:58:32.079322 1 3 M 4.21584
2 391 82.35 27.34 0.009687 2021-06-18 13:58:32.089009 4 7 CarloCosmicWatch 4.225527
1 255 43.96 42.49 0.014583 2021-06-18 13:58:32.103592 3 6 rens 4.24011
2 263 45.37 27.34 0.5691 2021-06-18 13:58:32.672692 5 8 CarloCosmicWatch 4.80921
2 63 17.91 27.34 0.832834 2021-06-18 13:58:33.505526 5 9 CarloCosmicWatch 5.642044
1 179 30.55 27.34 0.936148 2021-06-18 13:58:34.441674 3 7 rens 6.578192
1 163 28.20 27.34 0.01371 2021-06-18 13:58:34.455384 2 4 M 6.591902
2 192 32.67 27.34 0.000134 2021-06-18 13:58:34.455518 5 10 CarloCosmicWatch 6.592036
2 428 101.58 27.34 0.97652 2021-06-18 13:58:35.432038 6 11 CarloCosmicWatch 7.568556
2 204 34.73 27.34 0.070102 2021-06-18 13:58:35.502140 6 12 CarloCosmicWatch 7.638658
2 51 15.86 27.34 0.17597 2021-06-18 13:58:35.678110 6 13 CarloCosmicWatch 7.814628
2 71 19.06 27.34 1.460534 2021-06-18 13:58:37.138644 6 14 CarloCosmicWatch 9.275162
2 92 21.32 27.34 3.21744 2021-06-18 13:58:40.356084 6 15 CarloCosmicWatch 12.492602
