# layer adc volt temp timediff time detector_muon_count detector_count detector_name
0 70 18.93 26.91 10 2021-06-23 14:03:38.234029 0 1 Carlo 1.341847
0 236 40.44 26.70 0.490312 2021-06-23 14:03:38.724341 0 2 Carlo 1.832159
0 153 26.90 26.81 0.7916 2021-06-23 14:03:39.515941 0 3 Carlo 2.623759
1 204 34.73 27.34 0.595369 2021-06-23 14:03:40.111310 0 1 Florian 3.219128
0 153 26.90 26.59 0.183019 2021-06-23 14:03:40.294329 0 4 Carlo 3.402147
2 60 17.43 26.05 0.430467 2021-06-23 14:03:40.724796 0 1 Noor 3.832614
0 120 23.58 26.70 0.056541 2021-06-23 14:03:40.781337 0 5 Carlo 3.889155
2 83 20.46 26.16 0.603393 2021-06-23 14:03:41.384730 0 2 Noor 4.492548
2 71 19.06 26.16 1.636691 2021-06-23 14:03:43.021421 0 3 Noor 6.129239
0 176 30.09 26.70 0.118308 2021-06-23 14:03:43.139729 0 6 Carlo 6.247547
1 179 30.55 27.34 1.171553 2021-06-23 14:03:44.311282 0 2 Florian 7.4191
0 225 38.48 26.59 0.014836 2021-06-23 14:03:44.326118 0 7 Carlo 7.433936
2 126 24.09 26.05 0.540246 2021-06-23 14:03:44.866364 0 4 Noor 7.974182
0 61 17.60 26.59 0.647402 2021-06-23 14:03:45.513766 1 8 Carlo 8.621584
2 88 20.96 26.27 2.440997 2021-06-23 14:03:47.954763 0 5 Noor 11.062581
1 120 23.58 27.34 0.011623 2021-06-23 14:03:47.966386 1 3 Florian 11.074204
0 56 16.76 26.70 1.31877 2021-06-23 14:03:49.285156 1 9 Carlo 12.392974
0 79 20.03 26.59 0.033439 2021-06-23 14:03:49.318595 1 10 Carlo 12.426413
0 89 21.05 26.91 1.156148 2021-06-23 14:03:50.474743 1 11 Carlo 13.582561
0 103 22.23 26.91 1.236655 2021-06-23 14:03:51.711398 1 12 Carlo 14.819216
0 172 29.49 26.70 0.453731 2021-06-23 14:03:52.165129 1 13 Carlo 15.272947
2 112 22.94 26.05 0.176228 2021-06-23 14:03:52.341357 1 6 Noor 15.449175
1 63 17.91 27.34 0.802088 2021-06-23 14:03:53.143445 2 4 Florian 16.251263
0 174 29.79 26.70 0.73958 2021-06-23 14:03:53.883025 1 14 Carlo 16.990843
1 63 17.91 27.34 0.333942 2021-06-23 14:03:54.216967 2 5 Florian 17.324785
2 101 22.08 26.27 0.908062 2021-06-23 14:03:55.125029 1 7 Noor 18.232847
1 275 47.73 27.34 0.252184 2021-06-23 14:03:55.377213 2 6 Florian 18.485031
0 319 57.64 26.70 0.273319 2021-06-23 14:03:55.650532 1 15 Carlo 18.75835
0 268 46.26 26.70 0.14147 2021-06-23 14:03:55.792002 1 16 Carlo 18.89982
0 67 18.51 26.70 0.393572 2021-06-23 14:03:56.185574 1 17 Carlo 19.293392
2 82 20.36 26.48 0.271215 2021-06-23 14:03:56.456789 1 8 Noor 19.564607
2 70 18.93 26.05 0.381712 2021-06-23 14:03:56.838501 1 9 Noor 19.946319
2 49 15.48 26.16 0.084475 2021-06-23 14:03:56.922976 1 10 Noor 20.030794
0 131 24.54 26.70 0.012389 2021-06-23 14:03:56.935365 1 18 Carlo 20.043183
1 201 34.22 27.34 0.002376 2021-06-23 14:03:56.937741 2 7 Florian 20.045559
0 49 15.48 26.59 0.415316 2021-06-23 14:03:57.353057 2 19 Carlo 20.460875
0 60 17.43 26.91 0.270785 2021-06-23 14:03:57.623842 2 20 Carlo 20.73166
2 206 35.07 26.38 0.908995 2021-06-23 14:03:58.532837 2 11 Noor 21.640655
0 415 95.00 26.70 0.054945 2021-06-23 14:03:58.587782 2 21 Carlo 21.6956
1 67 18.51 27.34 0.197559 2021-06-23 14:03:58.785341 3 8 Florian 21.893159
0 304 53.73 26.91 0.437764 2021-06-23 14:03:59.223105 2 22 Carlo 22.330923
2 60 17.43 26.27 0.091051 2021-06-23 14:03:59.314156 2 12 Noor 22.421974
2 143 25.74 26.05 0.107668 2021-06-23 14:03:59.421824 2 13 Noor 22.529642
2 287 50.23 26.48 0.033588 2021-06-23 14:03:59.455412 2 14 Noor 22.56323
2 71 19.06 26.16 0.331375 2021-06-23 14:03:59.786787 2 15 Noor 22.894605
2 169 29.05 26.48 0.70299 2021-06-23 14:04:00.489777 2 16 Noor 23.597595
0 99 21.91 26.70 0.127387 2021-06-23 14:04:00.617164 2 23 Carlo 23.724982
2 76 19.69 26.27 0.432125 2021-06-23 14:04:01.049289 2 17 Noor 24.157107
0 112 22.94 26.91 1.968105 2021-06-23 14:04:03.017394 2 24 Carlo 26.125212
0 135 24.92 26.81 0.168508 2021-06-23 14:04:03.185902 2 25 Carlo 26.29372
1 49 15.48 27.34 0.131137 2021-06-23 14:04:03.317039 3 9 Florian 26.424857
2 199 33.86 26.05 0.916094 2021-06-23 14:04:04.233133 2 18 Noor 27.340951
0 419 97.20 26.70 0.029231 2021-06-23 14:04:04.262364 2 26 Carlo 27.370182
0 227 38.83 26.59 1.299246 2021-06-23 14:04:05.561610 3 27 Carlo 28.669428
2 231 39.55 26.05 0.741586 2021-06-23 14:04:06.303196 3 19 Noor 29.411014
0 88 20.96 26.91 0.232508 2021-06-23 14:04:06.535704 3 28 Carlo 29.643522
0 345 64.98 26.59 0.233207 2021-06-23 14:04:06.768911 3 29 Carlo 29.876729
1 60 17.43 27.34 0.01492 2021-06-23 14:04:06.783831 3 10 Florian 29.891649
0 275 47.73 26.91 0.938323 2021-06-23 14:04:07.722154 4 30 Carlo 30.829972
2 60 17.43 26.05 1.224446 2021-06-23 14:04:08.946600 3 20 Noor 32.054418
0 51 15.86 26.70 1.004 2021-06-23 14:04:09.950600 4 31 Carlo 33.058418
1 127 24.18 27.34 0.013795 2021-06-23 14:04:09.964395 4 11 Florian 33.072213
2 67 18.51 26.48 0.015303 2021-06-23 14:04:09.979698 3 21 Noor 33.087516
0 143 25.74 26.59 0.543801 2021-06-23 14:04:10.523499 5 32 Carlo 33.631317
0 70 18.93 26.70 0.760106 2021-06-23 14:04:11.283605 5 33 Carlo 34.391423
2 51 15.86 26.16 0.234095 2021-06-23 14:04:11.517700 4 22 Noor 34.625518
0 184 31.36 26.91 0.113581 2021-06-23 14:04:11.631281 5 34 Carlo 34.739099
2 71 19.06 26.38 1.456721 2021-06-23 14:04:13.088002 4 23 Noor 36.19582
2 236 40.44 26.16 0.196803 2021-06-23 14:04:13.284805 4 24 Noor 36.392623
2 56 16.76 26.05 0.033707 2021-06-23 14:04:13.318512 4 25 Noor 36.42633
1 163 28.20 27.34 0.620746 2021-06-23 14:04:13.939258 5 12 Florian 37.047076
1 112 22.94 27.34 0.559162 2021-06-23 14:04:14.498420 5 13 Florian 37.606238
1 56 16.76 27.34 0.262971 2021-06-23 14:04:14.761391 5 14 Florian 37.869209
2 71 19.06 26.70 1.182216 2021-06-23 14:04:15.943607 4 26 Noor 39.051425
2 62 17.75 26.27 0.586743 2021-06-23 14:04:16.530350 4 27 Noor 39.638168
0 147 26.19 26.70 0.066428 2021-06-23 14:04:16.596778 5 35 Carlo 39.704596
0 51 15.86 26.81 0.20977 2021-06-23 14:04:16.806548 5 36 Carlo 39.914366
1 199 33.86 27.34 1.269002 2021-06-23 14:04:18.075550 5 15 Florian 41.183368
2 120 23.58 26.48 0.016954 2021-06-23 14:04:18.092504 4 28 Noor 41.200322
1 77 19.81 27.34 0.356067 2021-06-23 14:04:18.448571 6 16 Florian 41.556389
0 248 42.69 26.70 0.950691 2021-06-23 14:04:19.399262 5 37 Carlo 42.50708
0 345 64.98 26.70 0.723494 2021-06-23 14:04:20.122756 5 38 Carlo 43.230574
0 99 21.91 26.59 0.619905 2021-06-23 14:04:20.742661 5 39 Carlo 43.850479
0 140 25.42 26.48 0.86162 2021-06-23 14:04:21.604281 5 40 Carlo 44.712099
1 92 21.32 27.34 1.164136 2021-06-23 14:04:22.768417 6 17 Florian 45.876235
0 62 17.75 26.70 0.015788 2021-06-23 14:04:22.784205 5 41 Carlo 45.892023
2 216 36.85 26.48 0.244548 2021-06-23 14:04:23.028753 5 29 Noor 46.136571
1 60 17.43 27.34 0.049819 2021-06-23 14:04:23.078572 7 18 Florian 46.18639
2 496 144.49 26.05 1.900764 2021-06-23 14:04:24.979336 6 30 Noor 48.087154
2 96 21.67 26.05 0.433575 2021-06-23 14:04:25.412911 6 31 Noor 48.520729
1 193 32.84 27.34 2.308617 2021-06-23 14:04:27.721528 8 19 Florian 50.829346
0 268 46.26 26.91 0.177627 2021-06-23 14:04:27.899155 6 42 Carlo 51.006973
0 319 57.64 26.70 0.033703 2021-06-23 14:04:27.932858 6 43 Carlo 51.040676
1 199 33.86 27.34 0.361936 2021-06-23 14:04:28.294794 8 20 Florian 51.402612
2 415 95.00 26.38 0.046246 2021-06-23 14:04:28.341040 6 32 Noor 51.448858
2 192 32.67 26.27 0.529984 2021-06-23 14:04:28.871024 7 33 Noor 51.978842
0 48 15.29 26.59 0.026698 2021-06-23 14:04:28.897722 6 44 Carlo 52.00554
1 185 31.51 27.34 0.029998 2021-06-23 14:04:28.927720 9 21 Florian 52.035538
2 243 41.74 26.70 0.016919 2021-06-23 14:04:28.944639 8 34 Noor 52.052457
0 480 130.21 26.91 0.801411 2021-06-23 14:04:29.746050 7 45 Carlo 52.853868
0 109 22.70 26.70 0.262053 2021-06-23 14:04:30.008103 7 46 Carlo 53.115921
0 280 48.67 26.81 1.496425 2021-06-23 14:04:31.504528 7 47 Carlo 54.612346
0 83 20.46 26.59 0.182112 2021-06-23 14:04:31.686640 7 48 Carlo 54.794458
0 220 37.58 26.59 0.06005 2021-06-23 14:04:31.746690 7 49 Carlo 54.854508
1 231 39.55 27.34 0.014854 2021-06-23 14:04:31.761544 10 22 Florian 54.869362
1 262 45.24 27.34 0.49727 2021-06-23 14:04:32.258814 11 23 Florian 55.366632
0 67 18.51 26.91 1.114496 2021-06-23 14:04:33.373310 8 50 Carlo 56.481128
0 81 20.25 26.91 0.123963 2021-06-23 14:04:33.497273 8 51 Carlo 56.605091
0 83 20.46 26.70 0.188686 2021-06-23 14:04:33.685959 8 52 Carlo 56.793777
1 88 20.96 27.34 2.130801 2021-06-23 14:04:35.816760 11 24 Florian 58.924578
1 391 82.35 27.34 1.341042 2021-06-23 14:04:37.157802 11 25 Florian 60.26562
0 225 38.48 26.70 1.221665 2021-06-23 14:04:38.379467 8 53 Carlo 61.487285
0 49 15.48 26.70 0.44578 2021-06-23 14:04:38.825247 8 54 Carlo 61.933065
0 181 30.87 26.91 0.658854 2021-06-23 14:04:39.484101 8 55 Carlo 62.591919
0 60 17.43 27.13 0.061444 2021-06-23 14:04:39.545545 8 56 Carlo 62.653363
2 99 21.91 26.27 2.204872 2021-06-23 14:04:41.750417 8 35 Noor 64.858235
0 224 38.29 26.91 1.128202 2021-06-23 14:04:42.878619 8 57 Carlo 65.986437
0 63 17.91 26.91 0.173156 2021-06-23 14:04:43.051775 8 58 Carlo 66.159593
0 109 22.70 26.70 0.281263 2021-06-23 14:04:43.333038 8 59 Carlo 66.440856
1 48 15.29 27.34 0.259759 2021-06-23 14:04:43.592797 11 26 Florian 66.700615
0 82 20.36 26.70 0.319386 2021-06-23 14:04:43.912183 8 60 Carlo 67.020001
0 113 23.02 27.13 0.422711 2021-06-23 14:04:44.334894 8 61 Carlo 67.442712
2 89 21.05 26.05 1.693002 2021-06-23 14:04:46.027896 8 36 Noor 69.135714
0 390 82.70 26.81 1.676015 2021-06-23 14:04:47.703911 8 62 Carlo 70.811729
0 216 36.85 27.13 1.213743 2021-06-23 14:04:48.917654 8 63 Carlo 72.025472
2 94 21.50 26.70 0.683205 2021-06-23 14:04:49.600859 8 37 Noor 72.708677
2 166 28.62 26.27 0.147218 2021-06-23 14:04:49.748077 8 38 Noor 72.855895
2 163 28.20 26.05 0.226862 2021-06-23 14:04:49.974939 8 39 Noor 73.082757
0 112 22.94 27.13 0.727105 2021-06-23 14:04:50.702044 8 64 Carlo 73.809862
2 211 35.96 26.70 0.621056 2021-06-23 14:04:51.323100 8 40 Noor 74.430918
0 89 21.05 26.70 0.42513 2021-06-23 14:04:51.748230 8 65 Carlo 74.856048
1 56 16.76 27.34 0.013793 2021-06-23 14:04:51.762023 11 27 Florian 74.869841
2 83 20.46 26.70 0.011316 2021-06-23 14:04:51.773339 8 41 Noor 74.881157
0 152 26.78 26.70 0.959918 2021-06-23 14:04:52.733257 9 66 Carlo 75.841075
2 48 15.29 26.48 0.151885 2021-06-23 14:04:52.885142 9 42 Noor 75.99296
0 243 41.74 26.91 0.532026 2021-06-23 14:04:53.417168 9 67 Carlo 76.524986
0 121 23.66 27.13 1.633854 2021-06-23 14:04:55.051022 9 68 Carlo 78.15884
0 359 69.86 27.13 0.436489 2021-06-23 14:04:55.487511 9 69 Carlo 78.595329
0 92 21.32 26.81 0.228135 2021-06-23 14:04:55.715646 9 70 Carlo 78.823464
0 83 20.46 26.91 0.418686 2021-06-23 14:04:56.134332 9 71 Carlo 79.24215
0 167 28.76 26.91 0.884073 2021-06-23 14:04:57.018405 9 72 Carlo 80.126223
0 441 109.77 26.81 1.58572 2021-06-23 14:04:58.604125 9 73 Carlo 81.711943
0 56 16.76 26.81 0.561718 2021-06-23 14:04:59.165843 9 74 Carlo 82.273661
2 76 19.69 26.38 0.320309 2021-06-23 14:04:59.486152 9 43 Noor 82.59397
0 56 16.76 26.70 0.023239 2021-06-23 14:04:59.509391 9 75 Carlo 82.617209
2 51 15.86 26.05 2.686789 2021-06-23 14:05:02.196180 10 44 Noor 85.303998
0 62 17.75 26.91 0.508785 2021-06-23 14:05:02.704965 10 76 Carlo 85.812783
0 268 46.26 26.70 1.066637 2021-06-23 14:05:03.771602 10 77 Carlo 86.87942
2 487 132.65 26.05 1.442422 2021-06-23 14:05:05.214024 10 45 Noor 88.321842
1 60 17.43 27.34 0.249389 2021-06-23 14:05:05.463413 12 28 Florian 88.571231
1 63 17.91 27.34 1.596717 2021-06-23 14:05:07.060130 12 29 Florian 90.167948
0 271 46.93 27.13 0.325476 2021-06-23 14:05:07.385606 10 78 Carlo 90.493424
1 96 21.67 27.34 0.014726 2021-06-23 14:05:07.400332 12 30 Florian 90.50815
0 71 19.06 26.91 0.381031 2021-06-23 14:05:07.781363 11 79 Carlo 90.889181
0 633 241.23 26.70 0.783913 2021-06-23 14:05:08.565276 11 80 Carlo 91.673094
1 51 15.86 27.34 1.784805 2021-06-23 14:05:10.350081 13 31 Florian 93.457899
1 192 32.67 27.45 0.03369 2021-06-23 14:05:10.383771 13 32 Florian 93.491589
0 152 26.78 26.70 0.274131 2021-06-23 14:05:10.657902 11 81 Carlo 93.76572
0 57 16.93 26.91 0.033577 2021-06-23 14:05:10.691479 11 82 Carlo 93.799297
2 63 17.91 26.27 0.214699 2021-06-23 14:05:10.906178 10 46 Noor 94.013996
0 172 29.49 27.34 0.379174 2021-06-23 14:05:11.285352 11 83 Carlo 94.39317
2 51 15.86 26.70 0.263981 2021-06-23 14:05:11.549333 10 47 Noor 94.657151
0 54 16.41 27.13 1.59879 2021-06-23 14:05:13.148123 11 84 Carlo 96.255941
1 127 24.18 27.34 1.137604 2021-06-23 14:05:14.285727 13 33 Florian 97.393545
0 90 21.14 26.91 0.017953 2021-06-23 14:05:14.303680 11 85 Carlo 97.411498
0 204 34.73 27.13 0.927043 2021-06-23 14:05:15.230723 12 86 Carlo 98.338541
0 57 16.93 26.81 0.099327 2021-06-23 14:05:15.330050 12 87 Carlo 98.437868
1 60 17.43 27.34 1.012122 2021-06-23 14:05:16.342172 14 34 Florian 99.44999
0 184 31.36 26.91 0.345678 2021-06-23 14:05:16.687850 12 88 Carlo 99.795668
0 88 20.96 27.13 0.073456 2021-06-23 14:05:16.761306 12 89 Carlo 99.869124
2 60 17.43 26.48 1.71457 2021-06-23 14:05:18.475876 10 48 Noor 101.583694
1 255 43.96 27.34 0.210026 2021-06-23 14:05:18.685902 14 35 Florian 101.79372
2 56 16.76 26.27 0.017892 2021-06-23 14:05:18.703794 10 49 Noor 101.811612
0 240 41.21 27.13 0.000151 2021-06-23 14:05:18.703945 12 90 Carlo 101.811763
0 285 49.78 27.02 0.195092 2021-06-23 14:05:18.899037 13 91 Carlo 102.006855
2 49 15.48 26.70 0.214091 2021-06-23 14:05:19.113128 11 50 Noor 102.220946
2 124 23.92 26.27 0.072166 2021-06-23 14:05:19.185294 11 51 Noor 102.293112
1 56 16.76 27.34 0.014902 2021-06-23 14:05:19.200196 15 36 Florian 102.308014
2 199 33.86 26.59 0.43214 2021-06-23 14:05:19.632336 12 52 Noor 102.740154
1 121 23.66 27.34 0.027362 2021-06-23 14:05:19.659698 16 37 Florian 102.767516
0 78 19.92 27.13 0.283662 2021-06-23 14:05:19.943360 13 92 Carlo 103.051178
0 460 119.54 27.02 0.61305 2021-06-23 14:05:20.556410 13 93 Carlo 103.664228
0 295 51.75 27.34 0.105611 2021-06-23 14:05:20.662021 13 94 Carlo 103.769839
0 76 19.69 26.91 0.435987 2021-06-23 14:05:21.098008 13 95 Carlo 104.205826
0 152 26.78 27.02 1.664187 2021-06-23 14:05:22.762195 13 96 Carlo 105.870013
2 67 18.51 26.48 2.099627 2021-06-23 14:05:24.861822 13 53 Noor 107.96964
2 71 19.06 26.05 0.491295 2021-06-23 14:05:25.353117 13 54 Noor 108.460935
0 159 27.66 26.91 0.201008 2021-06-23 14:05:25.554125 13 97 Carlo 108.661943
1 63 17.91 27.34 0.015708 2021-06-23 14:05:25.569833 17 38 Florian 108.677651
0 76 19.69 26.70 0.214918 2021-06-23 14:05:25.784751 14 98 Carlo 108.892569
0 99 21.91 26.70 0.267518 2021-06-23 14:05:26.052269 14 99 Carlo 109.160087
0 60 17.43 27.02 0.587683 2021-06-23 14:05:26.639952 14 100 Carlo 109.74777
0 70 18.93 27.13 0.24534 2021-06-23 14:05:26.885292 14 101 Carlo 109.99311
0 98 21.83 27.13 0.244303 2021-06-23 14:05:27.129595 14 102 Carlo 110.237413
0 51 15.86 26.91 0.933454 2021-06-23 14:05:28.063049 14 103 Carlo 111.170867
2 115 23.18 26.27 1.129256 2021-06-23 14:05:29.192305 13 55 Noor 112.300123
0 60 17.43 27.13 0.095742 2021-06-23 14:05:29.288047 14 104 Carlo 112.395865
2 140 25.42 26.38 1.004974 2021-06-23 14:05:30.293021 13 56 Noor 113.400839
2 209 35.61 26.70 0.126463 2021-06-23 14:05:30.419484 13 57 Noor 113.527302
0 89 21.05 26.70 1.091801 2021-06-23 14:05:31.511285 14 105 Carlo 114.619103
2 61 17.60 26.91 0.88575 2021-06-23 14:05:32.397035 13 58 Noor 115.504853
2 103 22.23 26.59 0.897245 2021-06-23 14:05:33.294280 13 59 Noor 116.402098
1 70 18.93 27.45 0.014795 2021-06-23 14:05:33.309075 18 39 Florian 116.416893
2 98 21.83 26.70 0.916753 2021-06-23 14:05:34.225828 14 60 Noor 117.333646
0 248 42.69 26.81 0.013734 2021-06-23 14:05:34.239562 14 106 Carlo 117.34738
1 79 20.03 27.34 0.003363 2021-06-23 14:05:34.242925 19 40 Florian 117.350743
0 185 31.51 26.91 0.205666 2021-06-23 14:05:34.448591 15 107 Carlo 117.556409
1 71 19.06 27.45 0.016937 2021-06-23 14:05:34.465528 20 41 Florian 117.573346
0 93 21.41 27.13 0.248962 2021-06-23 14:05:34.714490 16 108 Carlo 117.822308
0 71 19.06 27.34 0.050045 2021-06-23 14:05:34.764535 16 109 Carlo 117.872353
0 76 19.69 26.91 0.546178 2021-06-23 14:05:35.310713 16 110 Carlo 118.418531
0 179 30.55 27.24 0.934177 2021-06-23 14:05:36.244890 16 111 Carlo 119.352708
1 62 17.75 27.34 1.030159 2021-06-23 14:05:37.275049 21 42 Florian 120.382867
0 76 19.69 27.13 0.016909 2021-06-23 14:05:37.291958 16 112 Carlo 120.399776
2 142 25.64 26.27 0.343086 2021-06-23 14:05:37.635044 15 61 Noor 120.742862
0 167 28.76 27.34 0.014959 2021-06-23 14:05:37.650003 17 113 Carlo 120.757821
0 166 28.62 27.13 0.415901 2021-06-23 14:05:38.065904 18 114 Carlo 121.173722
2 92 21.32 26.70 0.579271 2021-06-23 14:05:38.645175 16 62 Noor 121.752993
2 63 17.91 26.27 2.219088 2021-06-23 14:05:40.864263 16 63 Noor 123.972081
0 249 42.85 27.13 0.093808 2021-06-23 14:05:40.958071 18 115 Carlo 124.065889
0 158 27.53 26.70 1.317805 2021-06-23 14:05:42.275876 18 116 Carlo 125.383694
2 316 56.81 26.27 0.464527 2021-06-23 14:05:42.740403 16 64 Noor 125.848221
0 120 23.58 27.34 0.03341 2021-06-23 14:05:42.773813 18 117 Carlo 125.881631
1 99 21.91 27.34 0.000156 2021-06-23 14:05:42.773969 22 43 Florian 125.881787
2 153 26.90 26.70 0.000147 2021-06-23 14:05:42.774116 17 65 Noor 125.881934
1 63 17.91 27.34 0.026567 2021-06-23 14:05:42.800683 23 44 Florian 125.908501
2 79 20.03 26.38 0.370173 2021-06-23 14:05:43.170856 17 66 Noor 126.278674
1 120 23.58 27.34 0.013485 2021-06-23 14:05:43.184341 23 45 Florian 126.292159
1 156 27.28 27.34 1.474196 2021-06-23 14:05:44.658537 24 46 Florian 127.766355
2 51 15.86 26.48 0.228921 2021-06-23 14:05:44.887458 18 67 Noor 127.995276
0 88 20.96 26.91 0.586489 2021-06-23 14:05:45.473947 19 118 Carlo 128.581765
2 344 64.67 26.48 0.213416 2021-06-23 14:05:45.687363 18 68 Noor 128.795181
0 57 16.93 26.91 0.629206 2021-06-23 14:05:46.316569 19 119 Carlo 129.424387
0 92 21.32 27.34 0.564429 2021-06-23 14:05:46.880998 19 120 Carlo 129.988816
0 51 15.86 27.13 0.198627 2021-06-23 14:05:47.079625 19 121 Carlo 130.187443
0 184 31.36 27.13 0.923151 2021-06-23 14:05:48.002776 19 122 Carlo 131.110594
1 103 22.23 27.34 0.016596 2021-06-23 14:05:48.019372 24 47 Florian 131.12719
2 76 19.69 26.59 0.001148 2021-06-23 14:05:48.020520 18 69 Noor 131.128338
1 51 15.86 27.45 0.379613 2021-06-23 14:05:48.400133 25 48 Florian 131.507951
1 99 21.91 27.34 0.076568 2021-06-23 14:05:48.476701 25 49 Florian 131.584519
0 117 23.34 27.02 0.107393 2021-06-23 14:05:48.584094 20 123 Carlo 131.691912
0 57 16.93 27.02 0.346914 2021-06-23 14:05:48.931008 20 124 Carlo 132.038826
0 110 22.78 27.13 0.219837 2021-06-23 14:05:49.150845 20 125 Carlo 132.258663
2 81 20.25 26.70 0.586654 2021-06-23 14:05:49.737499 19 70 Noor 132.845317
0 192 32.67 26.91 0.013428 2021-06-23 14:05:49.750927 20 126 Carlo 132.858745
1 120 23.58 27.34 0.0032 2021-06-23 14:05:49.754127 25 50 Florian 132.861945
0 51 15.86 27.13 1.302571 2021-06-23 14:05:51.056698 21 127 Carlo 134.164516
1 460 119.54 27.34 0.779923 2021-06-23 14:05:51.836621 26 51 Florian 134.944439
2 69 18.79 26.70 0.018668 2021-06-23 14:05:51.855289 20 71 Noor 134.963107
1 63 17.91 27.34 0.759752 2021-06-23 14:05:52.615041 27 52 Florian 135.722859
0 76 19.69 27.02 0.131539 2021-06-23 14:05:52.746580 21 128 Carlo 135.854398
0 88 20.96 26.91 1.066007 2021-06-23 14:05:53.812587 21 129 Carlo 136.920405
0 171 29.34 27.34 0.070941 2021-06-23 14:05:53.883528 21 130 Carlo 136.991346
0 295 51.75 27.13 0.278286 2021-06-23 14:05:54.161814 21 131 Carlo 137.269632
0 67 18.51 27.13 0.08935 2021-06-23 14:05:54.251164 21 132 Carlo 137.358982
2 63 17.91 26.70 0.170165 2021-06-23 14:05:54.421329 21 72 Noor 137.529147
0 88 20.96 27.24 0.460872 2021-06-23 14:05:54.882201 21 133 Carlo 137.990019
0 51 15.86 27.34 0.056464 2021-06-23 14:05:54.938665 21 134 Carlo 138.046483
2 391 82.35 26.48 1.244795 2021-06-23 14:05:56.183460 21 73 Noor 139.291278
0 63 17.91 27.13 0.702539 2021-06-23 14:05:56.885999 21 135 Carlo 139.993817
2 71 19.06 26.70 0.73874 2021-06-23 14:05:57.624739 21 74 Noor 140.732557
1 57 16.93 27.34 0.259428 2021-06-23 14:05:57.884167 27 53 Florian 140.991985
0 67 18.51 27.13 0.127453 2021-06-23 14:05:58.011620 21 136 Carlo 141.119438
0 344 64.67 26.91 0.145543 2021-06-23 14:05:58.157163 21 137 Carlo 141.264981
1 207 35.26 27.45 0.123484 2021-06-23 14:05:58.280647 27 54 Florian 141.388465
2 312 55.68 26.70 0.017793 2021-06-23 14:05:58.298440 21 75 Noor 141.406258
0 231 39.55 26.91 0.000157 2021-06-23 14:05:58.298597 21 138 Carlo 141.406415
0 56 16.76 27.13 0.036561 2021-06-23 14:05:58.335158 22 139 Carlo 141.442976
0 124 23.92 27.34 0.033361 2021-06-23 14:05:58.368519 22 140 Carlo 141.476337
1 508 144.95 27.34 0.131693 2021-06-23 14:05:58.500212 28 55 Florian 141.60803
0 295 51.75 27.34 0.032244 2021-06-23 14:05:58.532456 22 141 Carlo 141.640274
2 127 24.18 26.48 0.886268 2021-06-23 14:05:59.418724 22 76 Noor 142.526542
2 110 22.78 26.27 1.383363 2021-06-23 14:06:00.802087 22 77 Noor 143.909905
1 50 15.67 27.34 0.480787 2021-06-23 14:06:01.282874 29 56 Florian 144.390692
1 92 21.32 27.34 1.328297 2021-06-23 14:06:02.611171 29 57 Florian 145.718989
2 121 23.66 26.70 0.08688 2021-06-23 14:06:02.698051 22 78 Noor 145.805869
2 94 21.50 26.70 3.172684 2021-06-23 14:06:05.870735 22 79 Noor 148.978553
0 56 16.76 27.34 0.180807 2021-06-23 14:06:06.051542 23 142 Carlo 149.15936
0 78 19.92 27.34 0.214019 2021-06-23 14:06:06.265561 23 143 Carlo 149.373379
1 70 18.93 27.34 1.653802 2021-06-23 14:06:07.919363 29 58 Florian 151.027181
0 255 43.96 27.34 0.736568 2021-06-23 14:06:08.655931 23 144 Carlo 151.763749
2 127 24.18 26.70 0.654151 2021-06-23 14:06:09.310082 22 80 Noor 152.4179
2 480 130.21 26.27 0.368744 2021-06-23 14:06:09.678826 22 81 Noor 152.786644
0 226 38.63 27.34 0.453106 2021-06-23 14:06:10.131932 23 145 Carlo 153.23975
2 185 31.51 26.48 1.160398 2021-06-23 14:06:11.292330 22 82 Noor 154.400148
1 153 26.90 27.45 0.014565 2021-06-23 14:06:11.306895 29 59 Florian 154.414713
0 96 21.67 27.13 0.011957 2021-06-23 14:06:11.318852 23 146 Carlo 154.42667
0 112 22.94 27.34 0.895391 2021-06-23 14:06:12.214243 24 147 Carlo 155.322061
0 113 23.02 27.13 0.305083 2021-06-23 14:06:12.519326 24 148 Carlo 155.627144
1 184 31.36 27.34 0.137515 2021-06-23 14:06:12.656841 30 60 Florian 155.764659
0 163 28.20 27.34 0.497489 2021-06-23 14:06:13.154330 24 149 Carlo 156.262148
1 302 53.30 27.45 0.247913 2021-06-23 14:06:13.402243 30 61 Florian 156.510061
0 163 28.20 27.34 0.099077 2021-06-23 14:06:13.501320 24 150 Carlo 156.609138
1 60 17.43 27.34 0.016707 2021-06-23 14:06:13.518027 30 62 Florian 156.625845
2 103 22.23 26.48 0.604099 2021-06-23 14:06:14.122126 23 83 Noor 157.229944
0 167 28.76 27.34 1.215959 2021-06-23 14:06:15.338085 25 151 Carlo 158.445903
1 99 21.91 27.34 0.016676 2021-06-23 14:06:15.354761 31 63 Florian 158.462579
2 56 16.76 26.70 0.000157 2021-06-23 14:06:15.354918 23 84 Noor 158.462736
0 504 143.61 26.91 0.461768 2021-06-23 14:06:15.816686 26 152 Carlo 158.924504
1 69 18.79 27.34 0.154238 2021-06-23 14:06:15.970924 32 64 Florian 159.078742
0 364 71.71 27.13 0.094966 2021-06-23 14:06:16.065890 26 153 Carlo 159.173708
1 98 21.83 27.34 0.352549 2021-06-23 14:06:16.418439 32 65 Florian 159.526257
2 66 18.36 26.48 0.858942 2021-06-23 14:06:17.277381 24 85 Noor 160.385199
0 124 23.92 27.24 1.658451 2021-06-23 14:06:18.935832 26 154 Carlo 162.04365
2 127 24.18 26.48 0.016981 2021-06-23 14:06:18.952813 24 86 Noor 162.060631
1 286 49.78 27.34 0.171883 2021-06-23 14:06:19.124696 32 66 Florian 162.232514
0 111 22.86 27.24 0.139792 2021-06-23 14:06:19.264488 27 155 Carlo 162.372306
0 99 21.91 26.91 0.06636 2021-06-23 14:06:19.330848 27 156 Carlo 162.438666
1 63 17.91 27.34 0.01559 2021-06-23 14:06:19.346438 32 67 Florian 162.454256
0 71 19.06 26.91 0.451569 2021-06-23 14:06:19.798007 28 157 Carlo 162.905825
0 71 19.06 27.13 0.792119 2021-06-23 14:06:20.590126 28 158 Carlo 163.697944
0 78 19.92 27.34 1.055672 2021-06-23 14:06:21.645798 28 159 Carlo 164.753616
1 109 22.70 27.34 0.207847 2021-06-23 14:06:21.853645 33 68 Florian 164.961463
0 49 15.48 27.13 0.337958 2021-06-23 14:06:22.191603 28 160 Carlo 165.299421
0 204 34.73 27.34 0.232433 2021-06-23 14:06:22.424036 28 161 Carlo 165.531854
1 161 27.93 27.45 0.18587 2021-06-23 14:06:22.609906 33 69 Florian 165.717724
0 51 15.86 27.13 0.291751 2021-06-23 14:06:22.901657 28 162 Carlo 166.009475
0 216 36.85 27.13 0.490389 2021-06-23 14:06:23.392046 28 163 Carlo 166.499864
2 105 22.39 26.59 0.911779 2021-06-23 14:06:24.303825 25 87 Noor 167.411643
2 50 15.67 26.91 0.725619 2021-06-23 14:06:25.029444 25 88 Noor 168.137262
1 158 27.53 27.34 0.485446 2021-06-23 14:06:25.514890 33 70 Florian 168.622708
0 76 19.69 27.34 0.573485 2021-06-23 14:06:26.088375 28 164 Carlo 169.196193
2 167 28.76 26.48 0.694828 2021-06-23 14:06:26.783203 25 89 Noor 169.891021
1 134 24.82 27.34 0.014473 2021-06-23 14:06:26.797676 33 71 Florian 169.905494
0 227 38.83 27.13 2.012888 2021-06-23 14:06:28.810564 28 165 Carlo 171.918382
2 96 21.67 26.48 0.839927 2021-06-23 14:06:29.650491 26 90 Noor 172.758309
1 81 20.25 27.34 0.013462 2021-06-23 14:06:29.663953 34 72 Florian 172.771771
0 56 16.76 27.13 0.616499 2021-06-23 14:06:30.280452 28 166 Carlo 173.38827
0 92 21.32 27.34 0.395372 2021-06-23 14:06:30.675824 28 167 Carlo 173.783642
0 88 20.96 27.34 0.860938 2021-06-23 14:06:31.536762 28 168 Carlo 174.64458
0 58 17.10 27.34 1.035903 2021-06-23 14:06:32.572665 28 169 Carlo 175.680483
1 101 22.08 27.45 2.068706 2021-06-23 14:06:34.641371 35 73 Florian 177.749189
0 224 38.29 27.13 1.831071 2021-06-23 14:06:36.472442 28 170 Carlo 179.58026
0 76 19.69 26.91 0.733126 2021-06-23 14:06:37.205568 28 171 Carlo 180.313386
2 63 17.91 26.27 0.083758 2021-06-23 14:06:37.289326 27 91 Noor 180.397144
2 147 26.19 26.91 0.09724 2021-06-23 14:06:37.386566 27 92 Noor 180.494384
0 99 21.91 27.34 0.481683 2021-06-23 14:06:37.868249 28 172 Carlo 180.976067
1 89 21.05 27.34 0.283831 2021-06-23 14:06:38.152080 35 74 Florian 181.259898
1 146 26.08 27.34 2.308249 2021-06-23 14:06:40.460329 35 75 Florian 183.568147
0 248 42.69 27.13 0.017815 2021-06-23 14:06:40.478144 28 173 Carlo 183.585962
0 206 35.07 27.34 0.379761 2021-06-23 14:06:40.857905 29 174 Carlo 183.965723
0 79 20.03 27.34 0.212704 2021-06-23 14:06:41.070609 29 175 Carlo 184.178427
0 96 21.67 27.34 0.115674 2021-06-23 14:06:41.186283 29 176 Carlo 184.294101
2 291 50.97 26.38 0.489214 2021-06-23 14:06:41.675497 27 93 Noor 184.783315
1 57 16.93 27.34 0.037253 2021-06-23 14:06:41.712750 36 76 Florian 184.820568
1 79 20.03 27.34 0.81598 2021-06-23 14:06:42.528730 37 77 Florian 185.636548
0 62 17.75 27.34 2.05989 2021-06-23 14:06:44.588620 29 177 Carlo 187.696438
1 51 15.86 27.34 1.292389 2021-06-23 14:06:45.881009 37 78 Florian 188.988827
1 103 22.23 27.45 0.051818 2021-06-23 14:06:45.932827 37 79 Florian 189.040645
2 131 24.54 26.70 0.082376 2021-06-23 14:06:46.015203 28 94 Noor 189.123021
1 49 15.48 27.34 0.965081 2021-06-23 14:06:46.980284 37 80 Florian 190.088102
2 71 19.06 26.16 0.628877 2021-06-23 14:06:47.609161 28 95 Noor 190.716979
2 79 20.03 26.91 0.233357 2021-06-23 14:06:47.842518 28 96 Noor 190.950336
1 271 46.93 27.34 0.01446 2021-06-23 14:06:47.856978 37 81 Florian 190.964796
0 295 51.75 27.34 0.264389 2021-06-23 14:06:48.121367 29 178 Carlo 191.229185
0 56 16.76 27.34 0.61187 2021-06-23 14:06:48.733237 29 179 Carlo 191.841055
2 408 90.57 26.59 1.206133 2021-06-23 14:06:49.939370 29 97 Noor 193.047188
1 67 18.51 27.34 0.913329 2021-06-23 14:06:50.852699 38 82 Florian 193.960517
0 216 36.85 27.34 0.491779 2021-06-23 14:06:51.344478 29 180 Carlo 194.452296
2 57 16.93 26.38 0.466225 2021-06-23 14:06:51.810703 29 98 Noor 194.918521
1 124 23.92 27.34 0.014534 2021-06-23 14:06:51.825237 38 83 Florian 194.933055
1 76 19.69 27.34 0.451217 2021-06-23 14:06:52.276454 39 84 Florian 195.384272
2 172 29.49 26.48 0.320999 2021-06-23 14:06:52.597453 30 99 Noor 195.705271
1 102 22.15 27.34 0.106753 2021-06-23 14:06:52.704206 39 85 Florian 195.812024
1 71 19.06 27.34 0.331248 2021-06-23 14:06:53.035454 39 86 Florian 196.143272
2 152 26.78 26.91 0.107749 2021-06-23 14:06:53.143203 30 100 Noor 196.251021
0 88 20.96 27.13 0.044881 2021-06-23 14:06:53.188084 29 181 Carlo 196.295902
0 56 16.76 27.13 0.03336 2021-06-23 14:06:53.221444 30 182 Carlo 196.329262
1 56 16.76 27.45 0.299443 2021-06-23 14:06:53.520887 39 87 Florian 196.628705
0 441 109.77 27.13 0.0576 2021-06-23 14:06:53.578487 30 183 Carlo 196.686305
2 79 20.03 26.91 1.088176 2021-06-23 14:06:54.666663 31 101 Noor 197.774481
2 74 19.44 26.27 0.893163 2021-06-23 14:06:55.559826 31 102 Noor 198.667644
0 51 15.86 27.34 1.30838 2021-06-23 14:06:56.868206 30 184 Carlo 199.976024
1 304 53.73 27.45 0.145631 2021-06-23 14:06:57.013837 39 88 Florian 200.121655
2 63 17.91 26.27 0.984577 2021-06-23 14:06:57.998414 31 103 Noor 201.106232
0 124 23.92 27.24 0.135821 2021-06-23 14:06:58.134235 30 185 Carlo 201.242053
0 115 23.18 27.34 0.781619 2021-06-23 14:06:58.915854 30 186 Carlo 202.023672
0 68 18.65 27.13 1.345501 2021-06-23 14:07:00.261355 30 187 Carlo 203.369173
1 79 20.03 27.34 0.460271 2021-06-23 14:07:00.721626 39 89 Florian 203.829444
0 243 41.74 27.34 0.182419 2021-06-23 14:07:00.904045 30 188 Carlo 204.011863
0 216 36.85 26.91 0.537863 2021-06-23 14:07:01.441908 30 189 Carlo 204.549726
1 96 21.67 27.34 0.839497 2021-06-23 14:07:02.281405 39 90 Florian 205.389223
0 403 88.99 27.13 0.198842 2021-06-23 14:07:02.480247 30 190 Carlo 205.588065
0 147 26.19 27.34 0.983551 2021-06-23 14:07:03.463798 30 191 Carlo 206.571616
2 504 143.61 26.27 0.083251 2021-06-23 14:07:03.547049 31 104 Noor 206.654867
0 281 48.90 27.34 0.699991 2021-06-23 14:07:04.247040 30 192 Carlo 207.354858
1 259 44.69 27.45 0.017689 2021-06-23 14:07:04.264729 39 91 Florian 207.372547
0 220 37.58 27.34 1.867398 2021-06-23 14:07:06.132127 31 193 Carlo 209.239945
0 67 18.51 27.34 0.823365 2021-06-23 14:07:06.955492 31 194 Carlo 210.06331
2 57 16.93 26.70 0.33296 2021-06-23 14:07:07.288452 31 105 Noor 210.39627
2 199 33.86 26.48 0.453429 2021-06-23 14:07:07.741881 31 106 Noor 210.849699
1 83 20.46 27.45 0.015594 2021-06-23 14:07:07.757475 40 92 Florian 210.865293
1 74 19.44 27.34 0.566667 2021-06-23 14:07:08.324142 41 93 Florian 211.43196
0 152 26.78 27.34 0.28375 2021-06-23 14:07:08.607892 31 195 Carlo 211.71571
2 71 19.06 26.38 1.182851 2021-06-23 14:07:09.790743 32 107 Noor 212.898561
1 71 19.06 27.34 1.007818 2021-06-23 14:07:10.798561 41 94 Florian 213.906379
0 319 57.64 27.34 0.800883 2021-06-23 14:07:11.599444 31 196 Carlo 214.707262
0 49 15.48 27.34 0.307167 2021-06-23 14:07:11.906611 31 197 Carlo 215.014429
0 305 53.88 27.34 0.033358 2021-06-23 14:07:11.939969 31 198 Carlo 215.047787
2 103 22.23 26.48 0.103855 2021-06-23 14:07:12.043824 32 108 Noor 215.151642
0 71 19.06 27.34 0.255996 2021-06-23 14:07:12.299820 31 199 Carlo 215.407638
0 377 76.28 27.13 0.784724 2021-06-23 14:07:13.084544 31 200 Carlo 216.192362
0 78 19.92 27.34 0.117015 2021-06-23 14:07:13.201559 31 201 Carlo 216.309377
0 138 25.22 27.34 0.213056 2021-06-23 14:07:13.414615 31 202 Carlo 216.522433
0 167 28.76 27.13 0.585023 2021-06-23 14:07:13.999638 31 203 Carlo 217.107456
0 56 16.76 27.13 1.419443 2021-06-23 14:07:15.419081 31 204 Carlo 218.526899
0 63 17.91 27.13 0.061825 2021-06-23 14:07:15.480906 31 205 Carlo 218.588724
0 334 61.44 27.34 0.521799 2021-06-23 14:07:16.002705 31 206 Carlo 219.110523
0 162 28.06 27.34 0.690284 2021-06-23 14:07:16.692989 31 207 Carlo 219.800807
2 79 20.03 26.27 0.135402 2021-06-23 14:07:16.828391 32 109 Noor 219.936209
0 163 28.20 27.34 0.143199 2021-06-23 14:07:16.971590 31 208 Carlo 220.079408
2 49 15.48 26.70 1.554184 2021-06-23 14:07:18.525774 32 110 Noor 221.633592
2 188 32.01 26.48 0.150199 2021-06-23 14:07:18.675973 32 111 Noor 221.783791
2 82 20.36 26.48 1.243642 2021-06-23 14:07:19.919615 32 112 Noor 223.027433
1 88 20.96 27.34 0.306306 2021-06-23 14:07:20.225921 41 95 Florian 223.333739
1 57 16.93 27.34 0.12508 2021-06-23 14:07:20.351001 41 96 Florian 223.458819
0 185 31.51 27.34 1.882994 2021-06-23 14:07:22.233995 31 209 Carlo 225.341813
1 204 34.73 27.34 0.092316 2021-06-23 14:07:22.326311 41 97 Florian 225.434129
2 193 32.84 26.48 0.073214 2021-06-23 14:07:22.399525 32 113 Noor 225.507343
0 172 29.49 27.13 0.202091 2021-06-23 14:07:22.601616 31 210 Carlo 225.709434
2 152 26.78 26.48 0.327865 2021-06-23 14:07:22.929481 32 114 Noor 226.037299
0 163 28.20 27.13 0.015634 2021-06-23 14:07:22.945115 31 211 Carlo 226.052933
1 92 21.32 27.34 0.002143 2021-06-23 14:07:22.947258 41 98 Florian 226.055076
1 295 51.75 27.34 0.516894 2021-06-23 14:07:23.464152 42 99 Florian 226.57197
2 69 18.79 26.48 0.02634 2021-06-23 14:07:23.490492 33 115 Noor 226.59831
0 184 31.36 27.34 0.093747 2021-06-23 14:07:23.584239 32 212 Carlo 226.692057
1 63 17.91 27.34 0.017691 2021-06-23 14:07:23.601930 43 100 Florian 226.709748
1 241 41.39 27.34 0.553904 2021-06-23 14:07:24.155834 44 101 Florian 227.263652
0 112 22.94 27.02 1.478071 2021-06-23 14:07:25.633905 33 213 Carlo 228.741723
2 76 19.69 26.48 0.269127 2021-06-23 14:07:25.903032 34 116 Noor 229.01085
0 60 17.43 26.91 0.586487 2021-06-23 14:07:26.489519 33 214 Carlo 229.597337
2 163 28.20 26.91 1.087958 2021-06-23 14:07:27.577477 34 117 Noor 230.685295
1 67 18.51 27.34 0.064559 2021-06-23 14:07:27.642036 44 102 Florian 230.749854
0 115 23.18 27.34 1.196999 2021-06-23 14:07:28.839035 33 215 Carlo 231.946853
0 259 44.69 27.34 1.697973 2021-06-23 14:07:30.537008 33 216 Carlo 233.644826
0 304 53.73 27.34 0.306878 2021-06-23 14:07:30.843886 33 217 Carlo 233.951704
0 56 16.76 27.34 0.335196 2021-06-23 14:07:31.179082 33 218 Carlo 234.2869
2 199 33.86 26.91 0.304565 2021-06-23 14:07:31.483647 34 118 Noor 234.591465
1 126 24.09 27.34 0.075003 2021-06-23 14:07:31.558650 44 103 Florian 234.666468
0 225 38.48 27.34 0.442195 2021-06-23 14:07:32.000845 33 219 Carlo 235.108663
2 57 16.93 26.91 0.270998 2021-06-23 14:07:32.271843 34 119 Noor 235.379661
0 76 19.69 27.34 0.572397 2021-06-23 14:07:32.844240 33 220 Carlo 235.952058
0 63 17.91 27.34 0.565473 2021-06-23 14:07:33.409713 33 221 Carlo 236.517531
0 109 22.70 27.34 0.684564 2021-06-23 14:07:34.094277 33 222 Carlo 237.202095
1 216 36.85 27.34 0.362639 2021-06-23 14:07:34.456916 44 104 Florian 237.564734
1 108 22.63 27.34 0.033457 2021-06-23 14:07:34.490373 44 105 Florian 237.598191
0 147 26.19 27.34 0.13636 2021-06-23 14:07:34.626733 33 223 Carlo 237.734551
0 284 49.41 27.34 0.063132 2021-06-23 14:07:34.689865 33 224 Carlo 237.797683
0 71 19.06 27.34 0.581329 2021-06-23 14:07:35.271194 33 225 Carlo 238.379012
0 178 30.40 27.34 0.346659 2021-06-23 14:07:35.617853 33 226 Carlo 238.725671
1 241 41.39 27.34 0.690051 2021-06-23 14:07:36.307904 44 106 Florian 239.415722
0 57 16.93 27.34 2.448588 2021-06-23 14:07:38.756492 33 227 Carlo 241.86431
0 176 30.09 27.34 0.710164 2021-06-23 14:07:39.466656 33 228 Carlo 242.574474
1 227 38.83 27.34 0.088585 2021-06-23 14:07:39.555241 44 107 Florian 242.663059
0 50 15.67 27.34 0.147297 2021-06-23 14:07:39.702538 33 229 Carlo 242.810356
0 159 27.66 27.34 0.45512 2021-06-23 14:07:40.157658 33 230 Carlo 243.265476
0 126 24.09 27.34 0.214427 2021-06-23 14:07:40.372085 33 231 Carlo 243.479903
2 60 17.43 26.70 0.599686 2021-06-23 14:07:40.971771 34 120 Noor 244.079589
0 334 61.44 27.34 0.226121 2021-06-23 14:07:41.197892 33 232 Carlo 244.30571
0 203 34.56 27.13 1.414267 2021-06-23 14:07:42.612159 33 233 Carlo 245.719977
2 79 20.03 26.91 0.211532 2021-06-23 14:07:42.823691 34 121 Noor 245.931509
0 467 121.56 27.13 0.014586 2021-06-23 14:07:42.838277 33 234 Carlo 245.946095
1 415 95.00 27.45 0.00418 2021-06-23 14:07:42.842457 44 108 Florian 245.950275
1 89 21.05 27.34 0.801233 2021-06-23 14:07:43.643690 45 109 Florian 246.751508
2 143 25.74 26.70 0.017698 2021-06-23 14:07:43.661388 35 122 Noor 246.769206
1 185 31.51 27.34 0.061186 2021-06-23 14:07:43.722574 46 110 Florian 246.830392
2 51 15.86 26.70 0.195306 2021-06-23 14:07:43.917880 36 123 Noor 247.025698
0 120 23.58 27.13 0.014606 2021-06-23 14:07:43.932486 34 235 Carlo 247.040304
1 56 16.76 27.34 0.013925 2021-06-23 14:07:43.946411 46 111 Florian 247.054229
1 62 17.75 27.45 0.446512 2021-06-23 14:07:44.392923 47 112 Florian 247.500741
0 271 46.93 27.34 0.245647 2021-06-23 14:07:44.638570 35 236 Carlo 247.746388
0 243 41.74 27.13 0.089668 2021-06-23 14:07:44.728238 35 237 Carlo 247.836056
2 156 27.28 26.70 0.295565 2021-06-23 14:07:45.023803 37 124 Noor 248.131621
1 81 20.25 27.34 0.015597 2021-06-23 14:07:45.039400 47 113 Florian 248.147218
0 53 16.22 27.34 1.038326 2021-06-23 14:07:46.077726 35 238 Carlo 249.185544
0 60 17.43 27.34 0.166352 2021-06-23 14:07:46.244078 35 239 Carlo 249.351896
1 403 88.99 27.34 0.154701 2021-06-23 14:07:46.398779 48 114 Florian 249.506597
2 83 20.46 26.70 0.979002 2021-06-23 14:07:47.377781 38 125 Noor 250.485599
2 79 20.03 26.70 0.061811 2021-06-23 14:07:47.439592 38 126 Noor 250.54741
2 79 20.03 26.91 0.913761 2021-06-23 14:07:48.353353 38 127 Noor 251.461171
0 143 25.74 27.13 0.014478 2021-06-23 14:07:48.367831 35 240 Carlo 251.475649
2 50 15.67 26.59 0.138825 2021-06-23 14:07:48.506656 39 128 Noor 251.614474
2 206 35.07 26.91 0.090189 2021-06-23 14:07:48.596845 39 129 Noor 251.704663
2 78 19.92 26.81 0.033388 2021-06-23 14:07:48.630233 39 130 Noor 251.738051
0 364 71.71 27.34 0.718959 2021-06-23 14:07:49.349192 36 241 Carlo 252.45701
0 275 47.73 27.34 0.32308 2021-06-23 14:07:49.672272 36 242 Carlo 252.78009
0 174 29.79 27.34 0.598591 2021-06-23 14:07:50.270863 36 243 Carlo 253.378681
0 255 43.96 27.34 0.033369 2021-06-23 14:07:50.304232 36 244 Carlo 253.41205
0 101 22.08 27.34 0.743585 2021-06-23 14:07:51.047817 36 245 Carlo 254.155635
0 543 164.77 27.13 0.033429 2021-06-23 14:07:51.081246 36 246 Carlo 254.189064
0 467 121.56 27.13 1.293864 2021-06-23 14:07:52.375110 36 247 Carlo 255.482928
2 92 21.32 26.70 1.028548 2021-06-23 14:07:53.403658 39 131 Noor 256.511476
0 150 26.54 27.34 0.01449 2021-06-23 14:07:53.418148 36 248 Carlo 256.525966
1 204 34.73 27.45 0.00337 2021-06-23 14:07:53.421518 48 115 Florian 256.529336
1 249 42.85 27.34 0.081719 2021-06-23 14:07:53.503237 49 116 Florian 256.611055
2 248 42.69 26.48 0.018723 2021-06-23 14:07:53.521960 40 132 Noor 256.629778
2 99 21.91 26.70 0.806642 2021-06-23 14:07:54.328602 41 133 Noor 257.43642
1 216 36.85 27.34 0.264763 2021-06-23 14:07:54.593365 50 117 Florian 257.701183
1 243 41.74 27.34 0.351071 2021-06-23 14:07:54.944436 50 118 Florian 258.052254
0 51 15.86 27.34 1.179167 2021-06-23 14:07:56.123603 37 249 Carlo 259.231421
1 198 33.69 27.34 0.92747 2021-06-23 14:07:57.051073 50 119 Florian 260.158891
0 124 23.92 27.13 0.319729 2021-06-23 14:07:57.370802 37 250 Carlo 260.47862
0 49 15.48 27.34 1.453515 2021-06-23 14:07:58.824317 37 251 Carlo 261.932135
0 92 21.32 27.34 0.07884 2021-06-23 14:07:58.903157 37 252 Carlo 262.010975
0 202 34.38 27.34 0.850916 2021-06-23 14:07:59.754073 37 253 Carlo 262.861891
2 152 26.78 26.48 0.718529 2021-06-23 14:08:00.472602 41 134 Noor 263.58042
0 440 109.25 27.34 2.737222 2021-06-23 14:08:03.209824 37 254 Carlo 266.317642
2 76 19.69 26.70 0.247897 2021-06-23 14:08:03.457721 41 135 Noor 266.565539
0 170 29.19 27.13 0.014458 2021-06-23 14:08:03.472179 37 255 Carlo 266.579997
1 71 19.06 27.34 0.003253 2021-06-23 14:08:03.475432 50 120 Florian 266.58325
0 120 23.58 27.34 0.643721 2021-06-23 14:08:04.119153 38 256 Carlo 267.226971
0 147 26.19 27.34 0.269212 2021-06-23 14:08:04.388365 38 257 Carlo 267.496183
0 71 19.06 27.34 0.051129 2021-06-23 14:08:04.439494 38 258 Carlo 267.547312
2 79 20.03 26.81 0.398205 2021-06-23 14:08:04.837699 42 136 Noor 267.945517
0 242 41.58 27.34 0.143163 2021-06-23 14:08:04.980862 38 259 Carlo 268.08868
0 300 52.79 27.34 0.365522 2021-06-23 14:08:05.346384 38 260 Carlo 268.454202
1 225 38.48 27.34 0.915913 2021-06-23 14:08:06.262297 51 121 Florian 269.370115
2 432 101.61 26.70 1.316695 2021-06-23 14:08:07.578992 42 137 Noor 270.68681
2 198 33.69 26.81 1.860125 2021-06-23 14:08:09.439117 42 138 Noor 272.546935
1 295 51.75 27.34 0.015569 2021-06-23 14:08:09.454686 51 122 Florian 272.562504
0 71 19.06 27.13 0.735285 2021-06-23 14:08:10.189971 38 261 Carlo 273.297789
0 62 17.75 27.34 0.801391 2021-06-23 14:08:10.991362 38 262 Carlo 274.09918
0 71 19.06 27.34 0.971708 2021-06-23 14:08:11.963070 38 263 Carlo 275.070888
0 62 17.75 27.34 0.138961 2021-06-23 14:08:12.102031 38 264 Carlo 275.209849
0 414 93.93 27.34 0.126579 2021-06-23 14:08:12.228610 38 265 Carlo 275.336428
0 56 16.76 27.34 0.060584 2021-06-23 14:08:12.289194 38 266 Carlo 275.397012
2 229 39.22 26.38 1.505087 2021-06-23 14:08:13.794281 43 139 Noor 276.902099
0 156 27.28 27.13 0.509548 2021-06-23 14:08:14.303829 38 267 Carlo 277.411647
1 496 144.49 27.34 0.045977 2021-06-23 14:08:14.349806 52 123 Florian 277.457624
2 56 16.76 26.91 1.41731 2021-06-23 14:08:15.767116 43 140 Noor 278.874934
0 338 62.67 27.34 0.050034 2021-06-23 14:08:15.817150 39 268 Carlo 278.924968
2 193 32.84 26.70 0.438454 2021-06-23 14:08:16.255604 43 141 Noor 279.363422
1 142 25.64 27.34 0.015675 2021-06-23 14:08:16.271279 53 124 Florian 279.379097
0 89 21.05 27.34 1.827079 2021-06-23 14:08:18.098358 39 269 Carlo 281.206176
1 227 38.83 27.34 0.235278 2021-06-23 14:08:18.333636 54 125 Florian 281.441454
0 162 28.06 27.34 0.226558 2021-06-23 14:08:18.560194 39 270 Carlo 281.668012
0 65 18.22 27.34 0.258271 2021-06-23 14:08:18.818465 39 271 Carlo 281.926283
2 78 19.92 26.91 0.672287 2021-06-23 14:08:19.490752 44 142 Noor 282.59857
2 156 27.28 26.70 0.275968 2021-06-23 14:08:19.766720 44 143 Noor 282.874538
0 67 18.51 27.34 0.17977 2021-06-23 14:08:19.946490 39 272 Carlo 283.054308
0 169 29.05 27.13 0.086862 2021-06-23 14:08:20.033352 39 273 Carlo 283.14117
0 51 15.86 27.34 0.082082 2021-06-23 14:08:20.115434 39 274 Carlo 283.223252
2 227 38.83 26.70 0.460462 2021-06-23 14:08:20.575896 44 144 Noor 283.683714
0 195 33.17 27.34 0.148262 2021-06-23 14:08:20.724158 39 275 Carlo 283.831976
2 62 17.75 26.70 0.474641 2021-06-23 14:08:21.198799 44 145 Noor 284.306617
2 101 22.08 26.70 0.291318 2021-06-23 14:08:21.490117 44 146 Noor 284.597935
0 76 19.69 27.34 0.153412 2021-06-23 14:08:21.643529 39 276 Carlo 284.751347
0 73 19.32 27.34 0.37768 2021-06-23 14:08:22.021209 39 277 Carlo 285.129027
0 127 24.18 27.34 0.194495 2021-06-23 14:08:22.215704 39 278 Carlo 285.323522
0 195 33.17 27.13 0.447409 2021-06-23 14:08:22.663113 39 279 Carlo 285.770931
1 60 17.43 27.34 0.256331 2021-06-23 14:08:22.919444 54 126 Florian 286.027262
0 63 17.91 27.34 1.394345 2021-06-23 14:08:24.313789 39 280 Carlo 287.421607
0 60 17.43 27.34 0.187404 2021-06-23 14:08:24.501193 39 281 Carlo 287.609011
0 57 16.93 27.34 1.154423 2021-06-23 14:08:25.655616 39 282 Carlo 288.763434
0 268 46.26 27.34 0.151458 2021-06-23 14:08:25.807074 39 283 Carlo 288.914892
0 88 20.96 27.34 0.073078 2021-06-23 14:08:25.880152 39 284 Carlo 288.98797
0 207 35.26 27.34 0.187754 2021-06-23 14:08:26.067906 39 285 Carlo 289.175724
0 52 16.04 27.34 0.289584 2021-06-23 14:08:26.357490 39 286 Carlo 289.465308
0 227 38.83 27.34 2.798588 2021-06-23 14:08:29.156078 39 287 Carlo 292.263896
2 70 18.93 26.59 0.017746 2021-06-23 14:08:29.173824 44 147 Noor 292.281642
2 487 132.65 26.70 0.71417 2021-06-23 14:08:29.887994 45 148 Noor 292.995812
0 86 20.77 27.34 0.101755 2021-06-23 14:08:29.989749 40 288 Carlo 293.097567
0 83 20.46 27.34 1.07609 2021-06-23 14:08:31.065839 40 289 Carlo 294.173657
0 249 42.85 27.34 0.426349 2021-06-23 14:08:31.492188 40 290 Carlo 294.600006
1 51 15.86 27.34 0.122002 2021-06-23 14:08:31.614190 54 127 Florian 294.722008
0 138 25.22 27.34 1.037535 2021-06-23 14:08:32.651725 40 291 Carlo 295.759543
2 176 30.09 26.59 0.15276 2021-06-23 14:08:32.804485 45 149 Noor 295.912303
2 113 23.02 26.48 0.091982 2021-06-23 14:08:32.896467 45 150 Noor 296.004285
2 444 109.09 26.70 0.141604 2021-06-23 14:08:33.038071 45 151 Noor 296.145889
0 192 32.67 27.13 0.016665 2021-06-23 14:08:33.054736 40 292 Carlo 296.162554
1 145 25.96 27.45 0.001091 2021-06-23 14:08:33.055827 54 128 Florian 296.163645
1 135 24.92 27.34 1.993165 2021-06-23 14:08:35.048992 55 129 Florian 298.15681
1 60 17.43 27.34 0.228703 2021-06-23 14:08:35.277695 55 130 Florian 298.385513
1 63 17.91 27.34 0.333227 2021-06-23 14:08:35.610922 55 131 Florian 298.71874
1 240 41.21 27.34 1.773679 2021-06-23 14:08:37.384601 55 132 Florian 300.492419
0 60 17.43 27.34 1.906235 2021-06-23 14:08:39.290836 41 293 Carlo 302.398654
2 112 22.94 26.59 1.839556 2021-06-23 14:08:41.130392 46 152 Noor 304.23821
0 71 19.06 27.34 1.366712 2021-06-23 14:08:42.497104 41 294 Carlo 305.604922
2 76 19.69 26.70 0.917758 2021-06-23 14:08:43.414862 46 153 Noor 306.52268
1 56 16.76 27.34 0.014631 2021-06-23 14:08:43.429493 55 133 Florian 306.537311
0 371 73.82 27.34 0.161397 2021-06-23 14:08:43.590890 41 295 Carlo 306.698708
0 195 33.17 27.34 0.493831 2021-06-23 14:08:44.084721 41 296 Carlo 307.192539
0 53 16.22 27.13 0.191719 2021-06-23 14:08:44.276440 41 297 Carlo 307.384258
0 704 326.52 27.34 0.03337 2021-06-23 14:08:44.309810 41 298 Carlo 307.417628
2 57 16.93 26.70 0.639539 2021-06-23 14:08:44.949349 47 154 Noor 308.057167
1 63 17.91 27.45 0.921923 2021-06-23 14:08:45.871272 56 134 Florian 308.97909
0 127 24.18 27.34 0.819338 2021-06-23 14:08:46.690610 41 299 Carlo 309.798428
2 127 24.18 26.91 0.234077 2021-06-23 14:08:46.924687 47 155 Noor 310.032505
0 176 30.09 27.34 0.639224 2021-06-23 14:08:47.563911 41 300 Carlo 310.671729
0 57 16.93 27.34 0.773357 2021-06-23 14:08:48.337268 41 301 Carlo 311.445086
0 57 16.93 27.34 0.369047 2021-06-23 14:08:48.706315 41 302 Carlo 311.814133
0 167 28.76 27.34 0.427526 2021-06-23 14:08:49.133841 41 303 Carlo 312.241659
1 70 18.93 27.34 0.01772 2021-06-23 14:08:49.151561 56 135 Florian 312.259379
0 124 23.92 27.34 0.336329 2021-06-23 14:08:49.487890 42 304 Carlo 312.595708
0 184 31.36 27.34 0.068758 2021-06-23 14:08:49.556648 42 305 Carlo 312.664466
2 49 15.48 26.48 0.196998 2021-06-23 14:08:49.753646 47 156 Noor 312.861464
0 462 120.87 27.34 0.218385 2021-06-23 14:08:49.972031 42 306 Carlo 313.079849
1 114 23.10 27.34 0.670001 2021-06-23 14:08:50.642032 57 136 Florian 313.74985
2 49 15.48 26.70 0.193537 2021-06-23 14:08:50.835569 47 157 Noor 313.943387
0 319 57.64 27.13 0.287783 2021-06-23 14:08:51.123352 42 307 Carlo 314.23117
2 60 17.43 26.70 1.230154 2021-06-23 14:08:52.353506 47 158 Noor 315.461324
0 195 33.17 27.34 0.388285 2021-06-23 14:08:52.741791 42 308 Carlo 315.849609
0 56 16.76 27.34 1.239442 2021-06-23 14:08:53.981233 42 309 Carlo 317.089051
1 199 33.86 27.34 0.016702 2021-06-23 14:08:53.997935 57 137 Florian 317.105753
2 56 16.76 26.48 0.001982 2021-06-23 14:08:53.999917 47 159 Noor 317.107735
1 60 17.43 27.34 0.235906 2021-06-23 14:08:54.235823 58 138 Florian 317.343641
0 178 30.40 27.34 0.326203 2021-06-23 14:08:54.562026 43 310 Carlo 317.669844
1 49 15.48 27.34 0.017664 2021-06-23 14:08:54.579690 58 139 Florian 317.687508
2 56 16.76 26.70 0.000152 2021-06-23 14:08:54.579842 48 160 Noor 317.68766
2 66 18.36 26.48 0.447516 2021-06-23 14:08:55.027358 49 161 Noor 318.135176
2 88 20.96 26.91 0.107377 2021-06-23 14:08:55.134735 49 162 Noor 318.242553
1 108 22.63 27.34 0.014518 2021-06-23 14:08:55.149253 59 140 Florian 318.257071
2 60 17.43 26.81 0.197546 2021-06-23 14:08:55.346799 50 163 Noor 318.454617
0 57 16.93 27.34 1.003349 2021-06-23 14:08:56.350148 44 311 Carlo 319.457966
2 60 17.43 26.48 0.409128 2021-06-23 14:08:56.759276 50 164 Noor 319.867094
0 323 58.48 27.34 0.22745 2021-06-23 14:08:56.986726 44 312 Carlo 320.094544
0 390 82.70 27.34 0.227302 2021-06-23 14:08:57.214028 44 313 Carlo 320.321846
1 67 18.51 27.45 0.681623 2021-06-23 14:08:57.895651 60 141 Florian 321.003469
0 174 29.79 27.34 0.486257 2021-06-23 14:08:58.381908 44 314 Carlo 321.489726
0 60 17.43 27.34 0.363725 2021-06-23 14:08:58.745633 44 315 Carlo 321.853451
0 51 15.86 27.34 0.153582 2021-06-23 14:08:58.899215 44 316 Carlo 322.007033
0 102 22.15 27.34 1.268425 2021-06-23 14:09:00.167640 44 317 Carlo 323.275458
1 57 16.93 27.34 1.146637 2021-06-23 14:09:01.314277 60 142 Florian 324.422095
2 62 17.75 26.70 0.501 2021-06-23 14:09:01.815277 50 165 Noor 324.923095
0 48 15.29 27.34 0.404715 2021-06-23 14:09:02.219992 44 318 Carlo 325.32781
2 79 20.03 26.48 1.946316 2021-06-23 14:09:04.166308 50 166 Noor 327.274126
0 319 57.64 27.34 0.564133 2021-06-23 14:09:04.730441 44 319 Carlo 327.838259
0 115 23.18 27.34 0.03344 2021-06-23 14:09:04.763881 44 320 Carlo 327.871699
1 71 19.06 27.34 0.033066 2021-06-23 14:09:04.796947 60 143 Florian 327.904765
2 79 20.03 26.27 0.000152 2021-06-23 14:09:04.797099 50 167 Noor 327.904917
1 284 49.41 27.45 0.0645 2021-06-23 14:09:04.861599 61 144 Florian 327.969417
1 216 36.85 27.34 0.486772 2021-06-23 14:09:05.348371 61 145 Florian 328.456189
0 79 20.03 27.34 0.200668 2021-06-23 14:09:05.549039 45 321 Carlo 328.656857
1 158 27.53 27.34 0.20507 2021-06-23 14:09:05.754109 61 146 Florian 328.861927
1 88 20.96 27.34 0.107879 2021-06-23 14:09:05.861988 61 147 Florian 328.969806
0 305 53.88 27.34 0.017651 2021-06-23 14:09:05.879639 45 322 Carlo 328.987457
0 137 25.12 27.34 0.173629 2021-06-23 14:09:06.053268 46 323 Carlo 329.161086
2 147 26.19 26.91 0.216049 2021-06-23 14:09:06.269317 51 168 Noor 329.377135
2 255 43.96 26.48 0.24895 2021-06-23 14:09:06.518267 51 169 Noor 329.626085
2 62 17.75 26.91 0.251918 2021-06-23 14:09:06.770185 51 170 Noor 329.878003
0 167 28.76 27.34 0.278125 2021-06-23 14:09:07.048310 46 324 Carlo 330.156128
1 60 17.43 27.34 0.057797 2021-06-23 14:09:07.106107 62 148 Florian 330.213925
0 82 20.36 27.34 0.422477 2021-06-23 14:09:07.528584 46 325 Carlo 330.636402
0 115 23.18 27.34 0.442651 2021-06-23 14:09:07.971235 46 326 Carlo 331.079053
2 184 31.36 26.48 0.553281 2021-06-23 14:09:08.524516 51 171 Noor 331.632334
0 71 19.06 27.34 0.573875 2021-06-23 14:09:09.098391 46 327 Carlo 332.206209
2 105 22.39 26.70 0.421281 2021-06-23 14:09:09.519672 51 172 Noor 332.62749
0 131 24.54 27.34 0.015677 2021-06-23 14:09:09.535349 46 328 Carlo 332.643167
1 70 18.93 27.34 0.002336 2021-06-23 14:09:09.537685 62 149 Florian 332.645503
0 135 24.92 27.34 0.883216 2021-06-23 14:09:10.420901 47 329 Carlo 333.528719
0 89 21.05 27.34 0.340899 2021-06-23 14:09:10.761800 47 330 Carlo 333.869618
1 71 19.06 27.34 0.038754 2021-06-23 14:09:10.800554 63 150 Florian 333.908372
2 287 50.23 26.48 0.270263 2021-06-23 14:09:11.070817 52 173 Noor 334.178635
2 65 18.22 26.48 0.376783 2021-06-23 14:09:11.447600 52 174 Noor 334.555418
0 81 20.25 27.34 0.014656 2021-06-23 14:09:11.462256 48 331 Carlo 334.570074
2 105 22.39 26.70 1.367332 2021-06-23 14:09:12.829588 53 175 Noor 335.937406
2 71 19.06 26.70 0.930284 2021-06-23 14:09:13.759872 53 176 Noor 336.86769
0 56 16.76 27.34 0.110377 2021-06-23 14:09:13.870249 49 332 Carlo 336.978067
0 127 24.18 27.34 0.233714 2021-06-23 14:09:14.103963 49 333 Carlo 337.211781
1 192 32.67 27.34 0.017727 2021-06-23 14:09:14.121690 64 151 Florian 337.229508
0 63 17.91 27.34 0.106944 2021-06-23 14:09:14.228634 50 334 Carlo 337.336452
1 236 40.44 27.34 0.869517 2021-06-23 14:09:15.098151 65 152 Florian 338.205969
2 48 15.29 26.70 0.394088 2021-06-23 14:09:15.492239 53 177 Noor 338.600057
1 377 76.28 27.34 0.014647 2021-06-23 14:09:15.506886 65 153 Florian 338.614704
2 354 67.99 26.70 0.231796 2021-06-23 14:09:15.738682 54 178 Noor 338.8465
2 172 29.49 26.91 0.387835 2021-06-23 14:09:16.126517 54 179 Noor 339.234335
0 483 132.60 27.34 1.468095 2021-06-23 14:09:17.594612 50 335 Carlo 340.70243
0 63 17.91 27.34 0.490196 2021-06-23 14:09:18.084808 50 336 Carlo 341.192626
1 261 45.09 27.34 0.033592 2021-06-23 14:09:18.118400 66 154 Florian 341.226218
0 152 26.78 27.13 0.77896 2021-06-23 14:09:18.897360 51 337 Carlo 342.005178
1 63 17.91 27.34 0.017735 2021-06-23 14:09:18.915095 67 155 Florian 342.022913
0 188 32.01 27.34 0.28868 2021-06-23 14:09:19.203775 52 338 Carlo 342.311593
1 62 17.75 27.34 0.017618 2021-06-23 14:09:19.221393 68 156 Florian 342.329211
2 70 18.93 26.70 0.000403 2021-06-23 14:09:19.221796 54 180 Noor 342.329614
2 63 17.91 26.70 0.969934 2021-06-23 14:09:20.191730 55 181 Noor 343.299548
0 105 22.39 27.34 0.170806 2021-06-23 14:09:20.362536 53 339 Carlo 343.470354
0 117 23.34 27.34 0.033402 2021-06-23 14:09:20.395938 53 340 Carlo 343.503756
1 96 21.67 27.45 0.323842 2021-06-23 14:09:20.719780 69 157 Florian 343.827598
0 179 30.55 27.34 0.033494 2021-06-23 14:09:20.753274 53 341 Carlo 343.861092
1 51 15.86 27.34 0.009005 2021-06-23 14:09:20.762279 70 158 Florian 343.870097
0 60 17.43 27.34 0.024251 2021-06-23 14:09:20.786530 54 342 Carlo 343.894348
2 88 20.96 26.38 2.684926 2021-06-23 14:09:23.471456 55 182 Noor 346.579274
1 62 17.75 27.34 0.014547 2021-06-23 14:09:23.486003 70 159 Florian 346.593821
2 163 28.20 26.91 0.532642 2021-06-23 14:09:24.018645 56 183 Noor 347.126463
2 115 23.18 26.38 0.033486 2021-06-23 14:09:24.052131 56 184 Noor 347.159949
