# layer adc volt temp timediff time detector_muon_count detector_count detector_name
0 131 24.54 26.70 0.012389 2021-06-23 14:03:56.935365 2 19 Carlo 20.043183
1 201 34.22 27.34 0.002376 2021-06-23 14:03:56.937741 3 7 Florian 20.045559
2 49 15.48 26.16 0.084475 2021-06-23 14:03:56.922976 2 10 Noor 20.030794

0 51 15.86 26.70 1.004 2021-06-23 14:04:09.950600 5 32 Carlo 33.058418
1 127 24.18 27.34 0.013795 2021-06-23 14:04:09.964395 5 11 Florian 33.072213
2 67 18.51 26.48 0.015303 2021-06-23 14:04:09.979698 4 21 Noor 33.087516

0 48 15.29 26.59 0.026698 2021-06-23 14:04:28.897722 7 45 Carlo 52.00554
1 185 31.51 27.34 0.029998 2021-06-23 14:04:28.927720 10 21 Florian 52.035538
2 192 32.67 26.27 0.529984 2021-06-23 14:04:28.871024 8 34 Noor 51.978842

0 89 21.05 26.70 0.42513 2021-06-23 14:04:51.748230 9 66 Carlo 74.856048
1 56 16.76 27.34 0.013793 2021-06-23 14:04:51.762023 12 27 Florian 74.869841
2 83 20.46 26.70 0.011316 2021-06-23 14:04:51.773339 9 41 Noor 74.881157

0 240 41.21 27.13 0.000151 2021-06-23 14:05:18.703945 13 91 Carlo 101.811763
1 255 43.96 27.34 0.210026 2021-06-23 14:05:18.685902 15 35 Florian 101.79372
2 56 16.76 26.27 0.017892 2021-06-23 14:05:18.703794 11 49 Noor 101.811612

0 248 42.69 26.81 0.013734 2021-06-23 14:05:34.239562 15 107 Carlo 117.34738
1 79 20.03 27.34 0.003363 2021-06-23 14:05:34.242925 20 40 Florian 117.350743
2 98 21.83 26.70 0.916753 2021-06-23 14:05:34.225828 15 60 Noor 117.333646

0 120 23.58 27.34 0.03341 2021-06-23 14:05:42.773813 19 117 Carlo 125.881631
1 99 21.91 27.34 0.000156 2021-06-23 14:05:42.773969 23 44 Florian 125.881787
2 316 56.81 26.27 0.464527 2021-06-23 14:05:42.740403 17 66 Noor 125.848221

0 184 31.36 27.13 0.923151 2021-06-23 14:05:48.002776 20 122 Carlo 131.110594
1 103 22.23 27.34 0.016596 2021-06-23 14:05:48.019372 25 48 Florian 131.12719
2 76 19.69 26.59 0.001148 2021-06-23 14:05:48.020520 19 69 Noor 131.128338

0 192 32.67 26.91 0.013428 2021-06-23 14:05:49.750927 21 127 Carlo 132.858745
1 120 23.58 27.34 0.0032 2021-06-23 14:05:49.754127 26 50 Florian 132.861945
2 81 20.25 26.70 0.586654 2021-06-23 14:05:49.737499 20 70 Noor 132.845317

0 231 39.55 26.91 0.000157 2021-06-23 14:05:58.298597 22 140 Carlo 141.406415
1 207 35.26 27.45 0.123484 2021-06-23 14:05:58.280647 28 55 Florian 141.388465
2 312 55.68 26.70 0.017793 2021-06-23 14:05:58.298440 22 75 Noor 141.406258

0 96 21.67 27.13 0.011957 2021-06-23 14:06:11.318852 24 147 Carlo 154.42667
1 153 26.90 27.45 0.014565 2021-06-23 14:06:11.306895 30 59 Florian 154.414713
2 185 31.51 26.48 1.160398 2021-06-23 14:06:11.292330 23 82 Noor 154.400148

0 167 28.76 27.34 1.215959 2021-06-23 14:06:15.338085 26 152 Carlo 158.445903
1 99 21.91 27.34 0.016676 2021-06-23 14:06:15.354761 32 63 Florian 158.462579
2 56 16.76 26.70 0.000157 2021-06-23 14:06:15.354918 24 84 Noor 158.462736

0 163 28.20 27.13 0.015634 2021-06-23 14:07:22.945115 32 211 Carlo 226.052933
1 92 21.32 27.34 0.002143 2021-06-23 14:07:22.947258 42 99 Florian 226.055076
2 152 26.78 26.48 0.327865 2021-06-23 14:07:22.929481 33 114 Noor 226.037299

0 467 121.56 27.13 0.014586 2021-06-23 14:07:42.838277 34 234 Carlo 245.946095
1 415 95.00 27.45 0.00418 2021-06-23 14:07:42.842457 45 109 Florian 245.950275
2 79 20.03 26.91 0.211532 2021-06-23 14:07:42.823691 35 121 Noor 245.931509

0 120 23.58 27.13 0.014606 2021-06-23 14:07:43.932486 35 235 Carlo 247.040304
1 56 16.76 27.34 0.013925 2021-06-23 14:07:43.946411 47 112 Florian 247.054229
2 51 15.86 26.70 0.195306 2021-06-23 14:07:43.917880 37 123 Noor 247.025698

0 150 26.54 27.34 0.01449 2021-06-23 14:07:53.418148 37 248 Carlo 256.525966
1 204 34.73 27.45 0.00337 2021-06-23 14:07:53.421518 49 116 Florian 256.529336
2 92 21.32 26.70 1.028548 2021-06-23 14:07:53.403658 40 131 Noor 256.511476

0 170 29.19 27.13 0.014458 2021-06-23 14:08:03.472179 38 256 Carlo 266.579997
1 71 19.06 27.34 0.003253 2021-06-23 14:08:03.475432 51 120 Florian 266.58325
2 76 19.69 26.70 0.247897 2021-06-23 14:08:03.457721 42 135 Noor 266.565539

0 192 32.67 27.13 0.016665 2021-06-23 14:08:33.054736 41 292 Carlo 296.162554
1 145 25.96 27.45 0.001091 2021-06-23 14:08:33.055827 55 129 Florian 296.163645
2 444 109.09 26.70 0.141604 2021-06-23 14:08:33.038071 46 151 Noor 296.145889

0 56 16.76 27.34 1.239442 2021-06-23 14:08:53.981233 43 309 Carlo 317.089051
1 199 33.86 27.34 0.016702 2021-06-23 14:08:53.997935 58 138 Florian 317.105753
2 56 16.76 26.48 0.001982 2021-06-23 14:08:53.999917 48 159 Noor 317.107735

0 178 30.40 27.34 0.326203 2021-06-23 14:08:54.562026 44 310 Carlo 317.669844
1 49 15.48 27.34 0.017664 2021-06-23 14:08:54.579690 59 139 Florian 317.687508
2 56 16.76 26.70 0.000152 2021-06-23 14:08:54.579842 49 161 Noor 317.68766

0 115 23.18 27.34 0.03344 2021-06-23 14:09:04.763881 45 320 Carlo 327.871699
1 71 19.06 27.34 0.033066 2021-06-23 14:09:04.796947 61 144 Florian 327.904765
2 79 20.03 26.27 0.000152 2021-06-23 14:09:04.797099 51 167 Noor 327.904917

0 131 24.54 27.34 0.015677 2021-06-23 14:09:09.535349 47 329 Carlo 332.643167
1 70 18.93 27.34 0.002336 2021-06-23 14:09:09.537685 63 149 Florian 332.645503
2 105 22.39 26.70 0.421281 2021-06-23 14:09:09.519672 52 172 Noor 332.62749

0 188 32.01 27.34 0.28868 2021-06-23 14:09:19.203775 53 338 Carlo 342.311593
1 62 17.75 27.34 0.017618 2021-06-23 14:09:19.221393 69 156 Florian 342.329211
2 70 18.93 26.70 0.000403 2021-06-23 14:09:19.221796 55 181 Noor 342.329614

