# layer adc volt temp timediff time detector_muon_count detector_count detector_name
2 248 42.69 25.84 10 2021-06-18 19:23:58.667155 0 1 CarloCosmicWatch 4.017687
2 92 21.32 24.44 0.890911 2021-06-18 19:23:59.558066 0 1 M 4.908598
2 67 18.51 26.05 0.250194 2021-06-18 19:23:59.808260 0 2 CarloCosmicWatch 5.158792
2 120 23.58 27.34 0.246863 2021-06-18 19:24:00.055123 0 1 Florian 5.405655
2 172 29.49 27.34 1.120165 2021-06-18 19:24:01.175288 0 2 Florian 6.52582
2 103 22.23 27.34 0.887106 2021-06-18 19:24:02.062394 0 3 Florian 7.412926
2 204 34.73 24.44 0.485606 2021-06-18 19:24:02.548000 0 2 M 7.898532
2 127 24.18 27.34 0.273223 2021-06-18 19:24:02.821223 0 4 Florian 8.171755
2 56 16.76 26.05 0.247515 2021-06-18 19:24:03.068738 0 3 CarloCosmicWatch 8.41927
2 207 35.26 26.05 0.712694 2021-06-18 19:24:03.781432 0 4 CarloCosmicWatch 9.131964
2 188 32.01 24.44 0.72709 2021-06-18 19:24:04.508522 0 3 M 9.859054
2 51 15.86 24.44 2.299164 2021-06-18 19:24:06.807686 0 4 M 12.158218
2 115 23.18 26.05 0.501542 2021-06-18 19:24:07.309228 0 5 CarloCosmicWatch 12.65976
2 384 80.08 24.44 0.16427 2021-06-18 19:24:07.473498 0 5 M 12.82403
2 79 20.03 24.44 1.207719 2021-06-18 19:24:08.681217 0 6 M 14.031749
2 110 22.78 24.44 0.114363 2021-06-18 19:24:08.795580 0 7 M 14.146112
2 266 46.00 26.05 1.364937 2021-06-18 19:24:10.160517 0 6 CarloCosmicWatch 15.511049
2 408 90.57 24.44 0.21146 2021-06-18 19:24:10.371977 0 8 M 15.722509
2 103 22.23 26.05 0.238755 2021-06-18 19:24:10.610732 0 7 CarloCosmicWatch 15.961264
2 99 21.91 24.44 0.154136 2021-06-18 19:24:10.764868 0 9 M 16.1154
2 57 16.93 27.34 0.657325 2021-06-18 19:24:11.422193 0 5 Florian 16.772725
2 67 18.51 26.05 1.014329 2021-06-18 19:24:12.436522 0 8 CarloCosmicWatch 17.787054
2 63 17.91 24.44 1.729183 2021-06-18 19:24:14.165705 0 10 M 19.516237
2 113 23.02 24.44 0.046595 2021-06-18 19:24:14.212300 0 11 M 19.562832
2 147 26.19 24.44 1.24375 2021-06-18 19:24:15.456050 0 12 M 20.806582
2 249 42.85 26.05 0.294143 2021-06-18 19:24:15.750193 0 9 CarloCosmicWatch 21.100725
2 79 20.03 26.05 0.677531 2021-06-18 19:24:16.427724 0 10 CarloCosmicWatch 21.778256
2 143 25.74 26.05 0.247837 2021-06-18 19:24:16.675561 0 11 CarloCosmicWatch 22.026093
