# layer adc volt temp timediff time detector_muon_count detector_count detector_name
1 98 21.83 26.70 10 2021-06-24 17:51:56.888423 0 1 Niels 1.109355
0 79 20.03 28.31 0.031341 2021-06-24 17:51:56.919764 0 1 Cecile 1.140696
2 51 15.86 26.91 1.833686 2021-06-24 17:51:58.753450 0 1 MattiaCosmicWatch 2.974382
2 67 18.51 26.70 0.15226 2021-06-24 17:51:58.905710 0 2 MattiaCosmicWatch 3.126642
1 284 49.41 27.13 1.755476 2021-06-24 17:52:00.661186 1 2 Niels 4.882118
0 88 20.96 28.31 0.190017 2021-06-24 17:52:00.851203 1 2 Cecile 5.072135
2 83 20.46 26.70 0.574258 2021-06-24 17:52:01.425461 0 3 MattiaCosmicWatch 5.646393
0 192 32.67 28.31 0.537908 2021-06-24 17:52:01.963369 1 3 Cecile 6.184301
0 281 48.90 28.31 0.240266 2021-06-24 17:52:02.203635 1 4 Cecile 6.424567
1 57 16.93 26.70 0.667369 2021-06-24 17:52:02.871004 1 3 Niels 7.091936
0 83 20.46 28.31 0.013763 2021-06-24 17:52:02.884767 1 5 Cecile 7.105699
0 65 18.22 28.31 1.220704 2021-06-24 17:52:04.105471 2 6 Cecile 8.326403
1 143 25.74 26.70 1.025779 2021-06-24 17:52:05.131250 2 4 Niels 9.352182
2 352 66.89 26.70 0.473183 2021-06-24 17:52:05.604433 0 4 MattiaCosmicWatch 9.825365
2 56 16.76 26.70 3.103484 2021-06-24 17:52:08.707917 0 5 MattiaCosmicWatch 12.928849
0 60 17.43 28.31 0.339799 2021-06-24 17:52:09.047716 2 7 Cecile 13.268648
2 236 40.44 26.70 0.232617 2021-06-24 17:52:09.280333 0 6 MattiaCosmicWatch 13.501265
1 78 19.92 26.70 0.334965 2021-06-24 17:52:09.615298 2 5 Niels 13.83623
1 83 20.46 26.91 0.382155 2021-06-24 17:52:09.997453 2 6 Niels 14.218385
2 127 24.18 26.70 0.233693 2021-06-24 17:52:10.231146 0 7 MattiaCosmicWatch 14.452078
0 66 18.36 28.20 0.317813 2021-06-24 17:52:10.548959 2 8 Cecile 14.769891
1 92 21.32 26.91 1.130317 2021-06-24 17:52:11.679276 2 7 Niels 15.900208
0 231 39.55 28.31 0.013812 2021-06-24 17:52:11.693088 2 9 Cecile 15.91402
2 316 56.81 26.70 0.127727 2021-06-24 17:52:11.820815 0 8 MattiaCosmicWatch 16.041747
1 88 20.96 26.70 2.811955 2021-06-24 17:52:14.632770 3 8 Niels 18.853702
0 83 20.46 28.31 0.013586 2021-06-24 17:52:14.646356 3 10 Cecile 18.867288
0 73 19.32 28.31 0.878404 2021-06-24 17:52:15.524760 4 11 Cecile 19.745692
0 184 31.36 28.31 0.529323 2021-06-24 17:52:16.054083 4 12 Cecile 20.275015
1 51 15.86 26.91 0.296989 2021-06-24 17:52:16.351072 4 9 Niels 20.572004
2 74 19.44 26.70 0.35808 2021-06-24 17:52:16.709152 0 9 MattiaCosmicWatch 20.930084
0 193 32.84 28.31 1.093446 2021-06-24 17:52:17.802598 4 13 Cecile 22.02353
0 224 38.29 28.31 0.136815 2021-06-24 17:52:17.939413 4 14 Cecile 22.160345
1 92 21.32 26.70 0.138787 2021-06-24 17:52:18.078200 4 10 Niels 22.299132
0 249 42.85 28.31 2.059411 2021-06-24 17:52:20.137611 4 15 Cecile 24.358543
1 76 19.69 26.70 0.122058 2021-06-24 17:52:20.259669 4 11 Niels 24.480601
0 76 19.69 28.31 0.561931 2021-06-24 17:52:20.821600 4 16 Cecile 25.042532
0 167 28.76 28.31 0.433515 2021-06-24 17:52:21.255115 4 17 Cecile 25.476047
1 56 16.76 27.13 0.015703 2021-06-24 17:52:21.270818 4 12 Niels 25.49175
0 89 21.05 28.31 0.83961 2021-06-24 17:52:22.110428 5 18 Cecile 26.33136
0 76 19.69 28.31 1.5544 2021-06-24 17:52:23.664828 5 19 Cecile 27.88576
0 92 21.32 28.20 0.726532 2021-06-24 17:52:24.391360 5 20 Cecile 28.612292
1 92 21.32 26.70 2.1378 2021-06-24 17:52:26.529160 5 13 Niels 30.750092
2 56 16.76 26.70 0.257539 2021-06-24 17:52:26.786699 0 10 MattiaCosmicWatch 31.007631
0 152 26.78 28.31 0.501957 2021-06-24 17:52:27.288656 5 21 Cecile 31.509588
0 51 15.86 28.31 0.212393 2021-06-24 17:52:27.501049 5 22 Cecile 31.721981
1 227 38.83 26.70 0.014873 2021-06-24 17:52:27.515922 5 14 Niels 31.736854
0 97 21.75 28.31 0.498825 2021-06-24 17:52:28.014747 6 23 Cecile 32.235679
1 56 16.76 27.13 0.01478 2021-06-24 17:52:28.029527 6 15 Niels 32.250459
2 60 17.43 26.70 0.059058 2021-06-24 17:52:28.088585 0 11 MattiaCosmicWatch 32.309517
0 162 28.06 28.31 1.308005 2021-06-24 17:52:29.396590 7 24 Cecile 33.617522
0 284 49.41 28.31 0.063028 2021-06-24 17:52:29.459618 7 25 Cecile 33.68055
1 496 144.49 26.91 1.306949 2021-06-24 17:52:30.766567 7 16 Niels 34.987499
0 403 88.99 28.31 0.060133 2021-06-24 17:52:30.826700 7 26 Cecile 35.047632
1 108 22.63 27.13 0.487471 2021-06-24 17:52:31.314171 8 17 Niels 35.535103
1 57 16.93 26.70 0.20687 2021-06-24 17:52:31.521041 8 18 Niels 35.741973
1 115 23.18 26.91 2.681115 2021-06-24 17:52:34.202156 8 19 Niels 38.423088
2 83 20.46 26.91 1.436253 2021-06-24 17:52:35.638409 1 12 MattiaCosmicWatch 39.859341
0 63 17.91 28.31 1.005069 2021-06-24 17:52:36.643478 8 27 Cecile 40.86441
1 127 24.18 27.13 0.10279 2021-06-24 17:52:36.746268 8 20 Niels 40.9672
2 69 18.79 26.70 0.482284 2021-06-24 17:52:37.228552 1 13 MattiaCosmicWatch 41.449484
0 63 17.91 28.31 0.045564 2021-06-24 17:52:37.274116 8 28 Cecile 41.495048
0 120 23.58 28.31 0.200995 2021-06-24 17:52:37.475111 9 29 Cecile 41.696043
1 51 15.86 27.13 0.08658 2021-06-24 17:52:37.561691 8 21 Niels 41.782623
0 88 20.96 28.31 0.013833 2021-06-24 17:52:37.575524 10 30 Cecile 41.796456
0 287 50.23 28.31 0.559151 2021-06-24 17:52:38.134675 10 31 Cecile 42.355607
1 63 17.91 26.70 0.193731 2021-06-24 17:52:38.328406 9 22 Niels 42.549338
2 209 35.61 26.70 0.227237 2021-06-24 17:52:38.555643 2 14 MattiaCosmicWatch 42.776575
0 108 22.63 28.20 4.685137 2021-06-24 17:52:43.240780 10 32 Cecile 47.461712
0 195 33.17 28.31 0.110018 2021-06-24 17:52:43.350798 10 33 Cecile 47.57173
2 97 21.75 26.70 0.704631 2021-06-24 17:52:44.055429 2 15 MattiaCosmicWatch 48.276361
2 99 21.91 26.70 0.112903 2021-06-24 17:52:44.168332 2 16 MattiaCosmicWatch 48.389264
0 63 17.91 28.31 0.026329 2021-06-24 17:52:44.194661 10 34 Cecile 48.415593
1 67 18.51 26.70 0.009905 2021-06-24 17:52:44.204566 9 23 Niels 48.425498
1 63 17.91 27.13 0.323584 2021-06-24 17:52:44.528150 10 24 Niels 48.749082
2 78 19.92 26.70 0.244249 2021-06-24 17:52:44.772399 3 17 MattiaCosmicWatch 48.993331
0 57 16.93 28.31 1.897513 2021-06-24 17:52:46.669912 11 35 Cecile 50.890844
1 62 17.75 26.81 2.675386 2021-06-24 17:52:49.345298 10 25 Niels 53.56623
1 71 19.06 26.91 0.433651 2021-06-24 17:52:49.778949 10 26 Niels 53.999881
0 62 17.75 28.31 1.116663 2021-06-24 17:52:50.895612 11 36 Cecile 55.116544
0 101 22.08 28.31 0.668934 2021-06-24 17:52:51.564546 11 37 Cecile 55.785478
0 231 39.55 28.31 2.896206 2021-06-24 17:52:54.460752 11 38 Cecile 58.681684
1 179 30.55 27.13 1.650036 2021-06-24 17:52:56.110788 10 27 Niels 60.33172
1 51 15.86 27.34 0.409776 2021-06-24 17:52:56.520564 10 28 Niels 60.741496
0 295 51.75 28.31 1.503665 2021-06-24 17:52:58.024229 11 39 Cecile 62.245161
0 204 34.73 28.31 0.1133 2021-06-24 17:52:58.137529 11 40 Cecile 62.358461
2 58 17.10 26.70 0.68197 2021-06-24 17:52:58.819499 3 18 MattiaCosmicWatch 63.040431
1 51 15.86 26.91 1.223314 2021-06-24 17:53:00.042813 10 29 Niels 64.263745
2 115 23.18 26.70 0.800449 2021-06-24 17:53:00.843262 3 19 MattiaCosmicWatch 65.064194
0 79 20.03 28.31 1.116527 2021-06-24 17:53:01.959789 11 41 Cecile 66.180721
1 204 34.73 27.13 1.142388 2021-06-24 17:53:03.102177 10 30 Niels 67.323109
2 120 23.58 26.70 2.22411 2021-06-24 17:53:05.326287 3 20 MattiaCosmicWatch 69.547219
1 249 42.85 26.91 1.006391 2021-06-24 17:53:06.332678 10 31 Niels 70.55361
0 127 24.18 28.31 0.257168 2021-06-24 17:53:06.589846 11 42 Cecile 70.810778
0 255 43.96 28.31 0.178442 2021-06-24 17:53:06.768288 11 43 Cecile 70.98922
2 92 21.32 26.70 0.946958 2021-06-24 17:53:07.715246 3 21 MattiaCosmicWatch 71.936178
0 79 20.03 28.31 0.547065 2021-06-24 17:53:08.262311 11 44 Cecile 72.483243
2 291 50.97 26.70 0.962053 2021-06-24 17:53:09.224364 3 22 MattiaCosmicWatch 73.445296
1 152 26.78 27.34 0.877344 2021-06-24 17:53:10.101708 10 32 Niels 74.32264
0 67 18.51 28.31 1.810399 2021-06-24 17:53:11.912107 11 45 Cecile 76.133039
2 147 26.19 26.70 1.706423 2021-06-24 17:53:13.618530 3 23 MattiaCosmicWatch 77.839462
1 83 20.46 27.34 2.03348 2021-06-24 17:53:15.652010 10 33 Niels 79.872942
0 449 112.05 28.31 0.071483 2021-06-24 17:53:15.723493 11 46 Cecile 79.944425
1 48 15.29 27.13 0.01704 2021-06-24 17:53:15.740533 11 34 Niels 79.961465
2 53 16.22 26.70 0.218205 2021-06-24 17:53:15.958738 3 24 MattiaCosmicWatch 80.17967
0 71 19.06 28.31 0.51731 2021-06-24 17:53:16.476048 12 47 Cecile 80.69698
2 88 20.96 26.70 3.297653 2021-06-24 17:53:19.773701 3 25 MattiaCosmicWatch 83.994633
0 79 20.03 28.31 2.22867 2021-06-24 17:53:22.002371 12 48 Cecile 86.223303
2 146 26.08 26.70 0.027335 2021-06-24 17:53:22.029706 3 26 MattiaCosmicWatch 86.250638
2 109 22.70 26.70 1.459018 2021-06-24 17:53:23.488724 4 27 MattiaCosmicWatch 87.709656
0 114 23.10 28.31 0.124604 2021-06-24 17:53:23.613328 13 49 Cecile 87.83426
0 137 25.12 28.31 0.480092 2021-06-24 17:53:24.093420 13 50 Cecile 88.314352
1 78 19.92 26.91 0.840719 2021-06-24 17:53:24.934139 11 35 Niels 89.155071
0 199 33.86 28.31 0.01379 2021-06-24 17:53:24.947929 13 51 Cecile 89.168861
1 423 97.36 26.91 0.471717 2021-06-24 17:53:25.419646 12 36 Niels 89.640578
2 96 21.67 26.81 0.247214 2021-06-24 17:53:25.666860 4 28 MattiaCosmicWatch 89.887792
0 62 17.75 28.31 0.047817 2021-06-24 17:53:25.714677 14 52 Cecile 89.935609
0 121 23.66 28.31 0.258756 2021-06-24 17:53:25.973433 15 53 Cecile 90.194365
0 79 20.03 28.31 0.317617 2021-06-24 17:53:26.291050 15 54 Cecile 90.511982
0 56 16.76 28.31 2.971394 2021-06-24 17:53:29.262444 15 55 Cecile 93.483376
0 66 18.36 28.31 0.085886 2021-06-24 17:53:29.348330 15 56 Cecile 93.569262
0 451 113.08 28.31 0.155132 2021-06-24 17:53:29.503462 15 57 Cecile 93.724394
0 167 28.76 28.31 2.353731 2021-06-24 17:53:31.857193 15 58 Cecile 96.078125
2 61 17.60 26.91 0.188321 2021-06-24 17:53:32.045514 5 29 MattiaCosmicWatch 96.266446
2 96 21.67 26.70 3.879797 2021-06-24 17:53:35.925311 5 30 MattiaCosmicWatch 100.146243
0 435 104.92 28.31 0.04559 2021-06-24 17:53:35.970901 15 59 Cecile 100.191833
1 63 17.91 27.34 0.018065 2021-06-24 17:53:35.988966 12 37 Niels 100.209898
1 527 155.96 26.70 0.396487 2021-06-24 17:53:36.385453 13 38 Niels 100.606385
1 88 20.96 27.13 4.740449 2021-06-24 17:53:41.125902 13 39 Niels 105.346834
2 231 39.55 26.70 0.136446 2021-06-24 17:53:41.262348 6 31 MattiaCosmicWatch 105.48328
0 316 56.81 28.31 0.044388 2021-06-24 17:53:41.306736 16 60 Cecile 105.527668
1 93 21.41 26.70 2.999605 2021-06-24 17:53:44.306341 13 40 Niels 108.527273
0 255 43.96 28.31 0.014772 2021-06-24 17:53:44.321113 17 61 Cecile 108.542045
2 115 23.18 26.70 1.078055 2021-06-24 17:53:45.399168 7 32 MattiaCosmicWatch 109.6201
0 83 20.46 28.31 1.475274 2021-06-24 17:53:46.874442 18 62 Cecile 111.095374
0 60 17.43 28.31 0.387812 2021-06-24 17:53:47.262254 18 63 Cecile 111.483186
2 387 81.05 26.70 0.512367 2021-06-24 17:53:47.774621 7 33 MattiaCosmicWatch 111.995553
0 62 17.75 28.31 0.884657 2021-06-24 17:53:48.659278 18 64 Cecile 112.88021
2 127 24.18 26.70 0.265032 2021-06-24 17:53:48.924310 7 34 MattiaCosmicWatch 113.145242
1 110 22.78 26.70 1.2884 2021-06-24 17:53:50.212710 14 41 Niels 114.433642
1 57 16.93 26.91 1.20326 2021-06-24 17:53:51.415970 14 42 Niels 115.636902
0 194 33.00 28.31 0.137617 2021-06-24 17:53:51.553587 18 65 Cecile 115.774519
2 110 22.78 26.70 4.127499 2021-06-24 17:53:55.681086 7 35 MattiaCosmicWatch 119.902018
2 156 27.28 26.70 2.134541 2021-06-24 17:53:57.815627 7 36 MattiaCosmicWatch 122.036559
2 120 23.58 26.70 0.72344 2021-06-24 17:53:58.539067 7 37 MattiaCosmicWatch 122.759999
0 359 69.86 28.31 0.08298 2021-06-24 17:53:58.622047 18 66 Cecile 122.842979
0 98 21.83 28.31 1.417384 2021-06-24 17:54:00.039431 19 67 Cecile 124.260363
0 287 50.23 28.31 0.272621 2021-06-24 17:54:00.312052 19 68 Cecile 124.532984
1 57 16.93 27.34 0.861157 2021-06-24 17:54:01.173209 14 43 Niels 125.394141
0 348 65.64 28.31 3.452081 2021-06-24 17:54:04.625290 19 69 Cecile 128.846222
2 99 21.91 26.70 0.396087 2021-06-24 17:54:05.021377 8 38 MattiaCosmicWatch 129.242309
1 184 31.36 27.34 1.205879 2021-06-24 17:54:06.227256 14 44 Niels 130.448188
1 291 50.97 27.34 2.671001 2021-06-24 17:54:08.898257 14 45 Niels 133.119189
0 115 23.18 28.31 0.015833 2021-06-24 17:54:08.914090 19 70 Cecile 133.135022
0 241 41.39 28.31 1.477519 2021-06-24 17:54:10.391609 20 71 Cecile 134.612541
1 63 17.91 26.70 1.301927 2021-06-24 17:54:11.693536 15 46 Niels 135.914468
0 60 17.43 28.31 0.512016 2021-06-24 17:54:12.205552 20 72 Cecile 136.426484
0 231 39.55 28.31 1.067643 2021-06-24 17:54:13.273195 20 73 Cecile 137.494127
0 134 24.82 28.31 0.087452 2021-06-24 17:54:13.360647 20 74 Cecile 137.581579
1 66 18.36 26.70 0.016867 2021-06-24 17:54:13.377514 15 47 Niels 137.598446
1 71 19.06 26.91 0.731379 2021-06-24 17:54:14.108893 16 48 Niels 138.329825
2 319 57.64 26.91 0.35977 2021-06-24 17:54:14.468663 8 39 MattiaCosmicWatch 138.689595
1 345 64.98 27.13 0.28587 2021-06-24 17:54:14.754533 16 49 Niels 138.975465
2 71 19.06 26.70 1.253285 2021-06-24 17:54:16.007818 8 40 MattiaCosmicWatch 140.22875
1 97 21.75 26.70 3.468236 2021-06-24 17:54:19.476054 16 50 Niels 143.696986
0 94 21.50 28.31 0.170551 2021-06-24 17:54:19.646605 21 75 Cecile 143.867537
1 249 42.85 26.70 1.386627 2021-06-24 17:54:21.033232 16 51 Niels 145.254164
0 304 53.73 28.31 0.015814 2021-06-24 17:54:21.049046 21 76 Cecile 145.269978
1 88 20.96 26.81 0.200392 2021-06-24 17:54:21.249438 17 52 Niels 145.47037
0 226 38.63 28.31 0.014644 2021-06-24 17:54:21.264082 22 77 Cecile 145.485014
0 249 42.85 28.31 0.196097 2021-06-24 17:54:21.460179 23 78 Cecile 145.681111
2 75 19.57 26.70 0.843072 2021-06-24 17:54:22.303251 8 41 MattiaCosmicWatch 146.524183
0 102 22.15 28.31 0.844584 2021-06-24 17:54:23.147835 23 79 Cecile 147.368767
0 145 25.96 28.31 0.033737 2021-06-24 17:54:23.181572 23 80 Cecile 147.402504
0 108 22.63 28.31 0.936114 2021-06-24 17:54:24.117686 23 81 Cecile 148.338618
0 88 20.96 28.31 0.883097 2021-06-24 17:54:25.000783 23 82 Cecile 149.221715
0 391 82.35 28.31 0.235819 2021-06-24 17:54:25.236602 23 83 Cecile 149.457534
0 96 21.67 28.31 0.803459 2021-06-24 17:54:26.040061 23 84 Cecile 150.260993
1 108 22.63 26.91 0.912061 2021-06-24 17:54:26.952122 18 53 Niels 151.173054
2 295 51.75 26.70 0.745514 2021-06-24 17:54:27.697636 8 42 MattiaCosmicWatch 151.918568
1 101 22.08 26.91 0.980739 2021-06-24 17:54:28.678375 18 54 Niels 152.899307
0 112 22.94 28.31 5.99214 2021-06-24 17:54:34.670515 23 85 Cecile 158.891447
1 60 17.43 27.13 0.924089 2021-06-24 17:54:35.594604 18 55 Niels 159.815536
1 49 15.48 27.13 0.267955 2021-06-24 17:54:35.862559 18 56 Niels 160.083491
1 435 104.92 26.91 1.713581 2021-06-24 17:54:37.576140 18 57 Niels 161.797072
0 83 20.46 28.31 2.199373 2021-06-24 17:54:39.775513 23 86 Cecile 163.996445
0 263 45.37 28.31 0.108756 2021-06-24 17:54:39.884269 23 87 Cecile 164.105201
0 255 43.96 28.31 0.124695 2021-06-24 17:54:40.008964 23 88 Cecile 164.229896
2 96 21.67 26.70 4.762395 2021-06-24 17:54:44.771359 8 43 MattiaCosmicWatch 168.992291
1 62 17.75 27.13 0.477341 2021-06-24 17:54:45.248700 18 58 Niels 169.469632
1 327 59.28 27.13 1.875729 2021-06-24 17:54:47.124429 18 59 Niels 171.345361
2 153 26.90 26.70 0.529244 2021-06-24 17:54:47.653673 8 44 MattiaCosmicWatch 171.874605
0 99 21.91 28.31 1.31699 2021-06-24 17:54:48.970663 23 89 Cecile 173.191595
0 97 21.75 28.31 1.085514 2021-06-24 17:54:50.056177 23 90 Cecile 174.277109
2 120 23.58 26.70 0.015748 2021-06-24 17:54:50.071925 8 45 MattiaCosmicWatch 174.292857
2 88 20.96 26.70 1.339379 2021-06-24 17:54:51.411304 9 46 MattiaCosmicWatch 175.632236
2 230 39.39 26.70 2.868944 2021-06-24 17:54:54.280248 9 47 MattiaCosmicWatch 178.50118
0 454 115.28 28.31 0.147921 2021-06-24 17:54:54.428169 24 91 Cecile 178.649101
0 51 15.86 28.31 1.220162 2021-06-24 17:54:55.648331 24 92 Cecile 179.869263
1 51 15.86 27.34 1.507748 2021-06-24 17:54:57.156079 18 60 Niels 181.377011
2 103 22.23 26.70 2.083388 2021-06-24 17:54:59.239467 9 48 MattiaCosmicWatch 183.460399
0 184 31.36 28.31 0.809071 2021-06-24 17:55:00.048538 24 93 Cecile 184.26947
2 49 15.48 26.70 7.046037 2021-06-24 17:55:07.094575 9 49 MattiaCosmicWatch 191.315507
0 176 30.09 28.31 1.263511 2021-06-24 17:55:08.358086 24 94 Cecile 192.579018
2 173 29.64 26.70 0.952068 2021-06-24 17:55:09.310154 9 50 MattiaCosmicWatch 193.531086
1 81 20.25 27.13 1.769674 2021-06-24 17:55:11.079828 18 61 Niels 195.30076
1 181 30.87 27.34 3.729864 2021-06-24 17:55:14.809692 18 62 Niels 199.030624
0 71 19.06 28.31 0.0385 2021-06-24 17:55:14.848192 24 95 Cecile 199.069124
0 127 24.18 28.31 0.542479 2021-06-24 17:55:15.390671 25 96 Cecile 199.611603
1 147 26.19 26.91 1.654699 2021-06-24 17:55:17.045370 19 63 Niels 201.266302
2 115 23.18 26.70 0.03556 2021-06-24 17:55:17.080930 9 51 MattiaCosmicWatch 201.301862
0 88 20.96 28.31 0.620573 2021-06-24 17:55:17.701503 25 97 Cecile 201.922435
2 193 32.84 26.70 3.025439 2021-06-24 17:55:20.726942 10 52 MattiaCosmicWatch 204.947874
0 432 101.61 28.31 3.560851 2021-06-24 17:55:24.287793 25 98 Cecile 208.508725
1 63 17.91 26.81 0.019045 2021-06-24 17:55:24.306838 20 64 Niels 208.52777
1 364 71.71 27.13 0.826895 2021-06-24 17:55:25.133733 21 65 Niels 209.354665
0 60 17.43 28.31 0.139342 2021-06-24 17:55:25.273075 26 99 Cecile 209.494007
0 441 109.77 28.31 0.507262 2021-06-24 17:55:25.780337 26 100 Cecile 210.001269
0 204 34.73 28.31 0.325002 2021-06-24 17:55:26.105339 26 101 Cecile 210.326271
2 167 28.76 26.81 0.140651 2021-06-24 17:55:26.245990 10 53 MattiaCosmicWatch 210.466922
0 99 21.91 28.31 0.028465 2021-06-24 17:55:26.274455 26 102 Cecile 210.495387
1 79 20.03 27.13 1.462115 2021-06-24 17:55:27.736570 21 66 Niels 211.957502
0 112 22.94 28.31 1.980468 2021-06-24 17:55:29.717038 27 103 Cecile 213.93797
2 79 20.03 26.70 4.700901 2021-06-24 17:55:34.417939 11 54 MattiaCosmicWatch 218.638871
1 61 17.60 27.24 0.148548 2021-06-24 17:55:34.566487 21 67 Niels 218.787419
1 140 25.42 27.34 0.678291 2021-06-24 17:55:35.244778 21 68 Niels 219.46571
0 115 23.18 28.31 0.015855 2021-06-24 17:55:35.260633 27 104 Cecile 219.481565
0 161 27.93 28.31 2.381479 2021-06-24 17:55:37.642112 28 105 Cecile 221.863044
2 169 29.05 26.59 1.894551 2021-06-24 17:55:39.536663 11 55 MattiaCosmicWatch 223.757595
2 63 17.91 26.70 3.536241 2021-06-24 17:55:43.072904 11 56 MattiaCosmicWatch 227.293836
1 152 26.78 27.13 2.74784 2021-06-24 17:55:45.820744 22 69 Niels 230.041676
1 61 17.60 27.13 0.375758 2021-06-24 17:55:46.196502 22 70 Niels 230.417434
1 63 17.91 27.34 1.593241 2021-06-24 17:55:47.789743 22 71 Niels 232.010675
1 60 17.43 27.34 0.27285 2021-06-24 17:55:48.062593 22 72 Niels 232.283525
2 305 53.88 26.91 0.584346 2021-06-24 17:55:48.646939 11 57 MattiaCosmicWatch 232.867871
0 56 16.76 28.31 1.644395 2021-06-24 17:55:50.291334 28 106 Cecile 234.512266
1 198 33.69 27.34 1.378853 2021-06-24 17:55:51.670187 22 73 Niels 235.891119
2 102 22.15 26.70 0.100986 2021-06-24 17:55:51.771173 11 58 MattiaCosmicWatch 235.992105
1 88 20.96 26.70 0.618611 2021-06-24 17:55:52.389784 22 74 Niels 236.610716
0 222 37.96 28.31 0.014632 2021-06-24 17:55:52.404416 28 107 Cecile 236.625348
2 69 18.79 26.70 0.588522 2021-06-24 17:55:52.992938 11 59 MattiaCosmicWatch 237.21387
0 199 33.86 28.31 0.082745 2021-06-24 17:55:53.075683 29 108 Cecile 237.296615
0 78 19.92 28.31 0.666823 2021-06-24 17:55:53.742506 30 109 Cecile 237.963438
0 220 37.58 28.31 0.461389 2021-06-24 17:55:54.203895 30 110 Cecile 238.424827
1 60 17.43 27.13 1.921415 2021-06-24 17:55:56.125310 23 75 Niels 240.346242
2 281 48.90 26.70 1.428518 2021-06-24 17:55:57.553828 12 60 MattiaCosmicWatch 241.77476
1 268 46.26 26.91 0.519018 2021-06-24 17:55:58.072846 23 76 Niels 242.293778
0 163 28.20 28.31 0.71972 2021-06-24 17:55:58.792566 30 111 Cecile 243.013498
1 67 18.51 27.13 0.489093 2021-06-24 17:55:59.281659 23 77 Niels 243.502591
0 198 33.69 28.31 1.799017 2021-06-24 17:56:01.080676 30 112 Cecile 245.301608
0 71 19.06 28.31 0.577898 2021-06-24 17:56:01.658574 30 113 Cecile 245.879506
1 192 32.67 27.34 0.769758 2021-06-24 17:56:02.428332 23 78 Niels 246.649264
1 71 19.06 27.34 0.476038 2021-06-24 17:56:02.904370 23 79 Niels 247.125302
0 265 45.75 28.31 0.06236 2021-06-24 17:56:02.966730 30 114 Cecile 247.187662
0 57 16.93 28.31 0.466003 2021-06-24 17:56:03.432733 31 115 Cecile 247.653665
1 67 18.51 27.34 1.99766 2021-06-24 17:56:05.430393 24 80 Niels 249.651325
0 96 21.67 28.31 1.264209 2021-06-24 17:56:06.694602 31 116 Cecile 250.915534
1 101 22.08 27.34 0.684314 2021-06-24 17:56:07.378916 24 81 Niels 251.599848
2 92 21.32 26.70 1.840674 2021-06-24 17:56:09.219590 12 61 MattiaCosmicWatch 253.440522
2 90 21.14 26.70 0.033703 2021-06-24 17:56:09.253293 12 62 MattiaCosmicWatch 253.474225
0 204 34.73 28.31 0.905879 2021-06-24 17:56:10.159172 31 117 Cecile 254.380104
1 61 17.60 26.91 0.203957 2021-06-24 17:56:10.363129 24 82 Niels 254.584061
2 97 21.75 26.70 0.043317 2021-06-24 17:56:10.406446 12 63 MattiaCosmicWatch 254.627378
0 152 26.78 28.31 1.513871 2021-06-24 17:56:11.920317 31 118 Cecile 256.141249
0 76 19.69 28.31 0.449935 2021-06-24 17:56:12.370252 31 119 Cecile 256.591184
2 88 20.96 26.70 2.92303 2021-06-24 17:56:15.293282 13 64 MattiaCosmicWatch 259.514214
2 113 23.02 26.70 0.033631 2021-06-24 17:56:15.326913 13 65 MattiaCosmicWatch 259.547845
0 56 16.76 28.31 0.795786 2021-06-24 17:56:16.122699 31 120 Cecile 260.343631
1 302 53.30 27.13 2.739329 2021-06-24 17:56:18.862028 25 83 Niels 263.08296
1 103 22.23 27.34 0.341225 2021-06-24 17:56:19.203253 25 84 Niels 263.424185
2 96 21.67 26.70 0.69803 2021-06-24 17:56:19.901283 13 66 MattiaCosmicWatch 264.122215
0 92 21.32 28.31 0.745953 2021-06-24 17:56:20.647236 31 121 Cecile 264.868168
0 51 15.86 28.31 0.475434 2021-06-24 17:56:21.122670 31 122 Cecile 265.343602
0 88 20.96 28.31 1.107149 2021-06-24 17:56:22.229819 31 123 Cecile 266.450751
0 96 21.67 28.31 0.568898 2021-06-24 17:56:22.798717 31 124 Cecile 267.019649
0 110 22.78 28.31 0.452176 2021-06-24 17:56:23.250893 31 125 Cecile 267.471825
1 49 15.48 27.34 1.555317 2021-06-24 17:56:24.806210 25 85 Niels 269.027142
1 415 95.00 26.91 1.661248 2021-06-24 17:56:26.467458 25 86 Niels 270.68839
1 92 21.32 26.81 0.212967 2021-06-24 17:56:26.680425 25 87 Niels 270.901357
0 102 22.15 28.31 1.882065 2021-06-24 17:56:28.562490 31 126 Cecile 272.783422
2 519 154.30 26.70 0.017711 2021-06-24 17:56:28.580201 13 67 MattiaCosmicWatch 272.801133
0 449 112.05 28.31 2.809596 2021-06-24 17:56:31.389797 32 127 Cecile 275.610729
0 192 32.67 28.31 0.230661 2021-06-24 17:56:31.620458 32 128 Cecile 275.84139
0 159 27.66 28.31 6.254513 2021-06-24 17:56:37.874971 32 129 Cecile 282.095903
0 63 17.91 28.31 0.165899 2021-06-24 17:56:38.040870 32 130 Cecile 282.261802
0 120 23.58 28.31 0.28376 2021-06-24 17:56:38.324630 32 131 Cecile 282.545562
1 472 125.87 26.70 0.723371 2021-06-24 17:56:39.048001 25 88 Niels 283.268933
1 94 21.50 27.02 0.068919 2021-06-24 17:56:39.116920 25 89 Niels 283.337852
0 241 41.39 28.31 0.09165 2021-06-24 17:56:39.208570 32 132 Cecile 283.429502
1 110 22.78 27.34 0.406145 2021-06-24 17:56:39.614715 26 90 Niels 283.835647
0 56 16.76 28.31 1.248813 2021-06-24 17:56:40.863528 33 133 Cecile 285.08446
1 112 22.94 27.13 1.294776 2021-06-24 17:56:42.158304 26 91 Niels 286.379236
2 189 32.16 26.70 4.765046 2021-06-24 17:56:46.923350 14 68 MattiaCosmicWatch 291.144282
2 108 22.63 26.70 0.948288 2021-06-24 17:56:47.871638 14 69 MattiaCosmicWatch 292.09257
2 96 21.67 26.70 3.902593 2021-06-24 17:56:51.774231 14 70 MattiaCosmicWatch 295.995163
0 177 30.25 28.31 1.110576 2021-06-24 17:56:52.884807 33 134 Cecile 297.105739
2 71 19.06 26.70 1.198784 2021-06-24 17:56:54.083591 14 71 MattiaCosmicWatch 298.304523
0 96 21.67 28.31 2.405688 2021-06-24 17:56:56.489279 33 135 Cecile 300.710211
1 88 20.96 27.13 0.058868 2021-06-24 17:56:56.548147 26 92 Niels 300.769079
2 53 16.22 26.70 1.241912 2021-06-24 17:56:57.790059 14 72 MattiaCosmicWatch 302.010991
0 236 40.44 28.31 0.230529 2021-06-24 17:56:58.020588 34 136 Cecile 302.24152
0 51 15.86 28.31 0.12917 2021-06-24 17:56:58.149758 34 137 Cecile 302.37069
1 63 17.91 27.13 0.377836 2021-06-24 17:56:58.527594 27 93 Niels 302.748526
2 63 17.91 26.70 1.713933 2021-06-24 17:57:00.241527 14 73 MattiaCosmicWatch 304.462459
0 193 32.84 28.31 0.794553 2021-06-24 17:57:01.036080 34 138 Cecile 305.257012
0 268 46.26 28.31 0.122746 2021-06-24 17:57:01.158826 34 139 Cecile 305.379758
0 96 21.67 28.31 1.233853 2021-06-24 17:57:02.392679 34 140 Cecile 306.613611
0 158 27.53 28.31 0.164582 2021-06-24 17:57:02.557261 34 141 Cecile 306.778193
0 79 20.03 28.31 1.254162 2021-06-24 17:57:03.811423 34 142 Cecile 308.032355
0 76 19.69 28.31 1.388034 2021-06-24 17:57:05.199457 34 143 Cecile 309.420389
0 76 19.69 28.31 1.342475 2021-06-24 17:57:06.541932 34 144 Cecile 310.762864
1 67 18.51 27.13 0.016812 2021-06-24 17:57:06.558744 27 94 Niels 310.779676
1 56 16.76 26.91 2.009825 2021-06-24 17:57:08.568569 28 95 Niels 312.789501
2 127 24.18 26.70 1.883487 2021-06-24 17:57:10.452056 14 74 MattiaCosmicWatch 314.672988
0 162 28.06 28.31 2.449128 2021-06-24 17:57:12.901184 35 145 Cecile 317.122116
0 71 19.06 28.31 2.893056 2021-06-24 17:57:15.794240 35 146 Cecile 320.015172
0 146 26.08 28.31 0.469062 2021-06-24 17:57:16.263302 35 147 Cecile 320.484234
1 165 28.48 26.91 1.398795 2021-06-24 17:57:17.662097 28 96 Niels 321.883029
1 120 23.58 27.34 2.990633 2021-06-24 17:57:20.652730 28 97 Niels 324.873662
2 53 16.22 26.70 0.242955 2021-06-24 17:57:20.895685 14 75 MattiaCosmicWatch 325.116617
0 63 17.91 28.31 2.058281 2021-06-24 17:57:22.953966 35 148 Cecile 327.174898
1 53 16.22 27.13 0.195109 2021-06-24 17:57:23.149075 28 98 Niels 327.370007
2 88 20.96 26.70 0.289369 2021-06-24 17:57:23.438444 14 76 MattiaCosmicWatch 327.659376
2 143 25.74 26.81 0.924292 2021-06-24 17:57:24.362736 14 77 MattiaCosmicWatch 328.583668
1 83 20.46 27.13 1.136339 2021-06-24 17:57:25.499075 28 99 Niels 329.720007
0 73 19.32 28.31 1.167846 2021-06-24 17:57:26.666921 35 149 Cecile 330.887853
0 78 19.92 28.31 0.617171 2021-06-24 17:57:27.284092 35 150 Cecile 331.505024
2 63 17.91 26.70 0.49485 2021-06-24 17:57:27.778942 14 78 MattiaCosmicWatch 331.999874
1 231 39.55 27.24 0.178505 2021-06-24 17:57:27.957447 28 100 Niels 332.178379
2 98 21.83 26.70 0.427603 2021-06-24 17:57:28.385050 14 79 MattiaCosmicWatch 332.605982
1 97 21.75 27.34 0.3426 2021-06-24 17:57:28.727650 28 101 Niels 332.948582
2 225 38.48 26.70 0.198486 2021-06-24 17:57:28.926136 14 80 MattiaCosmicWatch 333.147068
2 172 29.49 26.70 0.370113 2021-06-24 17:57:29.296249 14 81 MattiaCosmicWatch 333.517181
1 89 21.05 27.34 0.359799 2021-06-24 17:57:29.656048 28 102 Niels 333.87698
2 172 29.49 26.70 2.031803 2021-06-24 17:57:31.687851 14 82 MattiaCosmicWatch 335.908783
0 88 20.96 28.31 0.029971 2021-06-24 17:57:31.717822 35 151 Cecile 335.938754
0 96 21.67 28.31 1.760545 2021-06-24 17:57:33.478367 36 152 Cecile 337.699299
0 96 21.67 28.31 0.68046 2021-06-24 17:57:34.158827 36 153 Cecile 338.379759
0 207 35.26 28.31 0.165295 2021-06-24 17:57:34.324122 36 154 Cecile 338.545054
0 120 23.58 28.31 0.618158 2021-06-24 17:57:34.942280 36 155 Cecile 339.163212
1 103 22.23 27.34 1.166513 2021-06-24 17:57:36.108793 28 103 Niels 340.329725
0 287 50.23 28.31 0.01698 2021-06-24 17:57:36.125773 36 156 Cecile 340.346705
0 280 48.67 28.31 0.082163 2021-06-24 17:57:36.207936 37 157 Cecile 340.428868
1 60 17.43 27.34 0.949136 2021-06-24 17:57:37.157072 29 104 Niels 341.378004
1 248 42.69 27.13 0.415224 2021-06-24 17:57:37.572296 29 105 Niels 341.793228
0 512 144.44 28.31 1.701945 2021-06-24 17:57:39.274241 37 158 Cecile 343.495173
1 305 53.88 27.34 0.01903 2021-06-24 17:57:39.293271 29 106 Niels 343.514203
2 174 29.79 26.70 0.646534 2021-06-24 17:57:39.939805 15 83 MattiaCosmicWatch 344.160737
0 192 32.67 28.31 0.065491 2021-06-24 17:57:40.005296 38 159 Cecile 344.226228
2 127 24.18 26.70 1.980864 2021-06-24 17:57:41.986160 16 84 MattiaCosmicWatch 346.207092
0 319 57.64 28.31 0.437775 2021-06-24 17:57:42.423935 39 160 Cecile 346.644867
0 88 20.96 28.31 1.251367 2021-06-24 17:57:43.675302 39 161 Cecile 347.896234
1 88 20.96 27.34 1.555583 2021-06-24 17:57:45.230885 30 107 Niels 349.451817
0 79 20.03 28.31 0.365573 2021-06-24 17:57:45.596458 39 162 Cecile 349.81739
0 79 20.03 28.31 3.684745 2021-06-24 17:57:49.281203 39 163 Cecile 353.502135
2 63 17.91 26.70 1.027821 2021-06-24 17:57:50.309024 16 85 MattiaCosmicWatch 354.529956
2 48 15.29 26.70 0.068317 2021-06-24 17:57:50.377341 16 86 MattiaCosmicWatch 354.598273
0 425 99.48 28.31 0.301395 2021-06-24 17:57:50.678736 39 164 Cecile 354.899668
2 227 38.83 26.70 0.526331 2021-06-24 17:57:51.205067 16 87 MattiaCosmicWatch 355.425999
0 121 23.66 28.31 0.034978 2021-06-24 17:57:51.240045 39 165 Cecile 355.460977
0 56 16.76 28.31 0.745887 2021-06-24 17:57:51.985932 40 166 Cecile 356.206864
1 63 17.91 27.34 0.514632 2021-06-24 17:57:52.500564 30 108 Niels 356.721496
0 444 109.09 28.31 2.096556 2021-06-24 17:57:54.597120 40 167 Cecile 358.818052
0 94 21.50 28.31 1.228905 2021-06-24 17:57:55.826025 40 168 Cecile 360.046957
1 73 19.32 27.34 0.018018 2021-06-24 17:57:55.844043 30 109 Niels 360.064975
0 88 20.96 28.31 1.094565 2021-06-24 17:57:56.938608 41 169 Cecile 361.15954
0 96 21.67 28.31 1.162939 2021-06-24 17:57:58.101547 41 170 Cecile 362.322479
0 156 27.28 28.31 1.692806 2021-06-24 17:57:59.794353 41 171 Cecile 364.015285
0 112 22.94 28.31 0.921924 2021-06-24 17:58:00.716277 41 172 Cecile 364.937209
0 295 51.75 28.31 0.599074 2021-06-24 17:58:01.315351 41 173 Cecile 365.536283
0 60 17.43 28.31 0.612774 2021-06-24 17:58:01.928125 41 174 Cecile 366.149057
2 63 17.91 26.59 0.347768 2021-06-24 17:58:02.275893 17 88 MattiaCosmicWatch 366.496825
0 103 22.23 28.31 0.068155 2021-06-24 17:58:02.344048 41 175 Cecile 366.56498
2 76 19.69 26.70 0.4108 2021-06-24 17:58:02.754848 18 89 MattiaCosmicWatch 366.97578
0 451 113.08 28.31 0.098944 2021-06-24 17:58:02.853792 42 176 Cecile 367.074724
1 57 16.93 27.34 3.395913 2021-06-24 17:58:06.249705 31 110 Niels 370.470637
0 63 17.91 28.31 0.015882 2021-06-24 17:58:06.265587 43 177 Cecile 370.486519
2 120 23.58 26.59 0.748473 2021-06-24 17:58:07.014060 19 90 MattiaCosmicWatch 371.234992
0 103 22.23 28.31 0.914792 2021-06-24 17:58:07.928852 44 178 Cecile 372.149784
1 63 17.91 27.34 0.019094 2021-06-24 17:58:07.947946 32 111 Niels 372.168878
0 108 22.63 28.31 0.222681 2021-06-24 17:58:08.170627 45 179 Cecile 372.391559
2 199 33.86 26.70 1.352433 2021-06-24 17:58:09.523060 19 91 MattiaCosmicWatch 373.743992
2 135 24.92 26.70 1.105442 2021-06-24 17:58:10.628502 19 92 MattiaCosmicWatch 374.849434
1 57 16.93 26.91 0.85476 2021-06-24 17:58:11.483262 33 112 Niels 375.704194
0 49 15.48 28.31 0.258031 2021-06-24 17:58:11.741293 45 180 Cecile 375.962225
1 230 39.39 27.24 0.017941 2021-06-24 17:58:11.759234 33 113 Niels 375.980166
2 96 21.67 26.70 1.472583 2021-06-24 17:58:13.231817 19 93 MattiaCosmicWatch 377.452749
0 152 26.78 28.31 2.88768 2021-06-24 17:58:16.119497 46 181 Cecile 380.340429
1 112 22.94 27.13 0.018974 2021-06-24 17:58:16.138471 34 114 Niels 380.359403
0 295 51.75 28.31 0.750401 2021-06-24 17:58:16.888872 47 182 Cecile 381.109804
0 135 24.92 28.31 0.719553 2021-06-24 17:58:17.608425 47 183 Cecile 381.829357
0 63 17.91 28.31 0.075531 2021-06-24 17:58:17.683956 47 184 Cecile 381.904888
1 101 22.08 27.34 0.255875 2021-06-24 17:58:17.939831 35 115 Niels 382.160763
2 71 19.06 26.91 0.655783 2021-06-24 17:58:18.595614 19 94 MattiaCosmicWatch 382.816546
1 60 17.43 27.34 0.334772 2021-06-24 17:58:18.930386 35 116 Niels 383.151318
0 57 16.93 28.31 1.120181 2021-06-24 17:58:20.050567 47 185 Cecile 384.271499
1 74 19.44 27.34 0.434331 2021-06-24 17:58:20.484898 35 117 Niels 384.70583
1 56 16.76 27.13 0.752598 2021-06-24 17:58:21.237496 35 118 Niels 385.458428
2 117 23.34 26.81 0.48657 2021-06-24 17:58:21.724066 19 95 MattiaCosmicWatch 385.944998
1 103 22.23 26.91 0.14455 2021-06-24 17:58:21.868616 35 119 Niels 386.089548
2 67 18.51 26.70 0.394727 2021-06-24 17:58:22.263343 19 96 MattiaCosmicWatch 386.484275
1 127 24.18 27.13 0.02746 2021-06-24 17:58:22.290803 35 120 Niels 386.511735
1 83 20.46 26.91 0.058255 2021-06-24 17:58:22.349058 36 121 Niels 386.56999
2 560 175.34 26.70 1.082005 2021-06-24 17:58:23.431063 20 97 MattiaCosmicWatch 387.651995
1 78 19.92 26.91 1.48582 2021-06-24 17:58:24.916883 36 122 Niels 389.137815
0 78 19.92 28.31 0.015961 2021-06-24 17:58:24.932844 47 186 Cecile 389.153776
0 110 22.78 28.31 1.1774 2021-06-24 17:58:26.110244 48 187 Cecile 390.331176
0 94 21.50 28.20 0.897567 2021-06-24 17:58:27.007811 48 188 Cecile 391.228743
1 92 21.32 27.34 0.018086 2021-06-24 17:58:27.025897 37 123 Niels 391.246829
2 63 17.91 26.70 0.738927 2021-06-24 17:58:27.764824 20 98 MattiaCosmicWatch 391.985756
0 63 17.91 28.31 0.706049 2021-06-24 17:58:28.470873 49 189 Cecile 392.691805
0 99 21.91 28.31 0.320527 2021-06-24 17:58:28.791400 49 190 Cecile 393.012332
2 61 17.60 26.70 3.297142 2021-06-24 17:58:32.088542 20 99 MattiaCosmicWatch 396.309474
2 115 23.18 26.70 0.099658 2021-06-24 17:58:32.188200 20 100 MattiaCosmicWatch 396.409132
1 57 16.93 27.34 0.324656 2021-06-24 17:58:32.512856 38 124 Niels 396.733788
1 67 18.51 27.34 0.406627 2021-06-24 17:58:32.919483 38 125 Niels 397.140415
0 88 20.96 28.31 0.136777 2021-06-24 17:58:33.056260 49 191 Cecile 397.277192
0 60 17.43 28.31 1.609593 2021-06-24 17:58:34.665853 49 192 Cecile 398.886785
2 127 24.18 26.70 4.797808 2021-06-24 17:58:39.463661 20 101 MattiaCosmicWatch 403.684593
1 204 34.73 27.13 0.336812 2021-06-24 17:58:39.800473 38 126 Niels 404.021405
2 56 16.76 26.70 0.425705 2021-06-24 17:58:40.226178 20 102 MattiaCosmicWatch 404.44711
0 275 47.73 28.31 0.28748 2021-06-24 17:58:40.513658 49 193 Cecile 404.73459
1 61 17.60 27.13 3.05613 2021-06-24 17:58:43.569788 38 127 Niels 407.79072
0 73 19.32 28.31 1.251326 2021-06-24 17:58:44.821114 49 194 Cecile 409.042046
2 96 21.67 26.70 0.777697 2021-06-24 17:58:45.598811 20 103 MattiaCosmicWatch 409.819743
0 364 71.71 28.31 0.325801 2021-06-24 17:58:45.924612 49 195 Cecile 410.145544
2 222 37.96 26.91 3.091922 2021-06-24 17:58:49.016534 20 104 MattiaCosmicWatch 413.237466
2 78 19.92 26.70 0.304821 2021-06-24 17:58:49.321355 20 105 MattiaCosmicWatch 413.542287
2 112 22.94 26.70 1.441114 2021-06-24 17:58:50.762469 20 106 MattiaCosmicWatch 414.983401
1 57 16.93 27.13 0.482707 2021-06-24 17:58:51.245176 38 128 Niels 415.466108
0 98 21.83 28.31 0.176016 2021-06-24 17:58:51.421192 49 196 Cecile 415.642124
0 67 18.51 28.31 0.537877 2021-06-24 17:58:51.959069 49 197 Cecile 416.180001
2 62 17.75 26.81 1.601165 2021-06-24 17:58:53.560234 20 107 MattiaCosmicWatch 417.781166
0 335 61.77 28.85 0.195326 2021-06-24 17:58:53.755560 49 198 Cecile 417.976492
0 143 25.74 28.31 0.59376 2021-06-24 17:58:54.349320 49 199 Cecile 418.570252
2 159 27.66 26.70 2.745856 2021-06-24 17:58:57.095176 20 108 MattiaCosmicWatch 421.316108
0 290 50.82 28.31 1.312192 2021-06-24 17:58:58.407368 49 200 Cecile 422.6283
0 88 20.96 28.31 0.468693 2021-06-24 17:58:58.876061 49 201 Cecile 423.096993
1 120 23.58 27.34 0.094407 2021-06-24 17:58:58.970468 38 129 Niels 423.1914
2 205 34.91 26.81 0.165753 2021-06-24 17:58:59.136221 20 109 MattiaCosmicWatch 423.357153
0 63 17.91 28.31 1.578119 2021-06-24 17:59:00.714340 50 202 Cecile 424.935272
2 78 19.92 26.91 0.745391 2021-06-24 17:59:01.459731 20 110 MattiaCosmicWatch 425.680663
2 51 15.86 26.70 1.74413 2021-06-24 17:59:03.203861 20 111 MattiaCosmicWatch 427.424793
1 106 22.47 27.34 2.921722 2021-06-24 17:59:06.125583 39 130 Niels 430.346515
0 92 21.32 28.31 0.016924 2021-06-24 17:59:06.142507 50 203 Cecile 430.363439
0 295 51.75 28.31 0.016688 2021-06-24 17:59:06.159195 51 204 Cecile 430.380127
1 56 16.76 27.34 0.576351 2021-06-24 17:59:06.735546 40 131 Niels 430.956478
0 83 20.46 28.31 0.564409 2021-06-24 17:59:07.299955 51 205 Cecile 431.520887
0 167 28.76 28.31 1.842032 2021-06-24 17:59:09.141987 51 206 Cecile 433.362919
0 255 43.96 28.31 1.514059 2021-06-24 17:59:10.656046 51 207 Cecile 434.876978
1 189 32.16 27.34 0.989884 2021-06-24 17:59:11.645930 40 132 Niels 435.866862
1 124 23.92 27.34 0.551132 2021-06-24 17:59:12.197062 40 133 Niels 436.417994
1 176 30.09 27.34 1.783837 2021-06-24 17:59:13.980899 40 134 Niels 438.201831
0 57 16.93 28.31 0.016813 2021-06-24 17:59:13.997712 51 208 Cecile 438.218644
2 103 22.23 26.70 2.532439 2021-06-24 17:59:16.530151 20 112 MattiaCosmicWatch 440.751083
0 71 19.06 28.31 0.231516 2021-06-24 17:59:16.761667 52 209 Cecile 440.982599
2 60 17.43 26.70 1.454856 2021-06-24 17:59:18.216523 20 113 MattiaCosmicWatch 442.437455
0 174 29.79 28.31 0.268215 2021-06-24 17:59:18.484738 52 210 Cecile 442.70567
0 448 112.41 28.31 1.368758 2021-06-24 17:59:19.853496 52 211 Cecile 444.074428
1 179 30.55 27.34 0.137195 2021-06-24 17:59:19.990691 41 135 Niels 444.211623
0 67 18.51 28.31 0.016801 2021-06-24 17:59:20.007492 52 212 Cecile 444.228424
0 56 16.76 28.31 0.017111 2021-06-24 17:59:20.024603 53 213 Cecile 444.245535
1 89 21.05 27.34 0.607814 2021-06-24 17:59:20.632417 42 136 Niels 444.853349
0 56 16.76 28.31 0.424184 2021-06-24 17:59:21.056601 53 214 Cecile 445.277533
0 51 15.86 28.31 0.143985 2021-06-24 17:59:21.200586 53 215 Cecile 445.421518
1 152 26.78 27.34 0.279511 2021-06-24 17:59:21.480097 42 137 Niels 445.701029
0 88 20.96 28.31 0.752957 2021-06-24 17:59:22.233054 53 216 Cecile 446.453986
0 166 28.62 28.31 0.690334 2021-06-24 17:59:22.923388 53 217 Cecile 447.14432
0 440 109.25 28.31 0.06365 2021-06-24 17:59:22.987038 53 218 Cecile 447.20797
1 97 21.75 26.91 0.078615 2021-06-24 17:59:23.065653 42 138 Niels 447.286585
0 76 19.69 28.31 0.595421 2021-06-24 17:59:23.661074 54 219 Cecile 447.882006
2 384 80.08 26.70 0.120079 2021-06-24 17:59:23.781153 20 114 MattiaCosmicWatch 448.002085
0 217 37.04 28.31 1.182816 2021-06-24 17:59:24.963969 54 220 Cecile 449.184901
1 92 21.32 27.13 0.85909 2021-06-24 17:59:25.823059 43 139 Niels 450.043991
0 96 21.67 28.31 0.882031 2021-06-24 17:59:26.705090 54 221 Cecile 450.926022
1 56 16.76 27.34 0.129977 2021-06-24 17:59:26.835067 43 140 Niels 451.055999
0 433 104.37 28.31 2.724239 2021-06-24 17:59:29.559306 54 222 Cecile 453.780238
1 66 18.36 27.34 2.49362 2021-06-24 17:59:32.052926 43 141 Niels 456.273858
1 127 24.18 27.34 0.335742 2021-06-24 17:59:32.388668 43 142 Niels 456.6096
1 56 16.76 27.34 0.125123 2021-06-24 17:59:32.513791 43 143 Niels 456.734723
1 51 15.86 27.34 0.378181 2021-06-24 17:59:32.891972 43 144 Niels 457.112904
0 103 22.23 28.31 0.015871 2021-06-24 17:59:32.907843 54 223 Cecile 457.128775
2 60 17.43 26.70 0.268212 2021-06-24 17:59:33.176055 20 115 MattiaCosmicWatch 457.396987
0 67 18.51 28.31 2.674824 2021-06-24 17:59:35.850879 55 224 Cecile 460.071811
0 207 35.26 28.31 0.179811 2021-06-24 17:59:36.030690 55 225 Cecile 460.251622
0 167 28.76 28.31 0.4137 2021-06-24 17:59:36.444390 55 226 Cecile 460.665322
0 76 19.69 28.31 0.175668 2021-06-24 17:59:36.620058 55 227 Cecile 460.84099
1 67 18.51 27.34 0.052935 2021-06-24 17:59:36.672993 44 145 Niels 460.893925
0 172 29.49 28.31 0.394063 2021-06-24 17:59:37.067056 56 228 Cecile 461.287988
2 71 19.06 26.70 0.222546 2021-06-24 17:59:37.289602 20 116 MattiaCosmicWatch 461.510534
2 131 24.54 26.91 0.294851 2021-06-24 17:59:37.584453 20 117 MattiaCosmicWatch 461.805385
1 113 23.02 27.34 0.35736 2021-06-24 17:59:37.941813 45 146 Niels 462.162745
0 71 19.06 28.31 0.016938 2021-06-24 17:59:37.958751 56 229 Cecile 462.179683
2 88 20.96 26.70 1.740961 2021-06-24 17:59:39.699712 20 118 MattiaCosmicWatch 463.920644
0 60 17.43 28.31 0.226641 2021-06-24 17:59:39.926353 57 230 Cecile 464.147285
1 112 22.94 26.91 0.763931 2021-06-24 17:59:40.690284 46 147 Niels 464.911216
0 51 15.86 28.31 0.052937 2021-06-24 17:59:40.743221 57 231 Cecile 464.964153
0 216 36.85 28.31 0.858836 2021-06-24 17:59:41.602057 58 232 Cecile 465.822989
0 152 26.78 28.31 0.189901 2021-06-24 17:59:41.791958 58 233 Cecile 466.01289
1 50 15.67 27.34 0.019048 2021-06-24 17:59:41.811006 47 148 Niels 466.031938
1 138 25.22 27.34 0.626215 2021-06-24 17:59:42.437221 48 149 Niels 466.658153
2 88 20.96 26.91 0.376158 2021-06-24 17:59:42.813379 20 119 MattiaCosmicWatch 467.034311
1 69 18.79 27.13 0.282526 2021-06-24 17:59:43.095905 48 150 Niels 467.316837
0 110 22.78 28.31 1.010432 2021-06-24 17:59:44.106337 59 234 Cecile 468.327269
1 83 20.46 27.34 0.052703 2021-06-24 17:59:44.159040 48 151 Niels 468.379972
0 89 21.05 28.31 0.01563 2021-06-24 17:59:44.174670 60 235 Cecile 468.395602
2 60 17.43 26.70 0.370644 2021-06-24 17:59:44.545314 20 120 MattiaCosmicWatch 468.766246
0 204 34.73 28.31 1.929775 2021-06-24 17:59:46.475089 60 236 Cecile 470.696021
2 206 35.07 26.70 0.131517 2021-06-24 17:59:46.606606 20 121 MattiaCosmicWatch 470.827538
1 327 59.28 27.34 0.161708 2021-06-24 17:59:46.768314 49 152 Niels 470.989246
0 115 23.18 28.31 0.979734 2021-06-24 17:59:47.748048 60 237 Cecile 471.96898
2 51 15.86 26.70 0.178675 2021-06-24 17:59:47.926723 20 122 MattiaCosmicWatch 472.147655
2 71 19.06 26.91 1.650477 2021-06-24 17:59:49.577200 20 123 MattiaCosmicWatch 473.798132
2 158 27.53 26.70 0.033583 2021-06-24 17:59:49.610783 20 124 MattiaCosmicWatch 473.831715
1 163 28.20 27.34 0.054865 2021-06-24 17:59:49.665648 49 153 Niels 473.88658
2 58 17.10 26.70 1.004933 2021-06-24 17:59:50.670581 21 125 MattiaCosmicWatch 474.891513
1 396 85.28 27.34 1.823332 2021-06-24 17:59:52.493913 50 154 Niels 476.714845
1 115 23.18 27.34 0.033617 2021-06-24 17:59:52.527530 50 155 Niels 476.748462
1 67 18.51 27.34 0.033195 2021-06-24 17:59:52.560725 50 156 Niels 476.781657
1 62 17.75 27.34 0.943655 2021-06-24 17:59:53.504380 50 157 Niels 477.725312
0 366 72.41 28.31 0.549461 2021-06-24 17:59:54.053841 60 238 Cecile 478.274773
1 153 26.90 27.34 0.430853 2021-06-24 17:59:54.484694 50 158 Niels 478.705626
1 60 17.43 27.34 0.104964 2021-06-24 17:59:54.589658 50 159 Niels 478.81059
2 521 150.31 26.91 0.149821 2021-06-24 17:59:54.739479 21 126 MattiaCosmicWatch 478.960411
1 63 17.91 27.13 2.808589 2021-06-24 17:59:57.548068 50 160 Niels 481.769
0 359 69.86 28.31 3.021585 2021-06-24 18:00:00.569653 60 239 Cecile 484.790585
0 71 19.06 28.31 1.142427 2021-06-24 18:00:01.712080 60 240 Cecile 485.933012
0 63 17.91 28.31 0.094716 2021-06-24 18:00:01.806796 60 241 Cecile 486.027728
1 51 15.86 27.34 0.529656 2021-06-24 18:00:02.336452 50 161 Niels 486.557384
0 79 20.03 28.31 0.250094 2021-06-24 18:00:02.586546 60 242 Cecile 486.807478
0 231 39.55 28.31 0.432147 2021-06-24 18:00:03.018693 60 243 Cecile 487.239625
2 62 17.75 26.70 0.15839 2021-06-24 18:00:03.177083 21 127 MattiaCosmicWatch 487.398015
2 326 59.13 26.70 1.756931 2021-06-24 18:00:04.934014 21 128 MattiaCosmicWatch 489.154946
0 63 17.91 28.31 1.123578 2021-06-24 18:00:06.057592 60 244 Cecile 490.278524
0 121 23.66 28.31 0.582175 2021-06-24 18:00:06.639767 60 245 Cecile 490.860699
2 88 20.96 26.70 0.132375 2021-06-24 18:00:06.772142 21 129 MattiaCosmicWatch 490.993074
0 63 17.91 28.31 0.089894 2021-06-24 18:00:06.862036 60 246 Cecile 491.082968
2 291 50.97 26.70 0.226284 2021-06-24 18:00:07.088320 22 130 MattiaCosmicWatch 491.309252
0 199 33.86 28.31 0.508721 2021-06-24 18:00:07.597041 61 247 Cecile 491.817973
0 414 93.93 28.31 0.196129 2021-06-24 18:00:07.793170 61 248 Cecile 492.014102
2 569 185.56 26.70 0.607888 2021-06-24 18:00:08.401058 22 131 MattiaCosmicWatch 492.62199
2 50 15.67 26.70 0.407396 2021-06-24 18:00:08.808454 22 132 MattiaCosmicWatch 493.029386
1 61 17.60 27.34 0.34371 2021-06-24 18:00:09.152164 50 162 Niels 493.373096
1 57 16.93 27.13 0.791296 2021-06-24 18:00:09.943460 50 163 Niels 494.164392
2 54 16.41 26.70 0.443042 2021-06-24 18:00:10.386502 22 133 MattiaCosmicWatch 494.607434
0 76 19.69 28.31 0.737929 2021-06-24 18:00:11.124431 61 249 Cecile 495.345363
2 295 51.75 26.91 3.429383 2021-06-24 18:00:14.553814 22 134 MattiaCosmicWatch 498.774746
1 81 20.25 27.34 0.602932 2021-06-24 18:00:15.156746 50 164 Niels 499.377678
0 188 32.01 28.31 0.060296 2021-06-24 18:00:15.217042 61 250 Cecile 499.437974
0 135 24.92 28.31 0.155973 2021-06-24 18:00:15.373015 62 251 Cecile 499.593947
0 56 16.76 28.31 0.918365 2021-06-24 18:00:16.291380 62 252 Cecile 500.512312
0 291 50.97 28.31 0.61989 2021-06-24 18:00:16.911270 62 253 Cecile 501.132202
0 71 19.06 28.31 0.676156 2021-06-24 18:00:17.587426 62 254 Cecile 501.808358
1 327 59.28 27.24 1.148031 2021-06-24 18:00:18.735457 51 165 Niels 502.956389
2 487 132.65 26.70 1.303017 2021-06-24 18:00:20.038474 22 135 MattiaCosmicWatch 504.259406
1 92 21.32 27.13 0.919625 2021-06-24 18:00:20.958099 51 166 Niels 505.179031
0 71 19.06 28.31 0.221391 2021-06-24 18:00:21.179490 62 255 Cecile 505.400422
0 326 59.13 28.31 0.275843 2021-06-24 18:00:21.455333 62 256 Cecile 505.676265
0 76 19.69 28.31 0.382754 2021-06-24 18:00:21.838087 62 257 Cecile 506.059019
0 339 62.98 28.31 0.243201 2021-06-24 18:00:22.081288 62 258 Cecile 506.30222
0 145 25.96 28.31 1.145583 2021-06-24 18:00:23.226871 62 259 Cecile 507.447803
2 51 15.86 26.70 0.089547 2021-06-24 18:00:23.316418 22 136 MattiaCosmicWatch 507.53735
0 67 18.51 28.31 0.281454 2021-06-24 18:00:23.597872 63 260 Cecile 507.818804
1 163 28.20 27.13 2.812918 2021-06-24 18:00:26.410790 51 167 Niels 510.631722
1 543 164.77 27.13 0.210587 2021-06-24 18:00:26.621377 51 168 Niels 510.842309
0 120 23.58 28.31 1.752888 2021-06-24 18:00:28.374265 63 261 Cecile 512.595197
1 143 25.74 27.34 0.637412 2021-06-24 18:00:29.011677 51 169 Niels 513.232609
2 348 65.64 26.70 2.505034 2021-06-24 18:00:31.516711 23 137 MattiaCosmicWatch 515.737643
1 103 22.23 27.34 0.064498 2021-06-24 18:00:31.581209 51 170 Niels 515.802141
1 56 16.76 27.34 1.018551 2021-06-24 18:00:32.599760 52 171 Niels 516.820692
0 78 19.92 28.31 0.065585 2021-06-24 18:00:32.665345 63 262 Cecile 516.886277
2 454 115.28 26.70 2.13508 2021-06-24 18:00:34.800425 24 138 MattiaCosmicWatch 519.021357
0 455 117.03 28.31 0.173843 2021-06-24 18:00:34.974268 64 263 Cecile 519.1952
1 224 38.29 27.34 0.221227 2021-06-24 18:00:35.195495 53 172 Niels 519.416427
0 99 21.91 28.31 1.410407 2021-06-24 18:00:36.605902 64 264 Cecile 520.826834
0 97 21.75 28.31 0.05087 2021-06-24 18:00:36.656772 64 265 Cecile 520.877704
2 335 61.77 26.70 0.253537 2021-06-24 18:00:36.910309 24 139 MattiaCosmicWatch 521.131241
2 108 22.63 26.70 0.949714 2021-06-24 18:00:37.860023 24 140 MattiaCosmicWatch 522.080955
0 49 15.48 28.31 1.868904 2021-06-24 18:00:39.728927 64 266 Cecile 523.949859
1 83 20.46 27.13 0.02456 2021-06-24 18:00:39.753487 53 173 Niels 523.974419
0 88 20.96 28.31 0.081531 2021-06-24 18:00:39.835018 65 267 Cecile 524.05595
2 61 17.60 26.70 1.400996 2021-06-24 18:00:41.236014 24 141 MattiaCosmicWatch 525.456946
1 101 22.08 27.13 3.008733 2021-06-24 18:00:44.244747 54 174 Niels 528.465679
1 77 19.81 27.34 0.147372 2021-06-24 18:00:44.392119 54 175 Niels 528.613051
0 71 19.06 28.31 1.107777 2021-06-24 18:00:45.499896 65 268 Cecile 529.720828
1 156 27.28 27.13 0.867559 2021-06-24 18:00:46.367455 54 176 Niels 530.588387
0 89 21.05 28.31 0.48187 2021-06-24 18:00:46.849325 65 269 Cecile 531.070257
1 73 19.32 27.34 0.017955 2021-06-24 18:00:46.867280 54 177 Niels 531.088212
0 268 46.26 28.31 1.285982 2021-06-24 18:00:48.153262 66 270 Cecile 532.374194
1 79 20.03 27.34 1.935015 2021-06-24 18:00:50.088277 55 178 Niels 534.309209
0 88 20.96 28.31 0.016973 2021-06-24 18:00:50.105250 66 271 Cecile 534.326182
2 167 28.76 26.81 1.182789 2021-06-24 18:00:51.288039 24 142 MattiaCosmicWatch 535.508971
1 327 59.28 27.34 1.934649 2021-06-24 18:00:53.222688 56 179 Niels 537.44362
1 147 26.19 27.34 1.198936 2021-06-24 18:00:54.421624 56 180 Niels 538.642556
2 127 24.18 26.91 0.839313 2021-06-24 18:00:55.260937 24 143 MattiaCosmicWatch 539.481869
2 103 22.23 26.70 1.427981 2021-06-24 18:00:56.688918 24 144 MattiaCosmicWatch 540.90985
1 156 27.28 27.34 3.146119 2021-06-24 18:00:59.835037 56 181 Niels 544.055969
0 240 41.21 28.31 0.203427 2021-06-24 18:01:00.038464 67 272 Cecile 544.259396
1 433 104.37 27.13 1.229045 2021-06-24 18:01:01.267509 56 182 Niels 545.488441
2 82 20.36 26.70 0.263819 2021-06-24 18:01:01.531328 24 145 MattiaCosmicWatch 545.75226
1 88 20.96 27.34 1.560356 2021-06-24 18:01:03.091684 56 183 Niels 547.312616
0 211 35.96 28.31 1.281374 2021-06-24 18:01:04.373058 67 273 Cecile 548.59399
1 143 25.74 27.13 0.399286 2021-06-24 18:01:04.772344 56 184 Niels 548.993276
1 185 31.51 27.34 0.632774 2021-06-24 18:01:05.405118 56 185 Niels 549.62605
0 83 20.46 28.31 0.017833 2021-06-24 18:01:05.422951 67 274 Cecile 549.643883
0 56 16.76 28.31 1.720072 2021-06-24 18:01:07.143023 68 275 Cecile 551.363955
2 515 147.53 26.70 0.135747 2021-06-24 18:01:07.278770 24 146 MattiaCosmicWatch 551.499702
1 76 19.69 27.34 1.37115 2021-06-24 18:01:08.649920 57 186 Niels 552.870852
0 67 18.51 28.31 0.016764 2021-06-24 18:01:08.666684 68 276 Cecile 552.887616
2 56 16.76 26.81 1.519193 2021-06-24 18:01:10.185877 24 147 MattiaCosmicWatch 554.406809
1 492 134.92 27.13 0.028481 2021-06-24 18:01:10.214358 58 187 Niels 554.43529
0 102 22.15 28.31 0.411017 2021-06-24 18:01:10.625375 69 277 Cecile 554.846307
2 143 25.74 26.70 0.641758 2021-06-24 18:01:11.267133 25 148 MattiaCosmicWatch 555.488065
0 271 46.93 28.31 2.125988 2021-06-24 18:01:13.393121 69 278 Cecile 557.614053
1 120 23.58 27.34 0.018999 2021-06-24 18:01:13.412120 59 188 Niels 557.633052
0 105 22.39 28.31 0.457251 2021-06-24 18:01:13.869371 70 279 Cecile 558.090303
0 70 18.93 28.31 1.529377 2021-06-24 18:01:15.398748 70 280 Cecile 559.61968
1 202 34.38 27.34 0.05758 2021-06-24 18:01:15.456328 60 189 Niels 559.67726
2 199 33.86 26.70 0.244529 2021-06-24 18:01:15.700857 25 149 MattiaCosmicWatch 559.921789
1 73 19.32 27.34 2.515062 2021-06-24 18:01:18.215919 61 190 Niels 562.436851
0 67 18.51 28.31 0.942776 2021-06-24 18:01:19.158695 71 281 Cecile 563.379627
1 56 16.76 27.34 0.036839 2021-06-24 18:01:19.195534 61 191 Niels 563.416466
1 51 15.86 27.34 0.250997 2021-06-24 18:01:19.446531 62 192 Niels 563.667463
2 197 33.52 26.81 0.660321 2021-06-24 18:01:20.106852 25 150 MattiaCosmicWatch 564.327784
1 63 17.91 27.34 0.149254 2021-06-24 18:01:20.256106 62 193 Niels 564.477038
0 71 19.06 28.31 0.016998 2021-06-24 18:01:20.273104 72 282 Cecile 564.494036
0 89 21.05 28.31 0.270393 2021-06-24 18:01:20.543497 73 283 Cecile 564.764429
0 179 30.55 28.31 0.366894 2021-06-24 18:01:20.910391 73 284 Cecile 565.131323
2 143 25.74 26.91 3.928985 2021-06-24 18:01:24.839376 25 151 MattiaCosmicWatch 569.060308
2 377 76.28 26.70 0.069277 2021-06-24 18:01:24.908653 25 152 MattiaCosmicWatch 569.129585
0 207 35.26 28.31 0.309668 2021-06-24 18:01:25.218321 73 285 Cecile 569.439253
2 67 18.51 26.81 0.978037 2021-06-24 18:01:26.196358 25 153 MattiaCosmicWatch 570.41729
1 70 18.93 27.34 0.456111 2021-06-24 18:01:26.652469 63 194 Niels 570.873401
0 108 22.63 28.31 0.664769 2021-06-24 18:01:27.317238 73 286 Cecile 571.53817
0 207 35.26 28.31 2.196362 2021-06-24 18:01:29.513600 73 287 Cecile 573.734532
2 176 30.09 26.91 0.323976 2021-06-24 18:01:29.837576 25 154 MattiaCosmicWatch 574.058508
0 338 62.67 28.31 3.67367 2021-06-24 18:01:33.511246 73 288 Cecile 577.732178
1 319 57.64 27.34 0.01894 2021-06-24 18:01:33.530186 63 195 Niels 577.751118
2 77 19.81 26.91 1.523658 2021-06-24 18:01:35.053844 25 155 MattiaCosmicWatch 579.274776
0 78 19.92 28.31 5.705618 2021-06-24 18:01:40.759462 74 289 Cecile 584.980394
0 51 15.86 28.31 3.033224 2021-06-24 18:01:43.792686 74 290 Cecile 588.013618
2 275 47.73 26.70 0.216744 2021-06-24 18:01:44.009430 25 156 MattiaCosmicWatch 588.230362
0 83 20.46 28.31 2.817605 2021-06-24 18:01:46.827035 74 291 Cecile 591.047967
1 57 16.93 27.34 0.521401 2021-06-24 18:01:47.348436 64 196 Niels 591.569368
0 103 22.23 28.31 0.017059 2021-06-24 18:01:47.365495 74 292 Cecile 591.586427
2 76 19.69 26.70 0.736307 2021-06-24 18:01:48.101802 25 157 MattiaCosmicWatch 592.322734
0 63 17.91 28.31 1.221064 2021-06-24 18:01:49.322866 75 293 Cecile 593.543798
1 344 64.67 27.34 0.24019 2021-06-24 18:01:49.563056 65 197 Niels 593.783988
0 67 18.51 28.31 0.030222 2021-06-24 18:01:49.593278 75 294 Cecile 593.81421
0 92 21.32 28.31 1.236094 2021-06-24 18:01:50.829372 76 295 Cecile 595.050304
0 70 18.93 28.31 0.033723 2021-06-24 18:01:50.863095 76 296 Cecile 595.084027
1 71 19.06 27.34 0.323275 2021-06-24 18:01:51.186370 66 198 Niels 595.407302
0 135 24.92 28.31 1.172078 2021-06-24 18:01:52.358448 76 297 Cecile 596.57938
2 67 18.51 26.70 0.486103 2021-06-24 18:01:52.844551 25 158 MattiaCosmicWatch 597.065483
1 199 33.86 27.34 2.115341 2021-06-24 18:01:54.959892 66 199 Niels 599.180824
1 408 90.57 27.34 0.260331 2021-06-24 18:01:55.220223 66 200 Niels 599.441155
1 135 24.92 26.91 1.099443 2021-06-24 18:01:56.319666 66 201 Niels 600.540598
1 376 76.43 27.34 2.983632 2021-06-24 18:01:59.303298 66 202 Niels 603.52423
1 57 16.93 27.34 0.983123 2021-06-24 18:02:00.286421 66 203 Niels 604.507353
1 181 30.87 27.34 0.886108 2021-06-24 18:02:01.172529 66 204 Niels 605.393461
0 48 15.29 28.31 0.584959 2021-06-24 18:02:01.757488 76 298 Cecile 605.97842
0 192 32.67 28.31 1.548676 2021-06-24 18:02:03.306164 76 299 Cecile 607.527096
1 108 22.63 27.34 1.311269 2021-06-24 18:02:04.617433 66 205 Niels 608.838365
0 103 22.23 28.31 0.728794 2021-06-24 18:02:05.346227 76 300 Cecile 609.567159
0 51 15.86 28.31 1.064537 2021-06-24 18:02:06.410764 76 301 Cecile 610.631696
2 70 18.93 26.70 0.186937 2021-06-24 18:02:06.597701 25 159 MattiaCosmicWatch 610.818633
0 56 16.76 28.31 1.694102 2021-06-24 18:02:08.291803 76 302 Cecile 612.512735
2 67 18.51 26.70 0.474466 2021-06-24 18:02:08.766269 25 160 MattiaCosmicWatch 612.987201
1 98 21.83 27.34 1.175663 2021-06-24 18:02:09.941932 66 206 Niels 614.162864
2 49 15.48 26.91 0.043229 2021-06-24 18:02:09.985161 25 161 MattiaCosmicWatch 614.206093
1 178 30.40 27.34 0.379886 2021-06-24 18:02:10.365047 67 207 Niels 614.585979
0 158 27.53 28.31 0.229596 2021-06-24 18:02:10.594643 76 303 Cecile 614.815575
0 62 17.75 28.31 0.785591 2021-06-24 18:02:11.380234 76 304 Cecile 615.601166
1 188 32.01 27.34 0.251594 2021-06-24 18:02:11.631828 67 208 Niels 615.85276
2 56 16.76 26.70 1.129823 2021-06-24 18:02:12.761651 26 162 MattiaCosmicWatch 616.982583
0 51 15.86 28.31 0.160949 2021-06-24 18:02:12.922600 76 305 Cecile 617.143532
0 73 19.32 28.31 0.971113 2021-06-24 18:02:13.893713 76 306 Cecile 618.114645
1 56 16.76 27.34 0.017943 2021-06-24 18:02:13.911656 67 209 Niels 618.132588
1 101 22.08 27.34 0.162456 2021-06-24 18:02:14.074112 68 210 Niels 618.295044
0 56 16.76 28.31 0.139349 2021-06-24 18:02:14.213461 77 307 Cecile 618.434393
0 369 73.42 28.31 1.261575 2021-06-24 18:02:15.475036 77 308 Cecile 619.695968
0 124 23.92 28.31 0.369258 2021-06-24 18:02:15.844294 77 309 Cecile 620.065226
0 82 20.36 28.31 1.347362 2021-06-24 18:02:17.191656 77 310 Cecile 621.412588
0 65 18.22 28.31 1.86538 2021-06-24 18:02:19.057036 77 311 Cecile 623.277968
2 124 23.92 26.70 0.717105 2021-06-24 18:02:19.774141 26 163 MattiaCosmicWatch 623.995073
2 248 42.69 26.70 0.193454 2021-06-24 18:02:19.967595 26 164 MattiaCosmicWatch 624.188527
0 51 15.86 28.31 0.86791 2021-06-24 18:02:20.835505 77 312 Cecile 625.056437
0 56 16.76 28.31 0.095588 2021-06-24 18:02:20.931093 77 313 Cecile 625.152025
0 441 109.77 28.31 0.610151 2021-06-24 18:02:21.541244 77 314 Cecile 625.762176
2 51 15.86 26.70 1.17013 2021-06-24 18:02:22.711374 26 165 MattiaCosmicWatch 626.932306
0 67 18.51 28.31 1.033022 2021-06-24 18:02:23.744396 77 315 Cecile 627.965328
1 57 16.93 27.34 0.869699 2021-06-24 18:02:24.614095 68 211 Niels 628.835027
0 147 26.19 28.31 0.016967 2021-06-24 18:02:24.631062 77 316 Cecile 628.851994
1 76 19.69 27.34 1.99298 2021-06-24 18:02:26.624042 69 212 Niels 630.844974
1 121 23.66 27.34 0.849093 2021-06-24 18:02:27.473135 69 213 Niels 631.694067
0 83 20.46 28.31 0.946168 2021-06-24 18:02:28.419303 78 317 Cecile 632.640235
2 108 22.63 26.81 0.344724 2021-06-24 18:02:28.764027 26 166 MattiaCosmicWatch 632.984959
2 159 27.66 26.70 3.365313 2021-06-24 18:02:32.129340 26 167 MattiaCosmicWatch 636.350272
2 51 15.86 26.91 2.218109 2021-06-24 18:02:34.347449 26 168 MattiaCosmicWatch 638.568381
0 99 21.91 28.31 1.516779 2021-06-24 18:02:35.864228 78 318 Cecile 640.08516
1 56 16.76 27.13 0.525319 2021-06-24 18:02:36.389547 69 214 Niels 640.610479
2 295 51.75 26.70 0.993518 2021-06-24 18:02:37.383065 26 169 MattiaCosmicWatch 641.603997
1 198 33.69 27.34 0.127572 2021-06-24 18:02:37.510637 69 215 Niels 641.731569
2 82 20.36 26.70 1.121762 2021-06-24 18:02:38.632399 26 170 MattiaCosmicWatch 642.853331
1 67 18.51 27.34 0.367341 2021-06-24 18:02:38.999740 69 216 Niels 643.220672
2 179 30.55 26.70 1.956891 2021-06-24 18:02:40.956631 26 171 MattiaCosmicWatch 645.177563
1 515 147.53 27.34 0.130416 2021-06-24 18:02:41.087047 69 217 Niels 645.307979
1 67 18.51 27.34 1.441733 2021-06-24 18:02:42.528780 69 218 Niels 646.749712
2 163 28.20 26.70 1.951535 2021-06-24 18:02:44.480315 26 172 MattiaCosmicWatch 648.701247
1 96 21.67 27.34 1.495926 2021-06-24 18:02:45.976241 69 219 Niels 650.197173
0 62 17.75 28.31 0.016873 2021-06-24 18:02:45.993114 78 319 Cecile 650.214046
1 543 164.77 26.91 0.910569 2021-06-24 18:02:46.903683 70 220 Niels 651.124615
0 89 21.05 28.31 2.327571 2021-06-24 18:02:49.231254 79 320 Cecile 653.452186
0 165 28.48 28.31 0.033708 2021-06-24 18:02:49.264962 79 321 Cecile 653.485894
1 92 21.32 27.34 0.324509 2021-06-24 18:02:49.589471 70 221 Niels 653.810403
0 230 39.39 28.31 0.198913 2021-06-24 18:02:49.788384 79 322 Cecile 654.009316
2 81 20.25 26.70 0.037894 2021-06-24 18:02:49.826278 26 173 MattiaCosmicWatch 654.04721
0 231 39.55 28.31 1.629605 2021-06-24 18:02:51.455883 80 323 Cecile 655.676815
0 97 21.75 28.85 0.071396 2021-06-24 18:02:51.527279 80 324 Cecile 655.748211
2 49 15.48 26.70 0.621308 2021-06-24 18:02:52.148587 27 174 MattiaCosmicWatch 656.369519
0 307 54.48 28.31 0.550978 2021-06-24 18:02:52.699565 80 325 Cecile 656.920497
1 536 160.18 27.13 0.506273 2021-06-24 18:02:53.205838 70 222 Niels 657.42677
0 88 20.96 28.31 1.02939 2021-06-24 18:02:54.235228 80 326 Cecile 658.45616
1 71 19.06 27.34 0.017965 2021-06-24 18:02:54.253193 70 223 Niels 658.474125
0 184 31.36 28.31 0.144534 2021-06-24 18:02:54.397727 81 327 Cecile 658.618659
0 137 25.12 28.31 3.146654 2021-06-24 18:02:57.544381 81 328 Cecile 661.765313
2 189 32.16 26.70 3.101537 2021-06-24 18:03:00.645918 27 175 MattiaCosmicWatch 664.86685
2 78 19.92 26.70 2.58681 2021-06-24 18:03:03.232728 27 176 MattiaCosmicWatch 667.45366
0 99 21.91 28.31 0.029427 2021-06-24 18:03:03.262155 81 329 Cecile 667.483087
1 69 18.79 27.34 0.000162 2021-06-24 18:03:03.262317 71 224 Niels 667.483249
0 63 17.91 28.31 1.075065 2021-06-24 18:03:04.337382 82 330 Cecile 668.558314
2 344 64.67 26.70 4.927759 2021-06-24 18:03:09.265141 28 177 MattiaCosmicWatch 673.486073
0 204 34.73 28.31 1.612377 2021-06-24 18:03:10.877518 82 331 Cecile 675.09845
0 83 20.46 28.31 2.090836 2021-06-24 18:03:12.968354 82 332 Cecile 677.189286
0 96 21.67 28.31 0.651704 2021-06-24 18:03:13.620058 82 333 Cecile 677.84099
0 98 21.83 28.31 0.418703 2021-06-24 18:03:14.038761 82 334 Cecile 678.259693
0 56 16.76 28.31 0.429409 2021-06-24 18:03:14.468170 82 335 Cecile 678.689102
1 78 19.92 27.34 1.136615 2021-06-24 18:03:15.604785 72 225 Niels 679.825717
1 63 17.91 27.34 0.977765 2021-06-24 18:03:16.582550 72 226 Niels 680.803482
0 79 20.03 28.31 0.029908 2021-06-24 18:03:16.612458 82 336 Cecile 680.83339
1 112 22.94 27.34 0.296794 2021-06-24 18:03:16.909252 73 227 Niels 681.130184
1 81 20.25 27.13 3.089093 2021-06-24 18:03:19.998345 73 228 Niels 684.219277
0 103 22.23 28.31 0.54657 2021-06-24 18:03:20.544915 83 337 Cecile 684.765847
1 96 21.67 27.13 0.018925 2021-06-24 18:03:20.563840 73 229 Niels 684.784772
2 71 19.06 26.70 0.000157 2021-06-24 18:03:20.563997 28 178 MattiaCosmicWatch 684.784929
2 71 19.06 26.70 1.649309 2021-06-24 18:03:22.213306 29 179 MattiaCosmicWatch 686.434238
0 206 35.07 28.31 2.472461 2021-06-24 18:03:24.685767 84 338 Cecile 688.906699
0 353 67.64 28.31 0.760393 2021-06-24 18:03:25.446160 84 339 Cecile 689.667092
2 49 15.48 26.91 2.520328 2021-06-24 18:03:27.966488 29 180 MattiaCosmicWatch 692.18742
0 112 22.94 28.31 0.136898 2021-06-24 18:03:28.103386 84 340 Cecile 692.324318
1 67 18.51 27.34 0.476244 2021-06-24 18:03:28.579630 74 230 Niels 692.800562
0 49 15.48 28.31 0.029893 2021-06-24 18:03:28.609523 84 341 Cecile 692.830455
0 249 42.85 28.31 0.085616 2021-06-24 18:03:28.695139 85 342 Cecile 692.916071
0 376 76.43 28.31 1.17661 2021-06-24 18:03:29.871749 85 343 Cecile 694.092681
0 56 16.76 28.31 0.512856 2021-06-24 18:03:30.384605 85 344 Cecile 694.605537
0 337 62.30 28.31 0.506727 2021-06-24 18:03:30.891332 85 345 Cecile 695.112264
0 174 29.79 28.31 0.266418 2021-06-24 18:03:31.157750 85 346 Cecile 695.378682
2 153 26.90 26.70 0.269387 2021-06-24 18:03:31.427137 29 181 MattiaCosmicWatch 695.648069
1 83 20.46 27.34 4.084732 2021-06-24 18:03:35.511869 75 231 Niels 699.732801
1 176 30.09 27.13 0.123923 2021-06-24 18:03:35.635792 75 232 Niels 699.856724
2 57 16.93 26.70 0.934131 2021-06-24 18:03:36.569923 29 182 MattiaCosmicWatch 700.790855
0 108 22.63 28.31 0.706022 2021-06-24 18:03:37.275945 85 347 Cecile 701.496877
2 448 112.41 26.70 0.018976 2021-06-24 18:03:37.294921 29 183 MattiaCosmicWatch 701.515853
1 56 16.76 27.34 0.376193 2021-06-24 18:03:37.671114 75 233 Niels 701.892046
0 127 24.18 28.31 0.11276 2021-06-24 18:03:37.783874 86 348 Cecile 702.004806
1 120 23.58 27.34 0.740734 2021-06-24 18:03:38.524608 75 234 Niels 702.74554
0 463 119.23 28.31 0.097133 2021-06-24 18:03:38.621741 86 349 Cecile 702.842673
1 158 27.53 27.34 0.81974 2021-06-24 18:03:39.441481 76 235 Niels 703.662413
0 71 19.06 28.31 0.018066 2021-06-24 18:03:39.459547 87 350 Cecile 703.680479
2 51 15.86 26.91 0.057207 2021-06-24 18:03:39.516754 30 184 MattiaCosmicWatch 703.737686
0 79 20.03 28.31 0.715175 2021-06-24 18:03:40.231929 88 351 Cecile 704.452861
1 179 30.55 27.34 2.581548 2021-06-24 18:03:42.813477 77 236 Niels 707.034409
0 222 37.96 28.31 0.165573 2021-06-24 18:03:42.979050 88 352 Cecile 707.199982
2 216 36.85 26.91 0.368137 2021-06-24 18:03:43.347187 31 185 MattiaCosmicWatch 707.568119
1 79 20.03 27.13 0.306465 2021-06-24 18:03:43.653652 77 237 Niels 707.874584
0 207 35.26 28.31 0.427404 2021-06-24 18:03:44.081056 88 353 Cecile 708.301988
1 169 29.05 27.34 0.194372 2021-06-24 18:03:44.275428 77 238 Niels 708.49636
2 60 17.43 26.70 1.740737 2021-06-24 18:03:46.016165 31 186 MattiaCosmicWatch 710.237097
0 112 22.94 28.31 0.756048 2021-06-24 18:03:46.772213 88 354 Cecile 710.993145
2 280 48.67 26.70 0.033688 2021-06-24 18:03:46.805901 31 187 MattiaCosmicWatch 711.026833
0 156 27.28 28.31 0.026945 2021-06-24 18:03:46.832846 89 355 Cecile 711.053778
1 496 144.49 27.13 0.006334 2021-06-24 18:03:46.839180 77 239 Niels 711.060112
2 56 16.76 26.91 1.208852 2021-06-24 18:03:48.048032 32 188 MattiaCosmicWatch 712.268964
0 304 53.73 28.31 0.285907 2021-06-24 18:03:48.333939 89 356 Cecile 712.554871
0 99 21.91 28.31 0.280734 2021-06-24 18:03:48.614673 89 357 Cecile 712.835605
1 74 19.44 27.34 0.017909 2021-06-24 18:03:48.632582 78 240 Niels 712.853514
2 263 45.37 26.91 0.552817 2021-06-24 18:03:49.185399 32 189 MattiaCosmicWatch 713.406331
2 89 21.05 26.70 1.081431 2021-06-24 18:03:50.266830 32 190 MattiaCosmicWatch 714.487762
0 103 22.23 28.31 2.047544 2021-06-24 18:03:52.314374 90 358 Cecile 716.535306
0 268 46.26 28.31 3.737991 2021-06-24 18:03:56.052365 90 359 Cecile 720.273297
1 319 57.64 27.13 0.255768 2021-06-24 18:03:56.308133 79 241 Niels 720.529065
0 71 19.06 28.31 0.99965 2021-06-24 18:03:57.307783 90 360 Cecile 721.528715
1 69 18.79 27.34 0.017939 2021-06-24 18:03:57.325722 79 242 Niels 721.546654
2 176 30.09 26.70 0.920814 2021-06-24 18:03:58.246536 32 191 MattiaCosmicWatch 722.467468
2 152 26.78 26.91 1.91707 2021-06-24 18:04:00.163606 32 192 MattiaCosmicWatch 724.384538
0 146 26.08 28.31 0.222027 2021-06-24 18:04:00.385633 91 361 Cecile 724.606565
0 184 31.36 28.31 0.268181 2021-06-24 18:04:00.653814 91 362 Cecile 724.874746
0 297 52.13 28.31 1.162462 2021-06-24 18:04:01.816276 91 363 Cecile 726.037208
0 79 20.03 28.31 1.142301 2021-06-24 18:04:02.958577 91 364 Cecile 727.179509
1 97 21.75 27.34 1.808079 2021-06-24 18:04:04.766656 80 243 Niels 728.987588
0 88 20.96 28.31 0.521202 2021-06-24 18:04:05.287858 91 365 Cecile 729.50879
0 56 16.76 28.31 0.884356 2021-06-24 18:04:06.172214 91 366 Cecile 730.393146
1 108 22.63 27.13 1.636173 2021-06-24 18:04:07.808387 80 244 Niels 732.029319
0 56 16.76 28.31 1.689753 2021-06-24 18:04:09.498140 91 367 Cecile 733.719072
0 198 33.69 28.31 0.118591 2021-06-24 18:04:09.616731 91 368 Cecile 733.837663
2 114 23.10 26.70 1.553412 2021-06-24 18:04:11.170143 32 193 MattiaCosmicWatch 735.391075
0 71 19.06 28.31 0.135462 2021-06-24 18:04:11.305605 91 369 Cecile 735.526537
1 63 17.91 27.34 2.826414 2021-06-24 18:04:14.132019 80 245 Niels 738.352951
2 115 23.18 26.70 1.377168 2021-06-24 18:04:15.509187 32 194 MattiaCosmicWatch 739.730119
1 73 19.32 27.34 2.275666 2021-06-24 18:04:17.784853 80 246 Niels 742.005785
0 255 43.96 28.31 0.973377 2021-06-24 18:04:18.758230 91 370 Cecile 742.979162
1 67 18.51 27.34 0.112706 2021-06-24 18:04:18.870936 80 247 Niels 743.091868
1 127 24.18 27.34 0.615505 2021-06-24 18:04:19.486441 80 248 Niels 743.707373
1 204 34.73 27.34 0.195738 2021-06-24 18:04:19.682179 80 249 Niels 743.903111
1 255 43.96 27.34 1.124345 2021-06-24 18:04:20.806524 80 250 Niels 745.027456
0 207 35.26 28.31 2.028482 2021-06-24 18:04:22.835006 91 371 Cecile 747.055938
2 162 28.06 26.70 2.120577 2021-06-24 18:04:24.955583 32 195 MattiaCosmicWatch 749.176515
1 455 117.03 27.34 0.030452 2021-06-24 18:04:24.986035 80 251 Niels 749.206967
0 393 83.55 28.31 0.354274 2021-06-24 18:04:25.340309 91 372 Cecile 749.561241
1 92 21.32 27.13 0.483539 2021-06-24 18:04:25.823848 81 252 Niels 750.04478
0 88 20.96 28.31 0.016874 2021-06-24 18:04:25.840722 91 373 Cecile 750.061654
2 67 18.51 26.91 2.948882 2021-06-24 18:04:28.789604 33 196 MattiaCosmicWatch 753.010536
1 176 30.09 27.34 0.961918 2021-06-24 18:04:29.751522 82 253 Niels 753.972454
0 167 28.76 28.31 0.433264 2021-06-24 18:04:30.184786 92 374 Cecile 754.405718
2 61 17.60 26.91 0.24801 2021-06-24 18:04:30.432796 33 197 MattiaCosmicWatch 754.653728
2 63 17.91 26.91 1.170338 2021-06-24 18:04:31.603134 33 198 MattiaCosmicWatch 755.824066
0 79 20.03 28.31 1.021441 2021-06-24 18:04:32.624575 92 375 Cecile 756.845507
1 108 22.63 27.34 1.352635 2021-06-24 18:04:33.977210 82 254 Niels 758.198142
1 88 20.96 27.34 2.585475 2021-06-24 18:04:36.562685 82 255 Niels 760.783617
2 255 43.96 26.70 1.429944 2021-06-24 18:04:37.992629 33 199 MattiaCosmicWatch 762.213561
1 220 37.58 27.34 0.226774 2021-06-24 18:04:38.219403 82 256 Niels 762.440335
1 121 23.66 27.34 1.515369 2021-06-24 18:04:39.734772 82 257 Niels 763.955704
0 97 21.75 28.31 0.286546 2021-06-24 18:04:40.021318 92 376 Cecile 764.24225
2 194 33.00 26.91 4.349721 2021-06-24 18:04:44.371039 33 200 MattiaCosmicWatch 768.591971
0 96 21.67 28.31 1.925714 2021-06-24 18:04:46.296753 92 377 Cecile 770.517685
1 57 16.93 27.34 0.029959 2021-06-24 18:04:46.326712 82 258 Niels 770.547644
1 199 33.86 27.34 0.199618 2021-06-24 18:04:46.526330 83 259 Niels 770.747262
2 524 150.73 26.81 1.136973 2021-06-24 18:04:47.663303 33 201 MattiaCosmicWatch 771.884235
0 76 19.69 28.31 1.540165 2021-06-24 18:04:49.203468 93 378 Cecile 773.4244
2 79 20.03 26.81 0.908242 2021-06-24 18:04:50.111710 33 202 MattiaCosmicWatch 774.332642
0 167 28.76 28.31 0.837311 2021-06-24 18:04:50.949021 93 379 Cecile 775.169953
0 92 21.32 28.31 0.672658 2021-06-24 18:04:51.621679 93 380 Cecile 775.842611
1 79 20.03 27.34 1.344915 2021-06-24 18:04:52.966594 83 260 Niels 777.187526
0 96 21.67 28.31 2.228869 2021-06-24 18:04:55.195463 93 381 Cecile 779.416395
1 152 26.78 27.34 0.465289 2021-06-24 18:04:55.660752 83 261 Niels 779.881684
2 169 29.05 26.91 0.255157 2021-06-24 18:04:55.915909 33 203 MattiaCosmicWatch 780.136841
1 366 72.41 27.34 1.064276 2021-06-24 18:04:56.980185 83 262 Niels 781.201117
1 115 23.18 27.34 0.573384 2021-06-24 18:04:57.553569 83 263 Niels 781.774501
0 134 24.82 28.31 0.017807 2021-06-24 18:04:57.571376 93 382 Cecile 781.792308
2 62 17.75 26.70 0.61714 2021-06-24 18:04:58.188516 33 204 MattiaCosmicWatch 782.409448
0 62 17.75 28.31 0.029507 2021-06-24 18:04:58.218023 94 383 Cecile 782.438955
0 56 16.76 28.85 0.396871 2021-06-24 18:04:58.614894 95 384 Cecile 782.835826
0 96 21.67 28.31 0.212713 2021-06-24 18:04:58.827607 95 385 Cecile 783.048539
2 133 24.73 26.70 0.466542 2021-06-24 18:04:59.294149 34 205 MattiaCosmicWatch 783.515081
1 211 35.96 27.13 3.542966 2021-06-24 18:05:02.837115 84 264 Niels 787.058047
1 184 31.36 27.34 0.115878 2021-06-24 18:05:02.952993 84 265 Niels 787.173925
0 240 41.21 28.85 0.01809 2021-06-24 18:05:02.971083 95 386 Cecile 787.192015
1 60 17.43 27.34 0.31755 2021-06-24 18:05:03.288633 85 266 Niels 787.509565
0 284 49.41 28.31 0.345379 2021-06-24 18:05:03.634012 96 387 Cecile 787.854944
1 158 27.53 27.13 4.171808 2021-06-24 18:05:07.805820 85 267 Niels 792.026752
2 99 21.91 26.70 0.73622 2021-06-24 18:05:08.542040 34 206 MattiaCosmicWatch 792.762972
0 99 21.91 28.31 0.524184 2021-06-24 18:05:09.066224 96 388 Cecile 793.287156
0 455 117.03 28.31 0.691606 2021-06-24 18:05:09.757830 96 389 Cecile 793.978762
0 66 18.36 28.31 0.209363 2021-06-24 18:05:09.967193 96 390 Cecile 794.188125
2 103 22.23 26.91 0.346686 2021-06-24 18:05:10.313879 34 207 MattiaCosmicWatch 794.534811
1 166 28.62 27.13 0.044297 2021-06-24 18:05:10.358176 85 268 Niels 794.579108
2 300 52.79 26.70 2.967065 2021-06-24 18:05:13.325241 35 208 MattiaCosmicWatch 797.546173
2 74 19.44 26.70 2.204297 2021-06-24 18:05:15.529538 35 209 MattiaCosmicWatch 799.75047
2 79 20.03 26.70 1.042194 2021-06-24 18:05:16.571732 35 210 MattiaCosmicWatch 800.792664
1 51 15.86 27.34 0.256374 2021-06-24 18:05:16.828106 86 269 Niels 801.049038
2 103 22.23 26.70 0.459398 2021-06-24 18:05:17.287504 35 211 MattiaCosmicWatch 801.508436
0 92 21.32 28.31 0.41049 2021-06-24 18:05:17.697994 96 391 Cecile 801.918926
0 96 21.67 28.31 3.00185 2021-06-24 18:05:20.699844 96 392 Cecile 804.920776
1 103 22.23 27.34 0.260332 2021-06-24 18:05:20.960176 86 270 Niels 805.181108
1 67 18.51 27.34 2.713503 2021-06-24 18:05:23.673679 86 271 Niels 807.894611
1 112 22.94 27.34 0.306785 2021-06-24 18:05:23.980464 86 272 Niels 808.201396
2 199 33.86 27.13 1.031445 2021-06-24 18:05:25.011909 35 212 MattiaCosmicWatch 809.232841
0 56 16.76 28.31 0.451951 2021-06-24 18:05:25.463860 96 393 Cecile 809.684792
0 51 15.86 28.31 2.965213 2021-06-24 18:05:28.429073 96 394 Cecile 812.650005
2 49 15.48 26.91 1.549606 2021-06-24 18:05:29.978679 35 213 MattiaCosmicWatch 814.199611
1 56 16.76 27.34 0.568101 2021-06-24 18:05:30.546780 86 273 Niels 814.767712
0 49 15.48 28.31 0.143209 2021-06-24 18:05:30.689989 96 395 Cecile 814.910921
0 234 40.06 28.31 0.253182 2021-06-24 18:05:30.943171 96 396 Cecile 815.164103
0 51 15.86 28.31 2.401568 2021-06-24 18:05:33.344739 96 397 Cecile 817.565671
1 211 35.96 27.34 1.126255 2021-06-24 18:05:34.470994 86 274 Niels 818.691926
0 263 45.37 28.31 0.01807 2021-06-24 18:05:34.489064 96 398 Cecile 818.709996
2 167 28.76 26.91 1.152455 2021-06-24 18:05:35.641519 35 214 MattiaCosmicWatch 819.862451
1 49 15.48 27.34 0.978189 2021-06-24 18:05:36.619708 87 275 Niels 820.84064
0 62 17.75 28.31 0.016729 2021-06-24 18:05:36.636437 97 399 Cecile 820.857369
2 51 15.86 26.70 0.122424 2021-06-24 18:05:36.758861 35 215 MattiaCosmicWatch 820.979793
0 120 23.58 28.31 0.569603 2021-06-24 18:05:37.328464 98 400 Cecile 821.549396
0 62 17.75 28.31 3.295901 2021-06-24 18:05:40.624365 98 401 Cecile 824.845297
