# layer adc volt temp timediff time detector_muon_count detector_count detector_name
0 62 17.75 26.05 10 2021-06-18 19:33:25.823392 0 1 CarloCosmicWatch 0.70267
0 206 35.07 24.44 0.108867 2021-06-18 19:33:25.932259 0 1 M 0.811537
0 83 20.46 24.44 1.329204 2021-06-18 19:33:27.261463 0 2 M 2.140741
0 147 26.19 26.05 0.044449 2021-06-18 19:33:27.305912 0 2 CarloCosmicWatch 2.18519
0 97 21.75 27.34 0.271042 2021-06-18 19:33:27.576954 0 1 Florian 2.456232
0 62 17.75 24.66 0.754146 2021-06-18 19:33:28.331100 0 3 M 3.210378
0 255 43.96 26.27 0.390399 2021-06-18 19:33:28.721499 0 3 CarloCosmicWatch 3.600777
0 369 73.42 26.05 0.416934 2021-06-18 19:33:29.138433 0 4 CarloCosmicWatch 4.017711
0 70 18.93 26.05 0.515099 2021-06-18 19:33:29.653532 0 5 CarloCosmicWatch 4.53281
0 62 17.75 24.44 0.444929 2021-06-18 19:33:30.098461 0 4 M 4.977739
0 67 18.51 24.44 0.594424 2021-06-18 19:33:30.692885 0 5 M 5.572163
0 83 20.46 26.27 0.010767 2021-06-18 19:33:30.703652 0 6 CarloCosmicWatch 5.58293
0 50 15.67 27.34 0.274385 2021-06-18 19:33:30.978037 0 2 Florian 5.857315
0 135 24.92 27.34 0.088677 2021-06-18 19:33:31.066714 0 3 Florian 5.945992
0 145 25.96 27.34 0.376963 2021-06-18 19:33:31.443677 0 4 Florian 6.322955
0 92 21.32 24.44 0.461078 2021-06-18 19:33:31.904755 0 6 M 6.784033
0 103 22.23 27.45 2.036322 2021-06-18 19:33:33.941077 0 5 Florian 8.820355
0 57 16.93 24.44 0.338179 2021-06-18 19:33:34.279256 0 7 M 9.158534
0 103 22.23 27.34 0.449497 2021-06-18 19:33:34.728753 0 6 Florian 9.608031
0 131 24.54 26.27 0.070947 2021-06-18 19:33:34.799700 0 7 CarloCosmicWatch 9.678978
0 56 16.76 26.27 1.462492 2021-06-18 19:33:36.262192 0 8 CarloCosmicWatch 11.14147
0 97 21.75 24.44 0.052534 2021-06-18 19:33:36.314726 0 8 M 11.194004
0 184 31.36 26.27 1.266879 2021-06-18 19:33:37.581605 0 9 CarloCosmicWatch 12.460883
0 71 19.06 26.05 0.793566 2021-06-18 19:33:38.375171 0 10 CarloCosmicWatch 13.254449
0 51 15.86 26.05 0.334801 2021-06-18 19:33:38.709972 0 11 CarloCosmicWatch 13.58925
0 280 48.67 24.44 0.103826 2021-06-18 19:33:38.813798 0 9 M 13.693076
0 63 17.91 27.34 0.332676 2021-06-18 19:33:39.146474 0 7 Florian 14.025752
0 51 15.86 26.05 0.106713 2021-06-18 19:33:39.253187 0 12 CarloCosmicWatch 14.132465
0 96 21.67 24.44 0.385045 2021-06-18 19:33:39.638232 0 10 M 14.51751
0 83 20.46 24.44 0.50828 2021-06-18 19:33:40.146512 0 11 M 15.02579
0 384 80.08 26.05 0.038893 2021-06-18 19:33:40.185405 0 13 CarloCosmicWatch 15.064683
0 199 33.86 24.44 0.780198 2021-06-18 19:33:40.965603 0 12 M 15.844881
0 121 23.66 26.05 0.01595 2021-06-18 19:33:40.981553 0 14 CarloCosmicWatch 15.860831
0 184 31.36 26.05 0.166487 2021-06-18 19:33:41.148040 0 15 CarloCosmicWatch 16.027318
0 103 22.23 24.44 1.334012 2021-06-18 19:33:42.482052 0 13 M 17.36133
0 66 18.36 24.44 0.16993 2021-06-18 19:33:42.651982 0 14 M 17.53126
0 255 43.96 26.27 0.087983 2021-06-18 19:33:42.739965 0 16 CarloCosmicWatch 17.619243
0 158 27.53 24.44 0.306788 2021-06-18 19:33:43.046753 0 15 M 17.926031
0 120 23.58 27.34 0.209042 2021-06-18 19:33:43.255795 0 8 Florian 18.135073
0 238 40.82 26.05 0.030268 2021-06-18 19:33:43.286063 0 17 CarloCosmicWatch 18.165341
0 319 57.64 24.44 0.746874 2021-06-18 19:33:44.032937 0 16 M 18.912215
0 94 21.50 26.05 0.185752 2021-06-18 19:33:44.218689 0 18 CarloCosmicWatch 19.097967
0 120 23.58 24.44 0.710686 2021-06-18 19:33:44.929375 0 17 M 19.808653
0 211 35.96 26.05 0.945887 2021-06-18 19:33:45.875262 0 19 CarloCosmicWatch 20.75454
0 224 38.29 24.44 0.802769 2021-06-18 19:33:46.678031 0 18 M 21.557309
0 134 24.82 26.05 0.031136 2021-06-18 19:33:46.709167 0 20 CarloCosmicWatch 21.588445
0 71 19.06 24.44 0.853236 2021-06-18 19:33:47.562403 0 19 M 22.441681
0 51 15.86 26.05 0.147216 2021-06-18 19:33:47.709619 0 21 CarloCosmicWatch 22.588897
0 319 57.64 26.05 0.104781 2021-06-18 19:33:47.814400 0 22 CarloCosmicWatch 22.693678
0 60 17.43 24.44 0.0669 2021-06-18 19:33:47.881300 0 20 M 22.760578
0 73 19.32 27.34 0.19226 2021-06-18 19:33:48.073560 0 9 Florian 22.952838
0 88 20.96 26.05 1.474946 2021-06-18 19:33:49.548506 0 23 CarloCosmicWatch 24.427784
0 147 26.19 24.44 0.536993 2021-06-18 19:33:50.085499 0 21 M 24.964777
0 248 42.69 24.44 0.075983 2021-06-18 19:33:50.161482 0 22 M 25.04076
0 81 20.25 24.44 0.269488 2021-06-18 19:33:50.430970 0 23 M 25.310248
0 51 15.86 24.44 0.072403 2021-06-18 19:33:50.503373 0 24 M 25.382651
0 211 35.96 26.05 0.194491 2021-06-18 19:33:50.697864 0 24 CarloCosmicWatch 25.577142
0 300 52.79 26.05 0.102858 2021-06-18 19:33:50.800722 0 25 CarloCosmicWatch 25.68
0 62 17.75 26.05 1.049043 2021-06-18 19:33:51.849765 0 26 CarloCosmicWatch 26.729043
0 92 21.32 26.05 3.931305 2021-06-18 19:33:55.781070 0 27 CarloCosmicWatch 30.660348
0 51 15.86 24.44 0.137553 2021-06-18 19:33:55.918623 0 25 M 30.797901
0 48 15.29 26.05 0.69964 2021-06-18 19:33:56.618263 0 28 CarloCosmicWatch 31.497541
0 71 19.06 27.34 0.31515 2021-06-18 19:33:56.933413 0 10 Florian 31.812691
0 255 43.96 26.05 0.023104 2021-06-18 19:33:56.956517 0 29 CarloCosmicWatch 31.835795
0 74 19.44 27.34 1.070321 2021-06-18 19:33:58.026838 0 11 Florian 32.906116
0 76 19.69 27.34 0.568768 2021-06-18 19:33:58.595606 0 12 Florian 33.474884
0 199 33.86 26.05 0.016688 2021-06-18 19:33:58.612294 0 30 CarloCosmicWatch 33.491572
0 207 35.26 26.27 0.101571 2021-06-18 19:33:58.713865 0 31 CarloCosmicWatch 33.593143
0 108 22.63 26.05 0.276641 2021-06-18 19:33:58.990506 0 32 CarloCosmicWatch 33.869784
0 167 28.76 27.34 0.208003 2021-06-18 19:33:59.198509 0 13 Florian 34.077787
0 284 49.41 27.34 0.033803 2021-06-18 19:33:59.232312 0 14 Florian 34.11159
0 236 40.44 27.34 1.096767 2021-06-18 19:34:00.329079 0 15 Florian 35.208357
0 354 67.99 26.05 0.017865 2021-06-18 19:34:00.346944 0 33 CarloCosmicWatch 35.226222
0 255 43.96 26.05 0.383444 2021-06-18 19:34:00.730388 0 34 CarloCosmicWatch 35.609666
0 339 62.98 27.34 1.648327 2021-06-18 19:34:02.378715 0 16 Florian 37.257993
0 71 19.06 24.44 0.795993 2021-06-18 19:34:03.174708 0 26 M 38.053986
0 94 21.50 24.44 0.276646 2021-06-18 19:34:03.451354 0 27 M 38.330632
0 81 20.25 24.44 0.062219 2021-06-18 19:34:03.513573 0 28 M 38.392851
0 50 15.67 26.05 0.126622 2021-06-18 19:34:03.640195 0 35 CarloCosmicWatch 38.519473
0 391 82.35 26.05 0.276109 2021-06-18 19:34:03.916304 0 36 CarloCosmicWatch 38.795582
0 240 41.21 26.05 0.200424 2021-06-18 19:34:04.116728 0 37 CarloCosmicWatch 38.996006
0 301 53.09 27.34 0.141262 2021-06-18 19:34:04.257990 0 17 Florian 39.137268
0 243 41.74 26.05 0.727722 2021-06-18 19:34:04.985712 0 38 CarloCosmicWatch 39.86499
0 280 48.67 24.44 0.80816 2021-06-18 19:34:05.793872 0 29 M 40.67315
0 71 19.06 24.44 0.789937 2021-06-18 19:34:06.583809 0 30 M 41.463087
0 110 22.78 24.44 1.973693 2021-06-18 19:34:08.557502 0 31 M 43.43678
0 174 29.79 26.05 0.24311 2021-06-18 19:34:08.800612 0 39 CarloCosmicWatch 43.67989
0 167 28.76 24.44 0.422861 2021-06-18 19:34:09.223473 0 32 M 44.102751
0 353 67.64 26.05 0.623244 2021-06-18 19:34:09.846717 0 40 CarloCosmicWatch 44.725995
0 207 35.26 24.44 1.372384 2021-06-18 19:34:11.219101 0 33 M 46.098379
0 193 32.84 26.05 0.092147 2021-06-18 19:34:11.311248 0 41 CarloCosmicWatch 46.190526
0 56 16.76 24.44 1.089096 2021-06-18 19:34:12.400344 0 34 M 47.279622
0 81 20.25 26.05 0.597828 2021-06-18 19:34:12.998172 0 42 CarloCosmicWatch 47.87745
0 127 24.18 24.44 0.826828 2021-06-18 19:34:13.825000 0 35 M 48.704278
0 92 21.32 24.44 0.351309 2021-06-18 19:34:14.176309 0 36 M 49.055587
0 65 18.22 26.05 0.588785 2021-06-18 19:34:14.765094 0 43 CarloCosmicWatch 49.644372
0 112 22.94 27.34 0.089349 2021-06-18 19:34:14.854443 0 18 Florian 49.733721
0 271 46.93 27.34 0.718196 2021-06-18 19:34:15.572639 0 19 Florian 50.451917
0 78 19.92 24.44 0.177107 2021-06-18 19:34:15.749746 0 37 M 50.629024
0 184 31.36 26.05 1.375494 2021-06-18 19:34:17.125240 0 44 CarloCosmicWatch 52.004518
0 96 21.67 24.44 0.078089 2021-06-18 19:34:17.203329 0 38 M 52.082607
0 371 73.82 26.27 0.215555 2021-06-18 19:34:17.418884 0 45 CarloCosmicWatch 52.298162
0 79 20.03 24.44 0.391697 2021-06-18 19:34:17.810581 0 39 M 52.689859
0 140 25.42 26.05 0.335526 2021-06-18 19:34:18.146107 0 46 CarloCosmicWatch 53.025385
0 263 45.37 26.05 1.122232 2021-06-18 19:34:19.268339 0 47 CarloCosmicWatch 54.147617
0 62 17.75 26.05 0.377166 2021-06-18 19:34:19.645505 0 48 CarloCosmicWatch 54.524783
0 216 36.85 26.05 0.346439 2021-06-18 19:34:19.991944 0 49 CarloCosmicWatch 54.871222
0 159 27.66 27.34 2.099379 2021-06-18 19:34:22.091323 0 20 Florian 56.970601
0 83 20.46 26.05 0.546245 2021-06-18 19:34:22.637568 0 50 CarloCosmicWatch 57.516846
0 65 18.22 24.44 1.797366 2021-06-18 19:34:24.434934 0 40 M 59.314212
0 511 149.39 26.05 1.547563 2021-06-18 19:34:25.982497 0 51 CarloCosmicWatch 60.861775
0 96 21.67 27.34 0.299762 2021-06-18 19:34:26.282259 0 21 Florian 61.161537
0 262 45.24 24.44 0.146448 2021-06-18 19:34:26.428707 0 41 M 61.307985
0 49 15.48 27.34 1.022707 2021-06-18 19:34:27.451414 0 22 Florian 62.330692
0 97 21.75 24.44 0.675983 2021-06-18 19:34:28.127397 0 42 M 63.006675
0 169 29.05 26.05 0.248388 2021-06-18 19:34:28.375785 0 52 CarloCosmicWatch 63.255063
0 63 17.91 26.05 0.115407 2021-06-18 19:34:28.491192 0 53 CarloCosmicWatch 63.37047
0 220 37.58 26.05 0.153399 2021-06-18 19:34:28.644591 0 54 CarloCosmicWatch 63.523869
0 113 23.02 24.44 0.157234 2021-06-18 19:34:28.801825 0 43 M 63.681103
0 71 19.06 26.16 0.093478 2021-06-18 19:34:28.895303 0 55 CarloCosmicWatch 63.774581
0 63 17.91 26.05 1.259478 2021-06-18 19:34:30.154781 0 56 CarloCosmicWatch 65.034059
0 113 23.02 26.27 0.625988 2021-06-18 19:34:30.780769 0 57 CarloCosmicWatch 65.660047
0 134 24.82 27.34 0.036723 2021-06-18 19:34:30.817492 0 23 Florian 65.69677
0 60 17.43 27.34 0.03367 2021-06-18 19:34:30.851162 0 24 Florian 65.73044
0 71 19.06 26.05 0.232726 2021-06-18 19:34:31.083888 0 58 CarloCosmicWatch 65.963166
