# layer adc volt temp timediff time detector_muon_count detector_count detector_name
0 263 45.37 26.05 1.014111 2021-06-21 16:59:23.700904 2 21 Cecile 24.826562
1 85 20.67 25.30 0.016854 2021-06-21 16:59:23.717758 2 4 MattiaCosmicWatch 24.843416
2 71 19.06 24.44 0.01004 2021-06-21 16:59:23.727798 1 4 Niels 24.853456

0 48 15.29 26.05 0.019093 2021-06-21 17:00:13.706470 4 56 Cecile 74.832128
1 127 24.18 24.44 0.015761 2021-06-21 17:00:13.687377 7 13 MattiaCosmicWatch 74.813035
2 42 14.12 24.44 0.852495 2021-06-21 17:00:13.671616 5 20 Niels 74.797274

0 159 27.66 26.27 0.000166 2021-06-21 17:02:57.845686 12 176 Cecile 238.971344
1 423 97.36 25.95 0.263265 2021-06-21 17:02:57.815021 24 52 MattiaCosmicWatch 238.940679
2 135 24.92 24.44 0.030499 2021-06-21 17:02:57.845520 19 57 Niels 238.971178

0 135 24.92 26.05 0.000163 2021-06-21 17:02:58.967406 13 179 Cecile 240.093064
1 317 56.91 26.05 0.273835 2021-06-21 17:02:58.936725 25 54 MattiaCosmicWatch 240.062383
2 69 18.79 24.44 0.030518 2021-06-21 17:02:58.967243 20 58 Niels 240.092901

0 184 31.36 26.05 0.00017 2021-06-21 17:04:03.330646 18 230 Cecile 304.456304
1 138 25.22 26.05 0.656674 2021-06-21 17:04:03.299762 33 68 MattiaCosmicWatch 304.42542
2 71 19.06 24.44 0.030714 2021-06-21 17:04:03.330476 28 75 Niels 304.456134

0 169 29.05 26.70 0.017906 2021-06-21 17:07:32.680707 28 401 Cecile 513.806365
1 78 19.92 26.59 0.002207 2021-06-21 17:07:32.682914 46 101 MattiaCosmicWatch 513.808572
2 92 21.32 24.44 1.092245 2021-06-21 17:07:32.662801 44 126 Niels 513.788459

0 152 26.78 26.48 2.149384 2021-06-21 17:08:13.761180 31 422 Cecile 554.886838
1 44 14.51 26.48 0.021004 2021-06-21 17:08:13.782184 51 112 MattiaCosmicWatch 554.907842
2 120 23.58 24.44 0.010463 2021-06-21 17:08:13.792647 49 141 Niels 554.918305

0 38 13.33 26.70 0.521563 2021-06-21 17:12:08.472640 47 610 Cecile 789.598298
1 166 28.62 26.38 0.033679 2021-06-21 17:12:08.506319 68 156 MattiaCosmicWatch 789.631977
2 127 24.18 25.30 0.016128 2021-06-21 17:12:08.522447 65 189 Niels 789.648105

0 89 21.05 26.91 0.120432 2021-06-21 17:17:48.063375 64 907 Cecile 1129.189033
1 31 12.01 26.16 0.021032 2021-06-21 17:17:48.084407 92 216 MattiaCosmicWatch 1129.210065
2 70 18.93 25.73 0.011787 2021-06-21 17:17:48.096194 85 256 Niels 1129.221852

0 177 30.25 27.13 0.02007 2021-06-21 17:18:15.499432 66 928 Cecile 1156.62509
1 96 21.67 26.16 0.002086 2021-06-21 17:18:15.501518 93 222 MattiaCosmicWatch 1156.627176
2 77 19.81 25.30 0.368442 2021-06-21 17:18:15.479362 87 261 Niels 1156.60502

0 318 57.28 27.13 0.000171 2021-06-21 17:18:24.029377 67 935 Cecile 1165.155035
1 152 26.78 26.48 0.584124 2021-06-21 17:18:23.995771 94 223 MattiaCosmicWatch 1165.121429
2 56 16.76 26.05 0.033435 2021-06-21 17:18:24.029206 88 263 Niels 1165.154864

0 78 19.92 26.70 0.012682 2021-06-21 17:18:54.038137 68 959 Cecile 1195.163795
1 273 47.25 26.38 0.021173 2021-06-21 17:18:54.025455 95 230 MattiaCosmicWatch 1195.151113
2 167 28.76 25.84 0.176525 2021-06-21 17:18:54.004282 89 271 Niels 1195.12994

0 287 50.23 26.91 0.019987 2021-06-21 17:19:09.553085 72 977 Cecile 1210.678743
1 98 21.83 26.16 0.002238 2021-06-21 17:19:09.555323 97 234 MattiaCosmicWatch 1210.680981
2 53 16.22 25.73 0.497403 2021-06-21 17:19:09.533098 92 278 Niels 1210.658756

