# layer adc volt temp timediff time detector_muon_count detector_count detector_name
0 62 17.75 26.05 10 2021-06-18 20:30:54.690317 0 1 CarloCosmicWatch 0.159029
0 56 16.76 26.70 0.531996 2021-06-18 20:30:55.222313 0 1 Franko 0.691025
0 112 22.94 26.05 2.051907 2021-06-18 20:30:57.274220 0 2 CarloCosmicWatch 2.742932
0 83 20.46 26.70 0.496302 2021-06-18 20:30:57.770522 0 2 Franko 3.239234
0 280 48.67 26.48 0.38493 2021-06-18 20:30:58.155452 0 3 CarloCosmicWatch 3.624164
0 499 141.24 26.70 0.248774 2021-06-18 20:30:58.404226 0 3 Franko 3.872938
0 271 46.93 26.81 0.098172 2021-06-18 20:30:58.502398 0 4 Franko 3.97111
0 295 51.75 26.16 0.294695 2021-06-18 20:30:58.797093 0 4 CarloCosmicWatch 4.265805
0 270 46.71 26.27 0.565254 2021-06-18 20:30:59.362347 0 5 CarloCosmicWatch 4.831059
0 231 39.55 26.70 0.262354 2021-06-18 20:30:59.624701 0 5 Franko 5.093413
0 105 22.39 26.05 0.306198 2021-06-18 20:30:59.930899 0 6 CarloCosmicWatch 5.399611
0 51 15.86 26.70 0.910406 2021-06-18 20:31:00.841305 0 6 Franko 6.310017
0 83 20.46 26.05 0.551327 2021-06-18 20:31:01.392632 0 7 CarloCosmicWatch 6.861344
0 78 19.92 26.05 2.330421 2021-06-18 20:31:03.723053 0 8 CarloCosmicWatch 9.191765
0 204 34.73 26.05 1.936836 2021-06-18 20:31:05.659889 0 9 CarloCosmicWatch 11.128601
0 126 24.09 26.81 0.072103 2021-06-18 20:31:05.731992 0 7 Franko 11.200704
0 249 42.85 26.05 0.016952 2021-06-18 20:31:05.748944 0 10 CarloCosmicWatch 11.217656
0 207 35.26 26.05 0.30229 2021-06-18 20:31:06.051234 0 11 CarloCosmicWatch 11.519946
0 139 25.32 27.13 0.63286 2021-06-18 20:31:06.684094 0 8 Franko 12.152806
0 63 17.91 27.13 1.030874 2021-06-18 20:31:07.714968 0 9 Franko 13.18368
0 127 24.18 26.70 0.200969 2021-06-18 20:31:07.915937 0 10 Franko 13.384649
0 78 19.92 26.05 0.250564 2021-06-18 20:31:08.166501 0 12 CarloCosmicWatch 13.635213
0 51 15.86 26.81 0.155375 2021-06-18 20:31:08.321876 0 11 Franko 13.790588
0 141 25.53 26.91 0.293189 2021-06-18 20:31:08.615065 0 12 Franko 14.083777
0 67 18.51 26.16 0.671761 2021-06-18 20:31:09.286826 0 13 CarloCosmicWatch 14.755538
0 344 64.67 26.05 0.327276 2021-06-18 20:31:09.614102 0 14 CarloCosmicWatch 15.082814
0 81 20.25 26.05 1.165811 2021-06-18 20:31:10.779913 0 15 CarloCosmicWatch 16.248625
0 73 19.32 26.05 0.090324 2021-06-18 20:31:10.870237 0 16 CarloCosmicWatch 16.338949
0 69 18.79 26.05 1.273788 2021-06-18 20:31:12.144025 0 17 CarloCosmicWatch 17.612737
0 152 26.78 26.81 0.960177 2021-06-18 20:31:13.104202 0 13 Franko 18.572914
0 66 18.36 26.05 0.629891 2021-06-18 20:31:13.734093 0 18 CarloCosmicWatch 19.202805
0 76 19.69 26.05 0.953344 2021-06-18 20:31:14.687437 0 19 CarloCosmicWatch 20.156149
0 62 17.75 26.91 0.375114 2021-06-18 20:31:15.062551 0 14 Franko 20.531263
0 56 16.76 26.91 0.478183 2021-06-18 20:31:15.540734 0 15 Franko 21.009446
0 67 18.51 26.05 0.060404 2021-06-18 20:31:15.601138 0 20 CarloCosmicWatch 21.06985
