# layer adc volt temp timediff time detector_muon_count detector_count detector_name
0 199 33.86 26.05 10 2021-06-18 19:51:12.292667 0 1 CarloCosmicWatch 1.880823
0 131 24.54 26.05 0.121938 2021-06-18 19:51:12.414605 0 2 CarloCosmicWatch 2.002761
0 51 15.86 26.27 0.726044 2021-06-18 19:51:13.140649 0 3 CarloCosmicWatch 2.728805
0 63 17.91 26.05 2.269126 2021-06-18 19:51:15.409775 0 4 CarloCosmicWatch 4.997931
0 159 27.66 26.05 0.231482 2021-06-18 19:51:15.641257 0 5 CarloCosmicWatch 5.229413
0 335 61.77 26.27 0.03438 2021-06-18 19:51:15.675637 0 6 CarloCosmicWatch 5.263793
1 76 19.69 9.51 0.151622 2021-06-18 19:51:15.827259 0 1 rens 5.415415
0 156 27.28 26.16 0.009742 2021-06-18 19:51:15.837001 0 7 CarloCosmicWatch 5.425157
0 120 23.58 26.05 0.975696 2021-06-18 19:51:16.812697 1 8 CarloCosmicWatch 6.400853
0 63 17.91 26.27 1.598235 2021-06-18 19:51:18.410932 1 9 CarloCosmicWatch 7.999088
0 243 41.74 26.27 1.00133 2021-06-18 19:51:19.412262 1 10 CarloCosmicWatch 9.000418
0 172 29.49 26.05 0.033663 2021-06-18 19:51:19.445925 1 11 CarloCosmicWatch 9.034081
0 271 46.93 26.27 1.07968 2021-06-18 19:51:20.525605 1 12 CarloCosmicWatch 10.113761
0 56 16.76 26.27 0.966367 2021-06-18 19:51:21.491972 1 13 CarloCosmicWatch 11.080128
0 224 38.29 26.27 0.387954 2021-06-18 19:51:21.879926 1 14 CarloCosmicWatch 11.468082
0 96 21.67 26.27 2.056621 2021-06-18 19:51:23.936547 1 15 CarloCosmicWatch 13.524703
0 176 30.09 26.27 0.747226 2021-06-18 19:51:24.683773 1 16 CarloCosmicWatch 14.271929
0 207 35.26 26.27 0.245727 2021-06-18 19:51:24.929500 1 17 CarloCosmicWatch 14.517656
0 147 26.19 26.48 1.706906 2021-06-18 19:51:26.636406 1 18 CarloCosmicWatch 16.224562
1 49 15.48 24.44 1.687849 2021-06-18 19:51:28.324255 0 1 MattiaCosmicWatch 17.912411
0 319 57.64 26.27 0.025272 2021-06-18 19:51:28.349527 1 19 CarloCosmicWatch 17.937683
0 114 23.10 26.48 0.180298 2021-06-18 19:51:28.529825 2 20 CarloCosmicWatch 18.117981
0 243 41.74 26.48 1.804348 2021-06-18 19:51:30.334173 2 21 CarloCosmicWatch 19.922329
0 156 27.28 26.05 1.188242 2021-06-18 19:51:31.522415 2 22 CarloCosmicWatch 21.110571
0 402 87.25 26.27 0.492005 2021-06-18 19:51:32.014420 2 23 CarloCosmicWatch 21.602576
0 103 22.23 26.48 3.221022 2021-06-18 19:51:35.235442 2 24 CarloCosmicWatch 24.823598
0 307 54.48 26.27 0.545994 2021-06-18 19:51:35.781436 2 25 CarloCosmicWatch 25.369592
0 115 23.18 26.05 1.096034 2021-06-18 19:51:36.877470 2 26 CarloCosmicWatch 26.465626
0 60 17.43 26.05 0.720618 2021-06-18 19:51:37.598088 2 27 CarloCosmicWatch 27.186244
0 96 21.67 26.05 1.316987 2021-06-18 19:51:38.915075 2 28 CarloCosmicWatch 28.503231
0 163 28.20 26.05 0.959622 2021-06-18 19:51:39.874697 2 29 CarloCosmicWatch 29.462853
0 255 43.96 26.05 0.441379 2021-06-18 19:51:40.316076 2 30 CarloCosmicWatch 29.904232
0 166 28.62 26.05 1.563065 2021-06-18 19:51:41.879141 2 31 CarloCosmicWatch 31.467297
0 51 15.86 26.16 0.811341 2021-06-18 19:51:42.690482 2 32 CarloCosmicWatch 32.278638
0 131 24.54 26.05 2.021037 2021-06-18 19:51:44.711519 2 33 CarloCosmicWatch 34.299675
0 159 27.66 26.27 3.242744 2021-06-18 19:51:47.954263 2 34 CarloCosmicWatch 37.542419
0 88 20.96 26.48 1.246175 2021-06-18 19:51:49.200438 2 35 CarloCosmicWatch 38.788594
0 63 17.91 26.48 0.722658 2021-06-18 19:51:49.923096 2 36 CarloCosmicWatch 39.511252
0 216 36.85 26.27 1.542452 2021-06-18 19:51:51.465548 2 37 CarloCosmicWatch 41.053704
0 110 22.78 26.16 0.25922 2021-06-18 19:51:51.724768 2 38 CarloCosmicWatch 41.312924
