# layer adc volt temp timediff time detector_muon_count detector_count detector_name
0 167 28.76 24.66 2.021989 2021-06-21 12:50:39.224113 34 812 Franko 1286.946018
0 63 17.91 24.44 0.596518 2021-06-21 12:50:39.820631 34 813 Franko 1287.542536
0 217 37.04 24.44 2.685288 2021-06-21 12:50:42.505919 34 814 Franko 1290.227824
0 49 15.48 24.44 3.442354 2021-06-21 12:50:45.948273 34 815 Franko 1293.670178
0 233 39.92 24.44 4.455404 2021-06-21 12:50:50.403677 34 816 Franko 1298.125582
0 67 18.51 24.44 4.942545 2021-06-21 12:50:55.346222 34 817 Franko 1303.068127
0 96 21.67 24.44 0.548662 2021-06-21 12:50:55.894884 34 818 Franko 1303.616789
0 57 16.93 24.44 2.054131 2021-06-21 12:50:57.949015 34 819 Franko 1305.67092
0 63 17.91 24.44 3.213853 2021-06-21 12:51:01.162868 34 820 Franko 1308.884773
0 88 20.96 24.44 1.287172 2021-06-21 12:51:02.450040 34 821 Franko 1310.171945
0 97 21.75 24.44 0.989997 2021-06-21 12:51:03.440037 34 822 Franko 1311.161942
0 102 22.15 24.44 2.725207 2021-06-21 12:51:06.165244 34 823 Franko 1313.887149
0 252 43.42 24.44 0.63245 2021-06-21 12:51:06.797694 34 824 Franko 1314.519599
0 243 41.74 24.44 0.187749 2021-06-21 12:51:06.985443 34 825 Franko 1314.707348
2 287 50.23 24.44 0.022445 2021-06-21 12:51:07.007888 9 10 MattiaCosmicWatch 1314.729793
0 60 17.43 24.44 2.976075 2021-06-21 12:51:09.983963 35 826 Franko 1317.705868
0 224 38.29 24.44 0.432892 2021-06-21 12:51:10.416855 35 827 Franko 1318.13876
0 79 20.03 24.44 1.053438 2021-06-21 12:51:11.470293 35 828 Franko 1319.192198
0 316 56.81 24.44 2.93934 2021-06-21 12:51:14.409633 35 829 Franko 1322.131538
0 159 27.66 24.44 0.452592 2021-06-21 12:51:14.862225 35 830 Franko 1322.58413
0 281 48.90 24.44 0.565181 2021-06-21 12:51:15.427406 35 831 Franko 1323.149311
0 165 28.48 24.44 1.907859 2021-06-21 12:51:17.335265 35 832 Franko 1325.05717
0 231 39.55 24.44 2.795213 2021-06-21 12:51:20.130478 35 833 Franko 1327.852383
0 344 64.67 24.44 2.281317 2021-06-21 12:51:22.411795 35 834 Franko 1330.1337
0 76 19.69 24.44 2.039081 2021-06-21 12:51:24.450876 35 835 Franko 1332.172781
0 57 16.93 24.44 0.877276 2021-06-21 12:51:25.328152 35 836 Franko 1333.050057
0 76 19.69 24.44 1.597342 2021-06-21 12:51:26.925494 35 837 Franko 1334.647399
0 172 29.49 24.44 0.974636 2021-06-21 12:51:27.900130 35 838 Franko 1335.622035
0 231 39.55 24.44 0.034067 2021-06-21 12:51:27.934197 35 839 Franko 1335.656102
0 513 148.53 24.44 0.153034 2021-06-21 12:51:28.087231 35 840 Franko 1335.809136
0 79 20.03 24.44 0.439711 2021-06-21 12:51:28.526942 35 841 Franko 1336.248847
0 124 23.92 24.44 0.754178 2021-06-21 12:51:29.281120 35 842 Franko 1337.003025
0 162 28.06 24.44 0.792386 2021-06-21 12:51:30.073506 35 843 Franko 1337.795411
0 157 27.40 24.44 3.060106 2021-06-21 12:51:33.133612 35 844 Franko 1340.855517
0 51 15.86 24.44 0.251722 2021-06-21 12:51:33.385334 35 845 Franko 1341.107239
0 51 15.86 24.44 0.708844 2021-06-21 12:51:34.094178 35 846 Franko 1341.816083
0 103 22.23 24.44 0.230695 2021-06-21 12:51:34.324873 35 847 Franko 1342.046778
0 270 46.71 24.44 0.094337 2021-06-21 12:51:34.419210 35 848 Franko 1342.141115
0 63 17.91 24.44 0.034213 2021-06-21 12:51:34.453423 35 849 Franko 1342.175328
0 53 16.22 24.44 0.44312 2021-06-21 12:51:34.896543 35 850 Franko 1342.618448
0 60 17.43 24.44 0.066832 2021-06-21 12:51:34.963375 35 851 Franko 1342.68528
0 156 27.28 24.44 2.125753 2021-06-21 12:51:37.089128 35 852 Franko 1344.811033
0 172 29.49 24.44 1.364561 2021-06-21 12:51:38.453689 35 853 Franko 1346.175594
0 85 20.67 24.44 3.331165 2021-06-21 12:51:41.784854 35 854 Franko 1349.506759
0 49 15.48 24.44 0.161251 2021-06-21 12:51:41.946105 35 855 Franko 1349.66801
0 97 21.75 24.44 6.003333 2021-06-21 12:51:47.949438 35 856 Franko 1355.671343
0 60 17.43 24.44 0.926135 2021-06-21 12:51:48.875573 35 857 Franko 1356.597478
0 147 26.19 24.44 0.41479 2021-06-21 12:51:49.290363 35 858 Franko 1357.012268
0 71 19.06 24.44 2.692675 2021-06-21 12:51:51.983038 35 859 Franko 1359.704943
0 300 52.79 24.44 1.015134 2021-06-21 12:51:52.998172 35 860 Franko 1360.720077
