# layer adc volt temp timediff time detector_muon_count detector_count detector_name
1 51 15.86 24.44 0.606122 2021-06-21 12:49:37.049306 8 9 M 1224.771211
2 131 24.54 19.61 0.015312 2021-06-21 12:49:37.064618 10 11 rens 1224.786523
0 281 48.90 24.44 0.005242 2021-06-21 12:49:37.069860 33 764 Franko 1224.791765
0 71 19.06 24.44 0.965032 2021-06-21 12:49:38.034892 34 765 Franko 1225.756797
0 143 25.74 24.44 0.435971 2021-06-21 12:49:38.470863 34 766 Franko 1226.192768
0 209 35.61 24.66 0.117456 2021-06-21 12:49:38.588319 34 767 Franko 1226.310224
0 79 20.03 24.44 2.776476 2021-06-21 12:49:41.364795 34 768 Franko 1229.0867
0 195 33.17 24.44 1.176665 2021-06-21 12:49:42.541460 34 769 Franko 1230.263365
0 96 21.67 24.44 1.107558 2021-06-21 12:49:43.649018 34 770 Franko 1231.370923
0 188 32.01 24.44 2.604927 2021-06-21 12:49:46.253945 34 771 Franko 1233.97585
0 49 15.48 24.44 1.034383 2021-06-21 12:49:47.288328 34 772 Franko 1235.010233
0 106 22.47 24.44 1.895068 2021-06-21 12:49:49.183396 34 773 Franko 1236.905301
0 163 28.20 24.44 0.03391 2021-06-21 12:49:49.217306 34 774 Franko 1236.939211
0 231 39.55 24.44 1.735923 2021-06-21 12:49:50.953229 34 775 Franko 1238.675134
0 176 30.09 24.44 0.27083 2021-06-21 12:49:51.224059 34 776 Franko 1238.945964
0 83 20.46 24.44 2.954858 2021-06-21 12:49:54.178917 34 777 Franko 1241.900822
0 432 101.61 24.44 0.872447 2021-06-21 12:49:55.051364 34 778 Franko 1242.773269
0 448 112.41 24.44 0.076576 2021-06-21 12:49:55.127940 34 779 Franko 1242.849845
0 152 26.78 24.44 0.335205 2021-06-21 12:49:55.463145 34 780 Franko 1243.18505
0 158 27.53 24.44 0.385653 2021-06-21 12:49:55.848798 34 781 Franko 1243.570703
0 60 17.43 24.44 2.326807 2021-06-21 12:49:58.175605 34 782 Franko 1245.89751
0 179 30.55 24.44 1.662005 2021-06-21 12:49:59.837610 34 783 Franko 1247.559515
0 147 26.19 24.44 0.360329 2021-06-21 12:50:00.197939 34 784 Franko 1247.919844
0 63 17.91 24.44 2.88237 2021-06-21 12:50:03.080309 34 785 Franko 1250.802214
0 88 20.96 24.44 1.269474 2021-06-21 12:50:04.349783 34 786 Franko 1252.071688
0 60 17.43 24.44 2.727132 2021-06-21 12:50:07.076915 34 787 Franko 1254.79882
0 225 38.48 24.44 0.03388 2021-06-21 12:50:07.110795 34 788 Franko 1254.8327
0 184 31.36 24.44 0.818421 2021-06-21 12:50:07.929216 34 789 Franko 1255.651121
0 184 31.36 24.44 1.116333 2021-06-21 12:50:09.045549 34 790 Franko 1256.767454
0 69 18.79 24.44 0.033994 2021-06-21 12:50:09.079543 34 791 Franko 1256.801448
0 481 129.57 24.44 0.066371 2021-06-21 12:50:09.145914 34 792 Franko 1256.867819
0 216 36.85 24.44 0.166487 2021-06-21 12:50:09.312401 34 793 Franko 1257.034306
0 364 71.71 24.44 0.789765 2021-06-21 12:50:10.102166 34 794 Franko 1257.824071
0 371 73.82 24.44 2.137631 2021-06-21 12:50:12.239797 34 795 Franko 1259.961702
0 71 19.06 24.44 1.783144 2021-06-21 12:50:14.022941 34 796 Franko 1261.744846
0 88 20.96 24.44 0.417232 2021-06-21 12:50:14.440173 34 797 Franko 1262.162078
0 103 22.23 24.44 0.837419 2021-06-21 12:50:15.277592 34 798 Franko 1262.999497
0 350 66.46 24.44 0.72598 2021-06-21 12:50:16.003572 34 799 Franko 1263.725477
0 63 17.91 24.44 1.139884 2021-06-21 12:50:17.143456 34 800 Franko 1264.865361
0 178 30.40 24.44 0.888113 2021-06-21 12:50:18.031569 34 801 Franko 1265.753474
0 197 33.52 24.44 0.424457 2021-06-21 12:50:18.456026 34 802 Franko 1266.177931
0 56 16.76 24.44 2.696415 2021-06-21 12:50:21.152441 34 803 Franko 1268.874346
0 92 21.32 24.44 2.318065 2021-06-21 12:50:23.470506 34 804 Franko 1271.192411
0 51 15.86 24.44 2.633127 2021-06-21 12:50:26.103633 34 805 Franko 1273.825538
0 49 15.48 24.44 0.745636 2021-06-21 12:50:26.849269 34 806 Franko 1274.571174
0 53 16.22 24.44 1.041677 2021-06-21 12:50:27.890946 34 807 Franko 1275.612851
0 63 17.91 24.44 4.143256 2021-06-21 12:50:32.034202 34 808 Franko 1279.756107
0 211 35.96 24.44 2.04089 2021-06-21 12:50:34.075092 34 809 Franko 1281.796997
0 106 22.47 24.44 1.119525 2021-06-21 12:50:35.194617 34 810 Franko 1282.916522
0 71 19.06 24.44 2.007507 2021-06-21 12:50:37.202124 34 811 Franko 1284.924029
