# layer adc volt temp timediff time detector_muon_count detector_count detector_name
0 56 16.76 24.44 1.286838 2021-06-21 13:25:12.553442 92 2137 Franko 3360.275347
0 83 20.46 24.66 1.074631 2021-06-21 13:25:13.628073 92 2138 Franko 3361.349978
0 50 15.67 24.44 0.593997 2021-06-21 13:25:14.222070 92 2139 Franko 3361.943975
0 231 39.55 24.44 0.945046 2021-06-21 13:25:15.167116 92 2140 Franko 3362.889021
0 177 30.25 24.44 0.95451 2021-06-21 13:25:16.121626 92 2141 Franko 3363.843531
0 69 18.79 24.44 1.584885 2021-06-21 13:25:17.706511 92 2142 Franko 3365.428416
0 275 47.73 24.44 0.718441 2021-06-21 13:25:18.424952 92 2143 Franko 3366.146857
0 143 25.74 24.66 0.100185 2021-06-21 13:25:18.525137 92 2144 Franko 3366.247042
0 110 22.78 24.66 1.77285 2021-06-21 13:25:20.297987 92 2145 Franko 3368.019892
0 63 17.91 24.66 0.891456 2021-06-21 13:25:21.189443 92 2146 Franko 3368.911348
0 188 32.01 24.44 3.026643 2021-06-21 13:25:24.216086 92 2147 Franko 3371.937991
0 99 21.91 24.44 0.396227 2021-06-21 13:25:24.612313 92 2148 Franko 3372.334218
1 50 15.67 24.44 0.022354 2021-06-21 13:25:24.634667 15 16 Niels 3372.356572
0 511 149.39 24.66 3.656619 2021-06-21 13:25:28.291286 93 2149 Franko 3376.013191
1 448 112.41 24.44 1.225452 2021-06-21 13:25:29.516738 35 36 M 3377.238643
2 67 18.51 7.58 0.019407 2021-06-21 13:25:29.536145 34 35 rens 3377.25805
0 113 23.02 24.77 0.000804 2021-06-21 13:25:29.536949 93 2150 Franko 3377.258854
0 102 22.15 24.44 1.12591 2021-06-21 13:25:30.662859 94 2151 Franko 3378.384764
0 103 22.23 24.44 4.501205 2021-06-21 13:25:35.164064 94 2152 Franko 3382.885969
0 79 20.03 24.44 0.183881 2021-06-21 13:25:35.347945 94 2153 Franko 3383.06985
0 224 38.29 24.44 0.348155 2021-06-21 13:25:35.696100 94 2154 Franko 3383.418005
0 76 19.69 24.44 0.57981 2021-06-21 13:25:36.275910 94 2155 Franko 3383.997815
0 213 36.33 24.66 0.312527 2021-06-21 13:25:36.588437 94 2156 Franko 3384.310342
0 359 69.86 24.44 5.511715 2021-06-21 13:25:42.100152 94 2157 Franko 3389.822057
0 88 20.96 24.44 0.338938 2021-06-21 13:25:42.439090 94 2158 Franko 3390.160995
0 115 23.18 24.44 0.708032 2021-06-21 13:25:43.147122 94 2159 Franko 3390.869027
0 99 21.91 24.44 0.252744 2021-06-21 13:25:43.399866 94 2160 Franko 3391.121771
2 88 20.96 24.44 0.022572 2021-06-21 13:25:43.422438 16 17 MattiaCosmicWatch 3391.144343
0 176 30.09 24.44 0.056026 2021-06-21 13:25:43.478464 95 2161 Franko 3391.200369
1 89 21.05 24.44 0.023526 2021-06-21 13:25:43.501990 16 17 Niels 3391.223895
0 543 164.77 24.44 1.096641 2021-06-21 13:25:44.598631 96 2162 Franko 3392.320536
0 199 33.86 24.44 1.406201 2021-06-21 13:25:46.004832 96 2163 Franko 3393.726737
0 113 23.02 24.44 0.383764 2021-06-21 13:25:46.388596 96 2164 Franko 3394.110501
2 108 22.63 26.05 0.40118 2021-06-21 13:25:46.789776 6 8 Cecile 3394.511681
0 103 22.23 24.44 0.188609 2021-06-21 13:25:46.978385 96 2165 Franko 3394.70029
0 206 35.07 24.44 2.007987 2021-06-21 13:25:48.986372 96 2166 Franko 3396.708277
0 241 41.39 24.44 0.344163 2021-06-21 13:25:49.330535 96 2167 Franko 3397.05244
0 50 15.67 24.44 0.183977 2021-06-21 13:25:49.514512 96 2168 Franko 3397.236417
0 124 23.92 24.44 1.074179 2021-06-21 13:25:50.588691 96 2169 Franko 3398.310596
0 62 17.75 24.44 0.602957 2021-06-21 13:25:51.191648 96 2170 Franko 3398.913553
0 281 48.90 24.44 1.407918 2021-06-21 13:25:52.599566 96 2171 Franko 3400.321471
0 231 39.55 24.44 0.121235 2021-06-21 13:25:52.720801 96 2172 Franko 3400.442706
0 172 29.49 24.44 1.275652 2021-06-21 13:25:53.996453 96 2173 Franko 3401.718358
0 312 55.68 24.44 0.302968 2021-06-21 13:25:54.299421 96 2174 Franko 3402.021326
0 98 21.83 24.44 0.294866 2021-06-21 13:25:54.594287 96 2175 Franko 3402.316192
0 131 24.54 24.44 0.872765 2021-06-21 13:25:55.467052 96 2176 Franko 3403.188957
0 291 50.97 24.44 0.87415 2021-06-21 13:25:56.341202 96 2177 Franko 3404.063107
0 153 26.90 24.44 4.947148 2021-06-21 13:26:01.288350 96 2178 Franko 3409.010255
0 120 23.58 24.44 1.112718 2021-06-21 13:26:02.401068 96 2179 Franko 3410.122973
0 71 19.06 24.44 1.681002 2021-06-21 13:26:04.082070 96 2180 Franko 3411.803975
