# layer adc volt temp timediff time detector_muon_count detector_count detector_name
0 284 49.41 24.44 0.705876 2021-06-21 12:52:57.104401 38 907 Franko 1424.826306
0 88 20.96 24.44 1.818451 2021-06-21 12:52:58.922852 38 908 Franko 1426.644757
0 71 19.06 24.44 4.630068 2021-06-21 12:53:03.552920 38 909 Franko 1431.274825
0 126 24.09 24.44 0.88718 2021-06-21 12:53:04.440100 38 910 Franko 1432.162005
0 131 24.54 24.44 1.965065 2021-06-21 12:53:06.405165 38 911 Franko 1434.12707
0 403 88.99 24.44 0.139336 2021-06-21 12:53:06.544501 38 912 Franko 1434.266406
0 49 15.48 24.44 2.163651 2021-06-21 12:53:08.708152 38 913 Franko 1436.430057
0 245 42.08 24.44 2.851329 2021-06-21 12:53:11.559481 38 914 Franko 1439.281386
0 135 24.92 24.44 0.839788 2021-06-21 12:53:12.399269 38 915 Franko 1440.121174
0 359 69.86 24.44 0.345493 2021-06-21 12:53:12.744762 38 916 Franko 1440.466667
0 56 16.76 24.44 0.156715 2021-06-21 12:53:12.901477 38 917 Franko 1440.623382
0 79 20.03 24.44 1.023315 2021-06-21 12:53:13.924792 38 918 Franko 1441.646697
0 50 15.67 24.66 2.659527 2021-06-21 12:53:16.584319 38 919 Franko 1444.306224
0 57 16.93 24.44 2.047703 2021-06-21 12:53:18.632022 38 920 Franko 1446.353927
0 112 22.94 24.44 0.895028 2021-06-21 12:53:19.527050 38 921 Franko 1447.248955
0 67 18.51 24.44 2.483053 2021-06-21 12:53:22.010103 38 922 Franko 1449.732008
0 50 15.67 24.44 0.546582 2021-06-21 12:53:22.556685 38 923 Franko 1450.27859
0 185 31.51 24.44 1.219001 2021-06-21 12:53:23.775686 38 924 Franko 1451.497591
0 56 16.76 24.44 10.903268 2021-06-21 12:53:34.678954 38 925 Franko 1462.400859
0 284 49.41 24.44 0.318153 2021-06-21 12:53:34.997107 38 926 Franko 1462.719012
0 81 20.25 24.44 0.662887 2021-06-21 12:53:35.659994 38 927 Franko 1463.381899
0 115 23.18 24.44 2.345261 2021-06-21 12:53:38.005255 38 928 Franko 1465.72716
0 88 20.96 24.98 1.753868 2021-06-21 12:53:39.759123 38 929 Franko 1467.481028
0 67 18.51 24.44 0.997123 2021-06-21 12:53:40.756246 38 930 Franko 1468.478151
0 60 17.43 24.44 1.348217 2021-06-21 12:53:42.104463 38 931 Franko 1469.826368
0 167 28.76 24.44 0.255521 2021-06-21 12:53:42.359984 38 932 Franko 1470.081889
0 71 19.06 24.44 0.480322 2021-06-21 12:53:42.840306 38 933 Franko 1470.562211
0 63 17.91 24.66 0.179471 2021-06-21 12:53:43.019777 38 934 Franko 1470.741682
0 96 21.67 24.44 0.834381 2021-06-21 12:53:43.854158 38 935 Franko 1471.576063
0 280 48.67 24.44 1.830874 2021-06-21 12:53:45.685032 38 936 Franko 1473.406937
0 56 16.76 24.44 1.198258 2021-06-21 12:53:46.883290 38 937 Franko 1474.605195
0 63 17.91 24.44 2.072774 2021-06-21 12:53:48.956064 38 938 Franko 1476.677969
0 396 85.28 24.44 0.55573 2021-06-21 12:53:49.511794 38 939 Franko 1477.233699
0 49 15.48 24.44 3.385066 2021-06-21 12:53:52.896860 38 940 Franko 1480.618765
0 78 19.92 24.44 0.060418 2021-06-21 12:53:52.957278 38 941 Franko 1480.679183
0 79 20.03 24.44 1.358109 2021-06-21 12:53:54.315387 38 942 Franko 1482.037292
0 135 24.92 24.44 0.033943 2021-06-21 12:53:54.349330 38 943 Franko 1482.071235
1 49 15.48 24.44 0.040444 2021-06-21 12:53:54.389774 11 12 M 1482.111679
0 281 48.90 24.44 6.087071 2021-06-21 12:54:00.476845 39 944 Franko 1488.19875
0 49 15.48 24.66 1.432557 2021-06-21 12:54:01.909402 39 945 Franko 1489.631307
0 96 21.67 24.44 0.400052 2021-06-21 12:54:02.309454 39 946 Franko 1490.031359
0 252 43.42 24.44 2.078355 2021-06-21 12:54:04.387809 39 947 Franko 1492.109714
0 50 15.67 24.44 4.105812 2021-06-21 12:54:08.493621 39 948 Franko 1496.215526
0 231 39.55 24.44 3.195847 2021-06-21 12:54:11.689468 39 949 Franko 1499.411373
0 83 20.46 24.44 1.901617 2021-06-21 12:54:13.591085 39 950 Franko 1501.31299
0 206 35.07 24.66 2.263784 2021-06-21 12:54:15.854869 39 951 Franko 1503.576774
0 96 21.67 24.66 4.196707 2021-06-21 12:54:20.051576 39 952 Franko 1507.773481
0 195 33.17 24.44 1.462986 2021-06-21 12:54:21.514562 39 953 Franko 1509.236467
0 56 16.76 24.66 1.35373 2021-06-21 12:54:22.868292 39 954 Franko 1510.590197
0 135 24.92 24.44 0.123674 2021-06-21 12:54:22.991966 39 955 Franko 1510.713871
