# layer adc volt temp timediff time detector_muon_count detector_count detector_name
0 302 53.30 24.44 0.798094 2021-06-21 12:39:40.499562 22 377 Franko 628.221467
0 70 18.93 24.44 2.893276 2021-06-21 12:39:43.392838 22 378 Franko 631.114743
0 211 35.96 24.44 4.906603 2021-06-21 12:39:48.299441 22 379 Franko 636.021346
0 56 16.76 24.44 1.021983 2021-06-21 12:39:49.321424 22 380 Franko 637.043329
0 56 16.76 24.44 0.127934 2021-06-21 12:39:49.449358 22 381 Franko 637.171263
0 83 20.46 24.44 0.296024 2021-06-21 12:39:49.745382 22 382 Franko 637.467287
0 188 32.01 24.44 6.108609 2021-06-21 12:39:55.853991 22 383 Franko 643.575896
0 103 22.23 24.44 0.84446 2021-06-21 12:39:56.698451 22 384 Franko 644.420356
0 135 24.92 24.44 1.63629 2021-06-21 12:39:58.334741 22 385 Franko 646.056646
0 113 23.02 24.44 3.226861 2021-06-21 12:40:01.561602 22 386 Franko 649.283507
0 63 17.91 24.44 4.127244 2021-06-21 12:40:05.688846 22 387 Franko 653.410751
0 159 27.66 24.44 0.261361 2021-06-21 12:40:05.950207 22 388 Franko 653.672112
0 70 18.93 24.44 1.438924 2021-06-21 12:40:07.389131 22 389 Franko 655.111036
0 88 20.96 24.44 1.365068 2021-06-21 12:40:08.754199 22 390 Franko 656.476104
0 62 17.75 24.44 1.025923 2021-06-21 12:40:09.780122 22 391 Franko 657.502027
0 141 25.53 24.44 1.53916 2021-06-21 12:40:11.319282 22 392 Franko 659.041187
0 105 22.39 24.44 2.383859 2021-06-21 12:40:13.703141 22 393 Franko 661.425046
0 451 113.08 24.44 2.721818 2021-06-21 12:40:16.424959 22 394 Franko 664.146864
0 57 16.93 24.44 4.290766 2021-06-21 12:40:20.715725 22 395 Franko 668.43763
0 249 42.85 24.44 0.03399 2021-06-21 12:40:20.749715 22 396 Franko 668.47162
0 63 17.91 24.44 0.500815 2021-06-21 12:40:21.250530 22 397 Franko 668.972435
0 418 96.60 24.44 1.083303 2021-06-21 12:40:22.333833 22 398 Franko 670.055738
2 63 17.91 7.04 4.482422 2021-06-21 12:40:26.816255 5 6 rens 674.53816
0 224 38.29 24.44 0.016097 2021-06-21 12:40:26.832352 22 399 Franko 674.554257
0 140 25.42 24.66 0.465474 2021-06-21 12:40:27.297826 23 400 Franko 675.019731
0 172 29.49 24.44 2.416285 2021-06-21 12:40:29.714111 23 401 Franko 677.436016
0 57 16.93 24.44 0.962486 2021-06-21 12:40:30.676597 23 402 Franko 678.398502
0 263 45.37 24.44 2.221247 2021-06-21 12:40:32.897844 23 403 Franko 680.619749
0 79 20.03 24.44 0.888315 2021-06-21 12:40:33.786159 23 404 Franko 681.508064
0 56 16.76 24.44 1.175125 2021-06-21 12:40:34.961284 23 405 Franko 682.683189
0 192 32.67 24.44 0.955036 2021-06-21 12:40:35.916320 23 406 Franko 683.638225
0 124 23.92 24.44 0.121659 2021-06-21 12:40:36.037979 23 407 Franko 683.759884
0 99 21.91 24.44 1.985965 2021-06-21 12:40:38.023944 23 408 Franko 685.745849
0 281 48.90 24.44 1.225058 2021-06-21 12:40:39.249002 23 409 Franko 686.970907
0 82 20.36 24.44 0.3244 2021-06-21 12:40:39.573402 23 410 Franko 687.295307
0 97 21.75 24.44 0.345668 2021-06-21 12:40:39.919070 23 411 Franko 687.640975
0 82 20.36 24.44 0.317292 2021-06-21 12:40:40.236362 23 412 Franko 687.958267
0 49 15.48 24.44 0.287183 2021-06-21 12:40:40.523545 23 413 Franko 688.24545
0 127 24.18 24.44 1.468673 2021-06-21 12:40:41.992218 23 414 Franko 689.714123
0 92 21.32 24.44 2.835547 2021-06-21 12:40:44.827765 23 415 Franko 692.54967
1 83 20.46 24.44 0.174353 2021-06-21 12:40:45.002118 4 5 Niels 692.724023
0 295 51.75 24.44 0.018035 2021-06-21 12:40:45.020153 23 416 Franko 692.742058
0 184 31.36 24.44 2.469647 2021-06-21 12:40:47.489800 24 417 Franko 695.211705
0 76 19.69 24.44 0.452759 2021-06-21 12:40:47.942559 24 418 Franko 695.664464
0 115 23.18 24.44 1.732792 2021-06-21 12:40:49.675351 24 419 Franko 697.397256
0 120 23.58 24.44 4.077997 2021-06-21 12:40:53.753348 24 420 Franko 701.475253
0 249 42.85 24.44 0.249735 2021-06-21 12:40:54.003083 24 421 Franko 701.724988
0 69 18.79 24.44 0.701339 2021-06-21 12:40:54.704422 24 422 Franko 702.426327
0 504 143.61 24.44 1.079671 2021-06-21 12:40:55.784093 24 423 Franko 703.505998
0 159 27.66 24.44 0.034392 2021-06-21 12:40:55.818485 24 424 Franko 703.54039
