# layer adc volt temp timediff time detector_muon_count detector_count detector_name
0 249 42.85 24.66 4.607507 2021-06-21 13:17:23.979991 84 1849 Franko 2891.701896
0 121 23.66 25.30 5.907348 2021-06-21 13:17:29.887339 84 1850 Franko 2897.609244
0 109 22.70 25.41 1.194371 2021-06-21 13:17:31.081710 84 1851 Franko 2898.803615
0 199 33.86 24.44 0.264907 2021-06-21 13:17:31.346617 84 1852 Franko 2899.068522
0 56 16.76 24.87 0.258676 2021-06-21 13:17:31.605293 84 1853 Franko 2899.327198
0 176 30.09 24.66 1.285785 2021-06-21 13:17:32.891078 84 1854 Franko 2900.612983
0 216 36.85 24.66 0.971726 2021-06-21 13:17:33.862804 84 1855 Franko 2901.584709
0 56 16.76 24.66 0.482228 2021-06-21 13:17:34.345032 84 1856 Franko 2902.066937
0 238 40.82 24.87 0.53339 2021-06-21 13:17:34.878422 84 1857 Franko 2902.600327
0 242 41.58 24.98 0.764137 2021-06-21 13:17:35.642559 84 1858 Franko 2903.364464
0 53 16.22 25.30 1.25181 2021-06-21 13:17:36.894369 84 1859 Franko 2904.616274
0 57 16.93 25.09 2.809177 2021-06-21 13:17:39.703546 84 1860 Franko 2907.425451
0 185 31.51 24.87 4.615664 2021-06-21 13:17:44.319210 84 1861 Franko 2912.041115
0 158 27.53 24.44 0.096153 2021-06-21 13:17:44.415363 84 1862 Franko 2912.137268
0 103 22.23 24.66 5.907688 2021-06-21 13:17:50.323051 84 1863 Franko 2918.044956
0 143 25.74 25.20 0.279742 2021-06-21 13:17:50.602793 84 1864 Franko 2918.324698
0 67 18.51 25.09 0.96423 2021-06-21 13:17:51.567023 84 1865 Franko 2919.288928
0 287 50.23 24.87 0.113085 2021-06-21 13:17:51.680108 84 1866 Franko 2919.402013
0 355 68.30 24.87 0.832271 2021-06-21 13:17:52.512379 84 1867 Franko 2920.234284
0 88 20.96 25.20 3.319731 2021-06-21 13:17:55.832110 84 1868 Franko 2923.554015
0 96 21.67 25.41 0.106141 2021-06-21 13:17:55.938251 84 1869 Franko 2923.660156
0 67 18.51 25.20 1.075938 2021-06-21 13:17:57.014189 84 1870 Franko 2924.736094
0 102 22.15 25.20 0.894766 2021-06-21 13:17:57.908955 84 1871 Franko 2925.63086
0 51 15.86 24.66 0.527833 2021-06-21 13:17:58.436788 84 1872 Franko 2926.158693
0 62 17.75 25.09 0.672253 2021-06-21 13:17:59.109041 84 1873 Franko 2926.830946
0 51 15.86 24.98 6.477142 2021-06-21 13:18:05.586183 84 1874 Franko 2933.308088
0 81 20.25 25.20 0.997436 2021-06-21 13:18:06.583619 84 1875 Franko 2934.305524
0 89 21.05 25.20 0.126075 2021-06-21 13:18:06.709694 84 1876 Franko 2934.431599
0 211 35.96 24.87 0.078096 2021-06-21 13:18:06.787790 84 1877 Franko 2934.509695
0 67 18.51 25.20 2.152113 2021-06-21 13:18:08.939903 84 1878 Franko 2936.661808
0 178 30.40 24.87 1.420239 2021-06-21 13:18:10.360142 84 1879 Franko 2938.082047
0 57 16.93 24.87 0.548266 2021-06-21 13:18:10.908408 84 1880 Franko 2938.630313
0 57 16.93 24.98 2.850355 2021-06-21 13:18:13.758763 84 1881 Franko 2941.480668
0 50 15.67 25.09 0.181494 2021-06-21 13:18:13.940257 84 1882 Franko 2941.662162
0 51 15.86 25.20 1.479848 2021-06-21 13:18:15.420105 84 1883 Franko 2943.14201
0 121 23.66 25.20 0.258999 2021-06-21 13:18:15.679104 84 1884 Franko 2943.401009
0 131 24.54 25.09 1.393632 2021-06-21 13:18:17.072736 84 1885 Franko 2944.794641
0 50 15.67 25.30 1.699081 2021-06-21 13:18:18.771817 84 1886 Franko 2946.493722
0 89 21.05 25.09 0.968795 2021-06-21 13:18:19.740612 84 1887 Franko 2947.462517
0 56 16.76 25.30 2.552048 2021-06-21 13:18:22.292660 84 1888 Franko 2950.014565
0 56 16.76 25.20 0.403399 2021-06-21 13:18:22.696059 84 1889 Franko 2950.417964
0 487 132.65 24.87 0.033971 2021-06-21 13:18:22.730030 84 1890 Franko 2950.451935
0 527 155.96 24.66 3.759825 2021-06-21 13:18:26.489855 84 1891 Franko 2954.21176
0 63 17.91 25.09 0.985612 2021-06-21 13:18:27.475467 84 1892 Franko 2955.197372
0 51 15.86 25.09 4.593539 2021-06-21 13:18:32.069006 84 1893 Franko 2959.790911
0 51 15.86 24.66 0.678204 2021-06-21 13:18:32.747210 84 1894 Franko 2960.469115
0 135 24.92 25.09 2.734752 2021-06-21 13:18:35.481962 84 1895 Franko 2963.203867
0 287 50.23 25.20 2.023955 2021-06-21 13:18:37.505917 84 1896 Franko 2965.227822
0 56 16.76 25.09 0.08367 2021-06-21 13:18:37.589587 84 1897 Franko 2965.311492
0 71 19.06 24.98 0.151037 2021-06-21 13:18:37.740624 84 1898 Franko 2965.462529
