# layer adc volt temp timediff time detector_muon_count detector_count detector_name
0 179 30.55 24.44 0.275931 2021-06-21 12:56:54.930077 47 1047 Franko 1662.651982
0 76 19.69 24.44 0.854621 2021-06-21 12:56:55.784698 47 1048 Franko 1663.506603
0 193 32.84 24.44 0.500135 2021-06-21 12:56:56.284833 47 1049 Franko 1664.006738
1 281 48.90 24.44 0.033983 2021-06-21 12:56:56.318816 14 15 M 1664.040721
2 115 23.18 16.49 0.00078 2021-06-21 12:56:56.319596 15 16 rens 1664.041501
0 51 15.86 24.44 0.000798 2021-06-21 12:56:56.320394 48 1050 Franko 1664.042299
0 140 25.42 24.44 1.973623 2021-06-21 12:56:58.294017 48 1051 Franko 1666.015922
0 83 20.46 24.66 5.354055 2021-06-21 12:57:03.648072 48 1052 Franko 1671.369977
0 71 19.06 24.77 3.246715 2021-06-21 12:57:06.894787 48 1053 Franko 1674.616692
0 67 18.51 24.44 1.842029 2021-06-21 12:57:08.736816 48 1054 Franko 1676.458721
0 166 28.62 24.44 0.147706 2021-06-21 12:57:08.884522 48 1055 Franko 1676.606427
0 88 20.96 24.66 0.38755 2021-06-21 12:57:09.272072 48 1056 Franko 1676.993977
0 83 20.46 24.44 1.062165 2021-06-21 12:57:10.334237 48 1057 Franko 1678.056142
0 152 26.78 24.66 0.088819 2021-06-21 12:57:10.423056 48 1058 Franko 1678.144961
0 159 27.66 24.44 1.226949 2021-06-21 12:57:11.650005 48 1059 Franko 1679.37191
0 88 20.96 24.44 1.682753 2021-06-21 12:57:13.332758 48 1060 Franko 1681.054663
0 115 23.18 24.44 0.308145 2021-06-21 12:57:13.640903 48 1061 Franko 1681.362808
0 60 17.43 24.44 2.001202 2021-06-21 12:57:15.642105 48 1062 Franko 1683.36401
0 158 27.53 24.44 0.199228 2021-06-21 12:57:15.841333 48 1063 Franko 1683.563238
0 177 30.25 24.44 2.340282 2021-06-21 12:57:18.181615 48 1064 Franko 1685.90352
0 49 15.48 24.44 4.291481 2021-06-21 12:57:22.473096 48 1065 Franko 1690.195001
0 62 17.75 24.44 0.407651 2021-06-21 12:57:22.880747 48 1066 Franko 1690.602652
0 332 61.17 24.44 0.305025 2021-06-21 12:57:23.185772 48 1067 Franko 1690.907677
0 291 50.97 24.66 1.317363 2021-06-21 12:57:24.503135 48 1068 Franko 1692.22504
0 62 17.75 24.66 0.42119 2021-06-21 12:57:24.924325 48 1069 Franko 1692.64623
0 67 18.51 24.66 0.742854 2021-06-21 12:57:25.667179 48 1070 Franko 1693.389084
0 92 21.32 24.66 0.508245 2021-06-21 12:57:26.175424 48 1071 Franko 1693.897329
0 63 17.91 24.44 0.270808 2021-06-21 12:57:26.446232 48 1072 Franko 1694.168137
0 76 19.69 24.66 0.365109 2021-06-21 12:57:26.811341 48 1073 Franko 1694.533246
0 113 23.02 24.98 2.782184 2021-06-21 12:57:29.593525 48 1074 Franko 1697.31543
0 110 22.78 24.66 3.222608 2021-06-21 12:57:32.816133 48 1075 Franko 1700.538038
0 71 19.06 24.44 2.805121 2021-06-21 12:57:35.621254 48 1076 Franko 1703.343159
0 408 90.57 24.77 0.716635 2021-06-21 12:57:36.337889 48 1077 Franko 1704.059794
0 216 36.85 24.44 0.189528 2021-06-21 12:57:36.527417 48 1078 Franko 1704.249322
0 83 20.46 24.44 0.981203 2021-06-21 12:57:37.508620 48 1079 Franko 1705.230525
0 99 21.91 24.44 0.702784 2021-06-21 12:57:38.211404 48 1080 Franko 1705.933309
0 71 19.06 24.66 1.095471 2021-06-21 12:57:39.306875 48 1081 Franko 1707.02878
0 93 21.41 24.66 0.580887 2021-06-21 12:57:39.887762 48 1082 Franko 1707.609667
0 57 16.93 24.44 0.811023 2021-06-21 12:57:40.698785 48 1083 Franko 1708.42069
0 121 23.66 24.77 0.640301 2021-06-21 12:57:41.339086 48 1084 Franko 1709.060991
0 99 21.91 24.66 0.577765 2021-06-21 12:57:41.916851 48 1085 Franko 1709.638756
0 99 21.91 24.66 1.377521 2021-06-21 12:57:43.294372 48 1086 Franko 1711.016277
0 230 39.39 24.44 0.417998 2021-06-21 12:57:43.712370 48 1087 Franko 1711.434275
0 49 15.48 24.87 2.211504 2021-06-21 12:57:45.923874 48 1088 Franko 1713.645779
0 221 37.76 24.66 0.30503 2021-06-21 12:57:46.228904 48 1089 Franko 1713.950809
0 266 46.00 24.66 0.971278 2021-06-21 12:57:47.200182 48 1090 Franko 1714.922087
0 92 21.32 24.44 2.180064 2021-06-21 12:57:49.380246 48 1091 Franko 1717.102151
0 384 80.08 24.66 0.952579 2021-06-21 12:57:50.332825 48 1092 Franko 1718.05473
1 83 20.46 24.44 0.023689 2021-06-21 12:57:50.356514 11 12 Niels 1718.078419
0 53 16.22 24.66 1.43725 2021-06-21 12:57:51.793764 49 1093 Franko 1719.515669
