# layer adc volt temp timediff time detector_muon_count detector_count detector_name
0 50 15.67 24.44 2.446852 2021-06-21 12:55:36.985795 41 1004 Franko 1584.7077
0 517 151.05 24.44 8.400449 2021-06-21 12:55:45.386244 41 1005 Franko 1593.108149
0 103 22.23 24.44 0.107728 2021-06-21 12:55:45.493972 41 1006 Franko 1593.215877
0 56 16.76 24.44 0.033954 2021-06-21 12:55:45.527926 41 1007 Franko 1593.249831
0 63 17.91 24.44 3.266228 2021-06-21 12:55:48.794154 41 1008 Franko 1596.516059
0 440 109.25 24.44 1.653649 2021-06-21 12:55:50.447803 41 1009 Franko 1598.169708
0 71 19.06 24.44 0.209927 2021-06-21 12:55:50.657730 41 1010 Franko 1598.379635
0 88 20.96 24.44 1.108978 2021-06-21 12:55:51.766708 41 1011 Franko 1599.488613
2 102 22.15 14.13 0.482055 2021-06-21 12:55:52.248763 12 13 rens 1599.970668
0 120 23.58 24.44 0.020267 2021-06-21 12:55:52.269030 41 1012 Franko 1599.990935
1 71 19.06 24.44 0.003208 2021-06-21 12:55:52.272238 13 14 M 1599.994143
0 142 25.64 24.66 1.97862 2021-06-21 12:55:54.250858 42 1013 Franko 1601.972763
0 79 20.03 24.44 2.634409 2021-06-21 12:55:56.885267 42 1014 Franko 1604.607172
0 48 15.29 24.66 2.898678 2021-06-21 12:55:59.783945 42 1015 Franko 1607.50585
0 63 17.91 24.44 2.987009 2021-06-21 12:56:02.770954 42 1016 Franko 1610.492859
0 385 80.11 24.66 0.62127 2021-06-21 12:56:03.392224 42 1017 Franko 1611.114129
0 50 15.67 24.44 3.485768 2021-06-21 12:56:06.877992 42 1018 Franko 1614.599897
0 159 27.66 24.77 5.469449 2021-06-21 12:56:12.347441 42 1019 Franko 1620.069346
0 483 132.60 24.44 0.937072 2021-06-21 12:56:13.284513 42 1020 Franko 1621.006418
0 73 19.32 24.44 0.570264 2021-06-21 12:56:13.854777 42 1021 Franko 1621.576682
0 178 30.40 24.66 2.060142 2021-06-21 12:56:15.914919 42 1022 Franko 1623.636824
1 237 40.69 24.44 0.023338 2021-06-21 12:56:15.938257 9 10 Niels 1623.660162
0 88 20.96 24.44 0.297941 2021-06-21 12:56:16.236198 43 1023 Franko 1623.958103
1 99 21.91 24.44 3.052348 2021-06-21 12:56:19.288546 10 11 Niels 1627.010451
0 126 24.09 24.66 0.02043 2021-06-21 12:56:19.308976 43 1024 Franko 1627.030881
0 156 27.28 24.44 2.184906 2021-06-21 12:56:21.493882 44 1025 Franko 1629.215787
0 558 172.78 24.44 2.094134 2021-06-21 12:56:23.588016 44 1026 Franko 1631.309921
0 114 23.10 24.44 1.060212 2021-06-21 12:56:24.648228 44 1027 Franko 1632.370133
0 92 21.32 24.66 2.85468 2021-06-21 12:56:27.502908 44 1028 Franko 1635.224813
0 368 72.93 24.44 5.255957 2021-06-21 12:56:32.758865 44 1029 Franko 1640.48077
0 62 17.75 25.09 0.226993 2021-06-21 12:56:32.985858 44 1030 Franko 1640.707763
2 92 21.32 12.84 1.352633 2021-06-21 12:56:34.338491 13 14 rens 1642.060396
0 526 158.17 24.44 0.019341 2021-06-21 12:56:34.357832 44 1031 Franko 1642.079737
0 66 18.36 24.66 0.170208 2021-06-21 12:56:34.528040 45 1032 Franko 1642.249945
0 66 18.36 24.66 0.967361 2021-06-21 12:56:35.495401 45 1033 Franko 1643.217306
0 275 47.73 24.44 1.265472 2021-06-21 12:56:36.760873 45 1034 Franko 1644.482778
0 108 22.63 24.44 0.786154 2021-06-21 12:56:37.547027 45 1035 Franko 1645.268932
0 66 18.36 24.44 1.809151 2021-06-21 12:56:39.356178 45 1036 Franko 1647.078083
0 56 16.76 24.44 0.928172 2021-06-21 12:56:40.284350 45 1037 Franko 1648.006255
0 97 21.75 24.44 0.489657 2021-06-21 12:56:40.774007 45 1038 Franko 1648.495912
2 486 135.98 24.44 0.022424 2021-06-21 12:56:40.796431 10 11 MattiaCosmicWatch 1648.518336
0 178 30.40 24.44 2.707017 2021-06-21 12:56:43.503448 46 1039 Franko 1651.225353
0 359 69.86 24.44 4.011383 2021-06-21 12:56:47.514831 46 1040 Franko 1655.236736
0 163 28.20 24.44 0.034072 2021-06-21 12:56:47.548903 46 1041 Franko 1655.270808
0 281 48.90 24.44 2.967534 2021-06-21 12:56:50.516437 46 1042 Franko 1658.238342
0 159 27.66 24.66 2.187823 2021-06-21 12:56:52.704260 46 1043 Franko 1660.426165
0 224 38.29 24.44 0.03385 2021-06-21 12:56:52.738110 46 1044 Franko 1660.460015
0 103 22.23 24.44 1.018229 2021-06-21 12:56:53.756339 46 1045 Franko 1661.478244
2 71 19.06 9.40 0.879619 2021-06-21 12:56:54.635958 14 15 rens 1662.357863
0 127 24.18 24.66 0.018188 2021-06-21 12:56:54.654146 46 1046 Franko 1662.376051
