# layer adc volt temp timediff time detector_muon_count detector_count detector_name
0 120 23.58 24.66 1.755876 2021-06-21 12:54:24.747842 39 956 Franko 1512.469747
0 176 30.09 24.44 1.891345 2021-06-21 12:54:26.639187 39 957 Franko 1514.361092
0 224 38.29 24.44 2.422034 2021-06-21 12:54:29.061221 39 958 Franko 1516.783126
0 99 21.91 24.44 2.242899 2021-06-21 12:54:31.304120 39 959 Franko 1519.026025
0 174 29.79 24.44 1.150089 2021-06-21 12:54:32.454209 39 960 Franko 1520.176114
0 71 19.06 24.44 1.6129 2021-06-21 12:54:34.067109 39 961 Franko 1521.789014
0 78 19.92 24.44 2.541845 2021-06-21 12:54:36.608954 39 962 Franko 1524.330859
0 60 17.43 24.44 5.080037 2021-06-21 12:54:41.688991 39 963 Franko 1529.410896
0 63 17.91 24.44 1.240383 2021-06-21 12:54:42.929374 39 964 Franko 1530.651279
0 15 10.10 24.44 0.351445 2021-06-21 12:54:43.280819 39 965 Franko 1531.002724
0 83 20.46 24.44 0.375278 2021-06-21 12:54:43.656097 39 966 Franko 1531.378002
0 192 32.67 24.44 3.721426 2021-06-21 12:54:47.377523 39 967 Franko 1535.099428
0 73 19.32 24.44 3.279752 2021-06-21 12:54:50.657275 39 968 Franko 1538.37918
0 216 36.85 24.87 0.152554 2021-06-21 12:54:50.809829 39 969 Franko 1538.531734
0 115 23.18 24.44 0.08657 2021-06-21 12:54:50.896399 39 970 Franko 1538.618304
1 124 23.92 24.44 0.022433 2021-06-21 12:54:50.918832 8 9 Niels 1538.640737
0 238 40.82 24.66 0.473533 2021-06-21 12:54:51.392365 40 971 Franko 1539.11427
0 51 15.86 24.44 1.09548 2021-06-21 12:54:52.487845 40 972 Franko 1540.20975
0 120 23.58 24.44 0.956133 2021-06-21 12:54:53.443978 40 973 Franko 1541.165883
0 504 143.61 24.44 0.125621 2021-06-21 12:54:53.569599 40 974 Franko 1541.291504
0 192 32.67 24.44 1.46599 2021-06-21 12:54:55.035589 40 975 Franko 1542.757494
0 96 21.67 24.66 2.236093 2021-06-21 12:54:57.271682 40 976 Franko 1544.993587
0 176 30.09 24.44 0.339145 2021-06-21 12:54:57.610827 40 977 Franko 1545.332732
0 79 20.03 24.44 0.693186 2021-06-21 12:54:58.304013 40 978 Franko 1546.025918
0 248 42.69 24.66 1.421168 2021-06-21 12:54:59.725181 40 979 Franko 1547.447086
0 71 19.06 24.66 2.603367 2021-06-21 12:55:02.328548 40 980 Franko 1550.050453
0 56 16.76 24.66 1.308206 2021-06-21 12:55:03.636754 40 981 Franko 1551.358659
0 93 21.41 25.09 0.340141 2021-06-21 12:55:03.976895 40 982 Franko 1551.6988
0 127 24.18 24.66 4.29224 2021-06-21 12:55:08.269135 40 983 Franko 1555.99104
0 102 22.15 24.44 1.731193 2021-06-21 12:55:10.000328 40 984 Franko 1557.722233
1 65 18.22 24.44 0.023271 2021-06-21 12:55:10.023599 12 13 M 1557.745504
0 512 144.44 24.44 1.006369 2021-06-21 12:55:11.029968 41 985 Franko 1558.751873
0 176 30.09 24.44 0.374525 2021-06-21 12:55:11.404493 41 986 Franko 1559.126398
0 231 39.55 24.44 0.958582 2021-06-21 12:55:12.363075 41 987 Franko 1560.08498
0 583 201.26 24.44 1.902208 2021-06-21 12:55:14.265283 41 988 Franko 1561.987188
0 71 19.06 24.44 3.671858 2021-06-21 12:55:17.937141 41 989 Franko 1565.659046
0 63 17.91 24.44 1.636431 2021-06-21 12:55:19.573572 41 990 Franko 1567.295477
0 60 17.43 24.44 2.732004 2021-06-21 12:55:22.305576 41 991 Franko 1570.027481
0 97 21.75 24.44 0.475032 2021-06-21 12:55:22.780608 41 992 Franko 1570.502513
0 71 19.06 24.44 3.114214 2021-06-21 12:55:25.894822 41 993 Franko 1573.616727
0 83 20.46 24.44 0.761325 2021-06-21 12:55:26.656147 41 994 Franko 1574.378052
0 67 18.51 24.44 2.977087 2021-06-21 12:55:29.633234 41 995 Franko 1577.355139
0 62 17.75 24.44 0.126251 2021-06-21 12:55:29.759485 41 996 Franko 1577.48139
0 121 23.66 24.44 0.254894 2021-06-21 12:55:30.014379 41 997 Franko 1577.736284
0 248 42.69 24.44 0.034064 2021-06-21 12:55:30.048443 41 998 Franko 1577.770348
0 51 15.86 24.44 1.381195 2021-06-21 12:55:31.429638 41 999 Franko 1579.151543
0 204 34.73 24.44 1.958615 2021-06-21 12:55:33.388253 41 1000 Franko 1581.110158
0 67 18.51 24.44 0.07038 2021-06-21 12:55:33.458633 41 1001 Franko 1581.180538
0 295 51.75 24.44 0.937101 2021-06-21 12:55:34.395734 41 1002 Franko 1582.117639
0 362 70.92 24.44 0.143209 2021-06-21 12:55:34.538943 41 1003 Franko 1582.260848
