# layer adc volt temp timediff time detector_muon_count detector_count detector_name
0 263 45.37 25.30 1.114413 2021-06-21 13:21:07.675621 86 1996 Franko 3115.397526
0 70 18.93 25.20 2.04641 2021-06-21 13:21:09.722031 86 1997 Franko 3117.443936
0 271 46.93 25.09 2.96347 2021-06-21 13:21:12.685501 86 1998 Franko 3120.407406
0 189 32.16 25.20 1.680485 2021-06-21 13:21:14.365986 86 1999 Franko 3122.087891
0 49 15.48 25.41 0.08566 2021-06-21 13:21:14.451646 86 2000 Franko 3122.173551
0 403 88.99 25.41 1.369782 2021-06-21 13:21:15.821428 86 2001 Franko 3123.543333
0 83 20.46 25.52 0.395159 2021-06-21 13:21:16.216587 86 2002 Franko 3123.938492
0 82 20.36 25.41 0.162314 2021-06-21 13:21:16.378901 86 2003 Franko 3124.100806
0 284 49.41 25.41 0.336431 2021-06-21 13:21:16.715332 86 2004 Franko 3124.437237
0 89 21.05 25.41 1.226445 2021-06-21 13:21:17.941777 86 2005 Franko 3125.663682
0 71 19.06 25.52 1.435078 2021-06-21 13:21:19.376855 86 2006 Franko 3127.09876
0 82 20.36 25.20 0.817445 2021-06-21 13:21:20.194300 86 2007 Franko 3127.916205
0 83 20.46 25.09 5.513538 2021-06-21 13:21:25.707838 86 2008 Franko 3133.429743
0 327 59.28 24.77 3.50973 2021-06-21 13:21:29.217568 86 2009 Franko 3136.939473
0 96 21.67 24.87 0.066361 2021-06-21 13:21:29.283929 86 2010 Franko 3137.005834
0 121 23.66 24.66 1.618074 2021-06-21 13:21:30.902003 86 2011 Franko 3138.623908
0 70 18.93 24.66 0.332332 2021-06-21 13:21:31.234335 86 2012 Franko 3138.95624
0 88 20.96 24.87 2.082789 2021-06-21 13:21:33.317124 86 2013 Franko 3141.039029
0 49 15.48 24.66 2.594122 2021-06-21 13:21:35.911246 86 2014 Franko 3143.633151
0 49 15.48 24.66 0.62195 2021-06-21 13:21:36.533196 86 2015 Franko 3144.255101
0 79 20.03 24.44 5.286464 2021-06-21 13:21:41.819660 86 2016 Franko 3149.541565
0 127 24.18 24.87 4.425814 2021-06-21 13:21:46.245474 86 2017 Franko 3153.967379
0 67 18.51 24.87 0.947009 2021-06-21 13:21:47.192483 86 2018 Franko 3154.914388
0 50 15.67 24.87 1.393266 2021-06-21 13:21:48.585749 86 2019 Franko 3156.307654
0 396 85.28 25.09 1.86347 2021-06-21 13:21:50.449219 86 2020 Franko 3158.171124
0 57 16.93 25.09 0.106408 2021-06-21 13:21:50.555627 86 2021 Franko 3158.277532
0 454 115.28 24.66 0.64185 2021-06-21 13:21:51.197477 86 2022 Franko 3158.919382
0 53 16.22 24.77 2.215291 2021-06-21 13:21:53.412768 86 2023 Franko 3161.134673
0 56 16.76 25.30 2.105854 2021-06-21 13:21:55.518622 86 2024 Franko 3163.240527
0 83 20.46 25.20 3.360022 2021-06-21 13:21:58.878644 86 2025 Franko 3166.600549
0 419 97.20 25.41 6.42614 2021-06-21 13:22:05.304784 86 2026 Franko 3173.026689
0 243 41.74 24.98 3.614296 2021-06-21 13:22:08.919080 86 2027 Franko 3176.640985
0 120 23.58 24.66 0.27776 2021-06-21 13:22:09.196840 86 2028 Franko 3176.918745
2 57 16.93 24.44 0.023527 2021-06-21 13:22:09.220367 15 16 MattiaCosmicWatch 3176.942272
0 71 19.06 25.20 0.918307 2021-06-21 13:22:10.138674 87 2029 Franko 3177.860579
0 185 31.51 25.09 0.38676 2021-06-21 13:22:10.525434 87 2030 Franko 3178.247339
0 167 28.76 25.20 1.8297 2021-06-21 13:22:12.355134 87 2031 Franko 3180.077039
0 79 20.03 24.87 0.145419 2021-06-21 13:22:12.500553 87 2032 Franko 3180.222458
0 99 21.91 24.98 0.095654 2021-06-21 13:22:12.596207 87 2033 Franko 3180.318112
0 71 19.06 24.87 0.277655 2021-06-21 13:22:12.873862 87 2034 Franko 3180.595767
0 227 38.83 25.09 4.588256 2021-06-21 13:22:17.462118 87 2035 Franko 3185.184023
0 521 150.31 24.44 1.039518 2021-06-21 13:22:18.501636 87 2036 Franko 3186.223541
0 56 16.76 24.77 1.626769 2021-06-21 13:22:20.128405 87 2037 Franko 3187.85031
0 572 183.73 24.44 0.221169 2021-06-21 13:22:20.349574 87 2038 Franko 3188.071479
0 67 18.51 25.09 0.166085 2021-06-21 13:22:20.515659 87 2039 Franko 3188.237564
0 300 52.79 25.63 6.941223 2021-06-21 13:22:27.456882 87 2040 Franko 3195.178787
0 83 20.46 25.09 3.445564 2021-06-21 13:22:30.902446 87 2041 Franko 3198.624351
0 57 16.93 24.98 0.680469 2021-06-21 13:22:31.582915 87 2042 Franko 3199.30482
2 76 19.69 9.30 0.734922 2021-06-21 13:22:32.317837 30 31 rens 3200.039742
0 184 31.36 25.20 0.019228 2021-06-21 13:22:32.337065 87 2043 Franko 3200.05897
