# layer adc volt temp timediff time detector_muon_count detector_count detector_name
0 88 20.96 24.66 1.399348 2021-06-21 13:16:17.174680 84 1799 Franko 2824.896585
0 167 28.76 24.66 2.39483 2021-06-21 13:16:19.569510 84 1800 Franko 2827.291415
0 67 18.51 24.44 0.533398 2021-06-21 13:16:20.102908 84 1801 Franko 2827.824813
0 76 19.69 24.44 1.386333 2021-06-21 13:16:21.489241 84 1802 Franko 2829.211146
0 185 31.51 24.44 1.329974 2021-06-21 13:16:22.819215 84 1803 Franko 2830.54112
0 65 18.22 24.98 2.602448 2021-06-21 13:16:25.421663 84 1804 Franko 2833.143568
0 96 21.67 24.66 0.240846 2021-06-21 13:16:25.662509 84 1805 Franko 2833.384414
0 103 22.23 24.44 1.137114 2021-06-21 13:16:26.799623 84 1806 Franko 2834.521528
0 85 20.67 24.87 1.2624 2021-06-21 13:16:28.062023 84 1807 Franko 2835.783928
0 71 19.06 24.44 0.503162 2021-06-21 13:16:28.565185 84 1808 Franko 2836.28709
0 224 38.29 24.44 3.871035 2021-06-21 13:16:32.436220 84 1809 Franko 2840.158125
0 76 19.69 24.66 3.29335 2021-06-21 13:16:35.729570 84 1810 Franko 2843.451475
0 231 39.55 24.44 1.218004 2021-06-21 13:16:36.947574 84 1811 Franko 2844.669479
0 102 22.15 24.66 1.650418 2021-06-21 13:16:38.597992 84 1812 Franko 2846.319897
0 252 43.42 24.44 0.034012 2021-06-21 13:16:38.632004 84 1813 Franko 2846.353909
0 211 35.96 24.44 0.142791 2021-06-21 13:16:38.774795 84 1814 Franko 2846.4967
0 248 42.69 24.66 0.868741 2021-06-21 13:16:39.643536 84 1815 Franko 2847.365441
0 73 19.32 24.66 2.907429 2021-06-21 13:16:42.550965 84 1816 Franko 2850.27287
0 281 48.90 24.66 5.304605 2021-06-21 13:16:47.855570 84 1817 Franko 2855.577475
0 99 21.91 24.44 1.758607 2021-06-21 13:16:49.614177 84 1818 Franko 2857.336082
0 121 23.66 24.44 0.062453 2021-06-21 13:16:49.676630 84 1819 Franko 2857.398535
0 131 24.54 24.44 5.414589 2021-06-21 13:16:55.091219 84 1820 Franko 2862.813124
0 51 15.86 24.98 1.061564 2021-06-21 13:16:56.152783 84 1821 Franko 2863.874688
0 71 19.06 25.09 1.346345 2021-06-21 13:16:57.499128 84 1822 Franko 2865.221033
0 255 43.96 24.44 0.289057 2021-06-21 13:16:57.788185 84 1823 Franko 2865.51009
0 71 19.06 24.66 0.773792 2021-06-21 13:16:58.561977 84 1824 Franko 2866.283882
0 163 28.20 24.44 1.479512 2021-06-21 13:17:00.041489 84 1825 Franko 2867.763394
0 112 22.94 24.66 0.319522 2021-06-21 13:17:00.361011 84 1826 Franko 2868.082916
0 51 15.86 24.77 1.779778 2021-06-21 13:17:02.140789 84 1827 Franko 2869.862694
0 134 24.82 24.66 0.626319 2021-06-21 13:17:02.767108 84 1828 Franko 2870.489013
0 108 22.63 24.66 2.344448 2021-06-21 13:17:05.111556 84 1829 Franko 2872.833461
0 440 109.25 24.44 0.235374 2021-06-21 13:17:05.346930 84 1830 Franko 2873.068835
0 222 37.96 24.87 0.262686 2021-06-21 13:17:05.609616 84 1831 Franko 2873.331521
0 69 18.79 24.66 0.736903 2021-06-21 13:17:06.346519 84 1832 Franko 2874.068424
0 270 46.71 24.66 1.056765 2021-06-21 13:17:07.403284 84 1833 Franko 2875.125189
0 51 15.86 24.66 0.238966 2021-06-21 13:17:07.642250 84 1834 Franko 2875.364155
0 56 16.76 24.44 0.745083 2021-06-21 13:17:08.387333 84 1835 Franko 2876.109238
0 76 19.69 24.44 0.178405 2021-06-21 13:17:08.565738 84 1836 Franko 2876.287643
0 167 28.76 24.44 0.297385 2021-06-21 13:17:08.863123 84 1837 Franko 2876.585028
0 63 17.91 24.98 0.03365 2021-06-21 13:17:08.896773 84 1838 Franko 2876.618678
0 63 17.91 24.66 0.696119 2021-06-21 13:17:09.592892 84 1839 Franko 2877.314797
0 138 25.22 24.44 0.526608 2021-06-21 13:17:10.119500 84 1840 Franko 2877.841405
0 108 22.63 24.66 0.360322 2021-06-21 13:17:10.479822 84 1841 Franko 2878.201727
0 227 38.83 24.87 1.050887 2021-06-21 13:17:11.530709 84 1842 Franko 2879.252614
0 92 21.32 24.44 1.517925 2021-06-21 13:17:13.048634 84 1843 Franko 2880.770539
0 94 21.50 25.09 1.538329 2021-06-21 13:17:14.586963 84 1844 Franko 2882.308868
0 103 22.23 24.87 0.419272 2021-06-21 13:17:15.006235 84 1845 Franko 2882.72814
0 69 18.79 24.87 1.880245 2021-06-21 13:17:16.886480 84 1846 Franko 2884.608385
0 327 59.28 24.66 0.70289 2021-06-21 13:17:17.589370 84 1847 Franko 2885.311275
0 207 35.26 24.98 1.783114 2021-06-21 13:17:19.372484 84 1848 Franko 2887.094389
