# layer adc volt temp timediff time detector_muon_count detector_count detector_name
0 60 17.43 24.66 0.202272 2021-06-21 13:10:31.835059 78 1559 Franko 2479.556964
0 184 31.36 24.66 0.556782 2021-06-21 13:10:32.391841 78 1560 Franko 2480.113746
0 127 24.18 24.66 3.558736 2021-06-21 13:10:35.950577 78 1561 Franko 2483.672482
0 127 24.18 24.66 0.122708 2021-06-21 13:10:36.073285 78 1562 Franko 2483.79519
0 94 21.50 25.20 4.025121 2021-06-21 13:10:40.098406 78 1563 Franko 2487.820311
0 210 35.78 25.09 0.62363 2021-06-21 13:10:40.722036 78 1564 Franko 2488.443941
0 103 22.23 25.30 0.325166 2021-06-21 13:10:41.047202 78 1565 Franko 2488.769107
0 50 15.67 24.66 4.95233 2021-06-21 13:10:45.999532 78 1566 Franko 2493.721437
0 121 23.66 24.44 0.134351 2021-06-21 13:10:46.133883 78 1567 Franko 2493.855788
0 515 147.53 24.44 1.154557 2021-06-21 13:10:47.288440 78 1568 Franko 2495.010345
0 76 19.69 24.44 0.436695 2021-06-21 13:10:47.725135 78 1569 Franko 2495.44704
0 57 16.93 24.77 0.100376 2021-06-21 13:10:47.825511 78 1570 Franko 2495.547416
0 50 15.67 24.66 1.530683 2021-06-21 13:10:49.356194 78 1571 Franko 2497.078099
0 73 19.32 24.44 0.240397 2021-06-21 13:10:49.596591 78 1572 Franko 2497.318496
0 94 21.50 24.87 1.478327 2021-06-21 13:10:51.074918 78 1573 Franko 2498.796823
0 63 17.91 24.44 2.519189 2021-06-21 13:10:53.594107 78 1574 Franko 2501.316012
0 103 22.23 25.09 3.361987 2021-06-21 13:10:56.956094 78 1575 Franko 2504.677999
2 236 40.44 40.88 0.108949 2021-06-21 13:10:57.065043 24 25 rens 2504.786948
0 178 30.40 24.77 0.020252 2021-06-21 13:10:57.085295 78 1576 Franko 2504.8072
1 371 73.82 25.09 0.003115 2021-06-21 13:10:57.088410 27 28 M 2504.810315
0 152 26.78 24.98 0.563522 2021-06-21 13:10:57.651932 79 1577 Franko 2505.373837
0 332 61.17 24.66 1.364336 2021-06-21 13:10:59.016268 79 1578 Franko 2506.738173
0 56 16.76 24.66 0.064564 2021-06-21 13:10:59.080832 79 1579 Franko 2506.802737
0 371 73.82 24.87 0.033873 2021-06-21 13:10:59.114705 79 1580 Franko 2506.83661
0 96 21.67 25.09 0.742609 2021-06-21 13:10:59.857314 79 1581 Franko 2507.579219
0 56 16.76 24.77 0.904656 2021-06-21 13:11:00.761970 79 1582 Franko 2508.483875
0 199 33.86 24.87 0.82681 2021-06-21 13:11:01.588780 79 1583 Franko 2509.310685
0 287 50.23 24.66 0.095024 2021-06-21 13:11:01.683804 79 1584 Franko 2509.405709
0 312 55.68 24.98 0.660376 2021-06-21 13:11:02.344180 79 1585 Franko 2510.066085
0 56 16.76 24.66 0.330492 2021-06-21 13:11:02.674672 79 1586 Franko 2510.396577
0 73 19.32 24.66 3.130074 2021-06-21 13:11:05.804746 79 1587 Franko 2513.526651
0 147 26.19 24.44 0.154635 2021-06-21 13:11:05.959381 79 1588 Franko 2513.681286
0 103 22.23 24.44 1.806414 2021-06-21 13:11:07.765795 79 1589 Franko 2515.4877
0 263 45.37 24.87 0.817482 2021-06-21 13:11:08.583277 79 1590 Franko 2516.305182
0 252 43.42 24.44 3.118213 2021-06-21 13:11:11.701490 79 1591 Franko 2519.423395
0 120 23.58 24.44 1.128769 2021-06-21 13:11:12.830259 79 1592 Franko 2520.552164
0 53 16.22 24.44 2.896506 2021-06-21 13:11:15.726765 79 1593 Franko 2523.44867
0 51 15.86 24.44 1.189666 2021-06-21 13:11:16.916431 79 1594 Franko 2524.638336
0 171 29.34 24.44 0.20509 2021-06-21 13:11:17.121521 79 1595 Franko 2524.843426
0 88 20.96 24.44 0.594796 2021-06-21 13:11:17.716317 79 1596 Franko 2525.438222
0 60 17.43 24.44 2.296768 2021-06-21 13:11:20.013085 79 1597 Franko 2527.73499
0 94 21.50 24.44 1.6319 2021-06-21 13:11:21.644985 79 1598 Franko 2529.36689
0 53 16.22 24.44 0.954428 2021-06-21 13:11:22.599413 79 1599 Franko 2530.321318
0 56 16.76 24.44 0.478125 2021-06-21 13:11:23.077538 79 1600 Franko 2530.799443
0 265 45.75 24.44 1.865916 2021-06-21 13:11:24.943454 79 1601 Franko 2532.665359
0 82 20.36 24.44 0.864405 2021-06-21 13:11:25.807859 79 1602 Franko 2533.529764
0 62 17.75 24.66 0.182901 2021-06-21 13:11:25.990760 79 1603 Franko 2533.712665
0 121 23.66 24.66 1.005413 2021-06-21 13:11:26.996173 79 1604 Franko 2534.718078
0 96 21.67 24.66 0.959987 2021-06-21 13:11:27.956160 79 1605 Franko 2535.678065
0 51 15.86 24.66 4.850603 2021-06-21 13:11:32.806763 79 1606 Franko 2540.528668
