# layer adc volt temp timediff time detector_muon_count detector_count detector_name
0 159 27.66 24.44 0.84435 2021-06-21 13:07:55.848969 73 1466 Franko 2323.570874
0 70 18.93 24.44 0.423767 2021-06-21 13:07:56.272736 73 1467 Franko 2323.994641
0 127 24.18 25.30 3.137285 2021-06-21 13:07:59.410021 73 1468 Franko 2327.131926
0 199 33.86 24.44 2.475043 2021-06-21 13:08:01.885064 73 1469 Franko 2329.606969
1 240 41.21 24.66 0.023315 2021-06-21 13:08:01.908379 24 25 M 2329.630284
2 275 47.73 48.29 0.000776 2021-06-21 13:08:01.909155 23 24 rens 2329.63106
0 185 31.51 24.44 0.154336 2021-06-21 13:08:02.063491 74 1470 Franko 2329.785396
0 96 21.67 24.66 0.651622 2021-06-21 13:08:02.715113 74 1471 Franko 2330.437018
0 526 158.17 24.44 1.144056 2021-06-21 13:08:03.859169 74 1472 Franko 2331.581074
0 81 20.25 24.66 0.473191 2021-06-21 13:08:04.332360 74 1473 Franko 2332.054265
0 108 22.63 24.44 1.590354 2021-06-21 13:08:05.922714 74 1474 Franko 2333.644619
0 153 26.90 24.66 4.374399 2021-06-21 13:08:10.297113 74 1475 Franko 2338.019018
0 195 33.17 24.66 3.497787 2021-06-21 13:08:13.794900 74 1476 Franko 2341.516805
0 51 15.86 24.66 0.244372 2021-06-21 13:08:14.039272 74 1477 Franko 2341.761177
0 131 24.54 24.87 0.102035 2021-06-21 13:08:14.141307 74 1478 Franko 2341.863212
0 70 18.93 24.66 0.105011 2021-06-21 13:08:14.246318 74 1479 Franko 2341.968223
0 71 19.06 24.87 2.901956 2021-06-21 13:08:17.148274 74 1480 Franko 2344.870179
0 199 33.86 24.44 0.322505 2021-06-21 13:08:17.470779 74 1481 Franko 2345.192684
0 60 17.43 24.44 3.808169 2021-06-21 13:08:21.278948 74 1482 Franko 2349.000853
0 294 51.51 24.66 0.867845 2021-06-21 13:08:22.146793 74 1483 Franko 2349.868698
0 63 17.91 24.44 5.301767 2021-06-21 13:08:27.448560 74 1484 Franko 2355.170465
0 97 21.75 24.66 6.508283 2021-06-21 13:08:33.956843 74 1485 Franko 2361.678748
0 78 19.92 24.44 1.095507 2021-06-21 13:08:35.052350 74 1486 Franko 2362.774255
0 57 16.93 24.66 6.922969 2021-06-21 13:08:41.975319 74 1487 Franko 2369.697224
0 79 20.03 24.44 1.183415 2021-06-21 13:08:43.158734 74 1488 Franko 2370.880639
1 63 17.91 24.87 0.022458 2021-06-21 13:08:43.181192 25 26 M 2370.903097
0 121 23.66 24.44 4.298518 2021-06-21 13:08:47.479710 75 1489 Franko 2375.201615
0 159 27.66 24.66 2.291247 2021-06-21 13:08:49.770957 75 1490 Franko 2377.492862
0 63 17.91 24.66 2.584623 2021-06-21 13:08:52.355580 75 1491 Franko 2380.077485
0 57 16.93 25.09 4.453321 2021-06-21 13:08:56.808901 75 1492 Franko 2384.530806
0 295 51.75 24.87 1.344738 2021-06-21 13:08:58.153639 75 1493 Franko 2385.875544
0 412 92.93 24.44 0.685932 2021-06-21 13:08:58.839571 75 1494 Franko 2386.561476
0 176 30.09 24.66 4.631646 2021-06-21 13:09:03.471217 75 1495 Franko 2391.193122
0 60 17.43 24.44 1.83334 2021-06-21 13:09:05.304557 75 1496 Franko 2393.026462
0 63 17.91 24.66 2.505414 2021-06-21 13:09:07.809971 75 1497 Franko 2395.531876
0 391 82.35 24.44 0.567986 2021-06-21 13:09:08.377957 75 1498 Franko 2396.099862
0 134 24.82 24.87 2.9356 2021-06-21 13:09:11.313557 75 1499 Franko 2399.035462
0 167 28.76 24.66 0.629623 2021-06-21 13:09:11.943180 75 1500 Franko 2399.665085
0 102 22.15 24.66 0.506168 2021-06-21 13:09:12.449348 75 1501 Franko 2400.171253
0 61 17.60 24.44 0.336572 2021-06-21 13:09:12.785920 75 1502 Franko 2400.507825
0 204 34.73 24.66 0.374307 2021-06-21 13:09:13.160227 75 1503 Franko 2400.882132
0 167 28.76 24.66 1.721036 2021-06-21 13:09:14.881263 75 1504 Franko 2402.603168
0 56 16.76 24.66 0.917231 2021-06-21 13:09:15.798494 75 1505 Franko 2403.520399
0 60 17.43 24.44 3.614582 2021-06-21 13:09:19.413076 75 1506 Franko 2407.134981
0 156 27.28 24.44 1.638931 2021-06-21 13:09:21.052007 75 1507 Franko 2408.773912
0 67 18.51 24.44 3.817414 2021-06-21 13:09:24.869421 75 1508 Franko 2412.591326
0 115 23.18 24.66 0.821272 2021-06-21 13:09:25.690693 75 1509 Franko 2413.412598
0 216 36.85 24.66 0.07895 2021-06-21 13:09:25.769643 75 1510 Franko 2413.491548
0 99 21.91 24.66 0.311522 2021-06-21 13:09:26.081165 75 1511 Franko 2413.80307
0 101 22.08 24.87 0.716272 2021-06-21 13:09:26.797437 75 1512 Franko 2414.519342
