# layer adc volt temp timediff time detector_muon_count detector_count detector_name
0 112 22.94 24.44 0.348561 2021-06-21 13:27:17.514749 98 2229 Franko 3485.236654
0 71 19.06 24.44 0.835311 2021-06-21 13:27:18.350060 98 2230 Franko 3486.071965
0 432 101.61 24.44 0.220233 2021-06-21 13:27:18.570293 98 2231 Franko 3486.292198
0 92 21.32 24.44 0.79371 2021-06-21 13:27:19.364003 98 2232 Franko 3487.085908
0 56 16.76 24.44 0.034077 2021-06-21 13:27:19.398080 98 2233 Franko 3487.119985
0 69 18.79 24.44 0.178354 2021-06-21 13:27:19.576434 98 2234 Franko 3487.298339
0 103 22.23 24.44 0.654751 2021-06-21 13:27:20.231185 98 2235 Franko 3487.95309
0 88 20.96 24.44 3.107711 2021-06-21 13:27:23.338896 98 2236 Franko 3491.060801
0 60 17.43 24.44 0.249435 2021-06-21 13:27:23.588331 98 2237 Franko 3491.310236
0 92 21.32 24.44 0.527109 2021-06-21 13:27:24.115440 98 2238 Franko 3491.837345
0 179 30.55 24.44 2.186238 2021-06-21 13:27:26.301678 98 2239 Franko 3494.023583
0 248 42.69 24.77 0.82548 2021-06-21 13:27:27.127158 98 2240 Franko 3494.849063
0 62 17.75 24.44 1.508167 2021-06-21 13:27:28.635325 98 2241 Franko 3496.35723
0 56 16.76 24.44 0.418258 2021-06-21 13:27:29.053583 98 2242 Franko 3496.775488
0 77 19.81 24.44 1.947119 2021-06-21 13:27:31.000702 98 2243 Franko 3498.722607
0 83 20.46 24.44 0.144297 2021-06-21 13:27:31.144999 98 2244 Franko 3498.866904
0 67 18.51 24.44 0.464154 2021-06-21 13:27:31.609153 98 2245 Franko 3499.331058
0 510 148.47 24.44 2.961101 2021-06-21 13:27:34.570254 98 2246 Franko 3502.292159
0 143 25.74 24.44 0.628525 2021-06-21 13:27:35.198779 98 2247 Franko 3502.920684
0 135 24.92 24.44 0.340206 2021-06-21 13:27:35.538985 98 2248 Franko 3503.26089
0 66 18.36 24.98 3.55208 2021-06-21 13:27:39.091065 98 2249 Franko 3506.81297
0 53 16.22 24.44 3.128637 2021-06-21 13:27:42.219702 98 2250 Franko 3509.941607
0 76 19.69 24.44 0.853867 2021-06-21 13:27:43.073569 98 2251 Franko 3510.795474
0 227 38.83 24.44 1.826156 2021-06-21 13:27:44.899725 98 2252 Franko 3512.62163
0 98 21.83 24.44 0.680036 2021-06-21 13:27:45.579761 98 2253 Franko 3513.301666
0 300 52.79 24.44 2.753152 2021-06-21 13:27:48.332913 98 2254 Franko 3516.054818
1 67 18.51 25.63 0.023474 2021-06-21 13:27:48.356387 7 8 Noor 3516.078292
0 126 24.09 24.66 1.222905 2021-06-21 13:27:49.579292 99 2255 Franko 3517.301197
0 184 31.36 24.44 1.65813 2021-06-21 13:27:51.237422 99 2256 Franko 3518.959327
0 53 16.22 24.44 2.138044 2021-06-21 13:27:53.375466 99 2257 Franko 3521.097371
0 216 36.85 24.44 2.511183 2021-06-21 13:27:55.886649 99 2258 Franko 3523.608554
0 49 15.48 24.44 0.364906 2021-06-21 13:27:56.251555 99 2259 Franko 3523.97346
0 51 15.86 24.66 0.746993 2021-06-21 13:27:56.998548 99 2260 Franko 3524.720453
0 176 30.09 24.44 1.324643 2021-06-21 13:27:58.323191 99 2261 Franko 3526.045096
0 58 17.10 24.66 0.161631 2021-06-21 13:27:58.484822 99 2262 Franko 3526.206727
0 126 24.09 24.44 2.507379 2021-06-21 13:28:00.992201 99 2263 Franko 3528.714106
0 444 109.09 24.44 0.085866 2021-06-21 13:28:01.078067 99 2264 Franko 3528.799972
0 67 18.51 24.44 0.336138 2021-06-21 13:28:01.414205 99 2265 Franko 3529.13611
0 120 23.58 24.44 0.7071 2021-06-21 13:28:02.121305 99 2266 Franko 3529.84321
0 234 40.06 24.44 1.274503 2021-06-21 13:28:03.395808 99 2267 Franko 3531.117713
0 57 16.93 24.44 2.191986 2021-06-21 13:28:05.587794 99 2268 Franko 3533.309699
0 127 24.18 24.66 0.783101 2021-06-21 13:28:06.370895 99 2269 Franko 3534.0928
0 60 17.43 24.44 0.068284 2021-06-21 13:28:06.439179 99 2270 Franko 3534.161084
0 103 22.23 24.44 2.735588 2021-06-21 13:28:09.174767 99 2271 Franko 3536.896672
0 166 28.62 24.44 0.395927 2021-06-21 13:28:09.570694 99 2272 Franko 3537.292599
1 399 87.30 24.44 0.02356 2021-06-21 13:28:09.594254 36 37 M 3537.316159
0 48 15.29 24.44 1.01252 2021-06-21 13:28:10.606774 100 2273 Franko 3538.328679
0 460 119.54 24.44 1.678799 2021-06-21 13:28:12.285573 100 2274 Franko 3540.007478
0 177 30.25 24.44 2.943279 2021-06-21 13:28:15.228852 100 2275 Franko 3542.950757
0 69 18.79 24.44 0.161803 2021-06-21 13:28:15.390655 100 2276 Franko 3543.11256
