# layer adc volt temp timediff time detector_muon_count detector_count detector_name
0 102 22.15 24.44 0.455128 2021-06-21 12:44:26.130602 30 568 Franko 913.852507
0 254 43.77 24.44 1.074665 2021-06-21 12:44:27.205267 30 569 Franko 914.927172
0 135 24.92 24.44 0.351676 2021-06-21 12:44:27.556943 30 570 Franko 915.278848
0 62 17.75 24.44 1.081769 2021-06-21 12:44:28.638712 30 571 Franko 916.360617
0 96 21.67 24.44 1.172688 2021-06-21 12:44:29.811400 30 572 Franko 917.533305
0 71 19.06 24.44 3.280494 2021-06-21 12:44:33.091894 30 573 Franko 920.813799
0 207 35.26 24.44 0.723369 2021-06-21 12:44:33.815263 30 574 Franko 921.537168
0 145 25.96 24.44 0.519148 2021-06-21 12:44:34.334411 30 575 Franko 922.056316
0 67 18.51 24.44 1.320126 2021-06-21 12:44:35.654537 30 576 Franko 923.376442
0 62 17.75 24.44 0.147105 2021-06-21 12:44:35.801642 30 577 Franko 923.523547
0 57 16.93 24.44 0.744303 2021-06-21 12:44:36.545945 30 578 Franko 924.26785
0 344 64.67 24.44 2.632282 2021-06-21 12:44:39.178227 30 579 Franko 926.900132
0 428 101.58 24.44 1.443877 2021-06-21 12:44:40.622104 30 580 Franko 928.344009
0 248 42.69 24.44 4.588347 2021-06-21 12:44:45.210451 30 581 Franko 932.932356
0 49 15.48 24.44 0.08095 2021-06-21 12:44:45.291401 30 582 Franko 933.013306
0 62 17.75 24.44 1.809583 2021-06-21 12:44:47.100984 30 583 Franko 934.822889
0 188 32.01 24.44 0.034052 2021-06-21 12:44:47.135036 30 584 Franko 934.856941
0 359 69.86 24.44 1.685896 2021-06-21 12:44:48.820932 30 585 Franko 936.542837
0 184 31.36 24.44 2.429831 2021-06-21 12:44:51.250763 30 586 Franko 938.972668
0 159 27.66 24.44 1.285162 2021-06-21 12:44:52.535925 30 587 Franko 940.25783
0 135 24.92 24.44 1.583044 2021-06-21 12:44:54.118969 30 588 Franko 941.840874
0 66 18.36 24.44 1.166666 2021-06-21 12:44:55.285635 30 589 Franko 943.00754
0 76 19.69 24.66 1.770642 2021-06-21 12:44:57.056277 30 590 Franko 944.778182
0 89 21.05 24.44 5.35357 2021-06-21 12:45:02.409847 30 591 Franko 950.131752
0 124 23.92 24.44 0.227922 2021-06-21 12:45:02.637769 30 592 Franko 950.359674
0 103 22.23 24.44 0.565136 2021-06-21 12:45:03.202905 30 593 Franko 950.92481
0 112 22.94 24.44 5.106422 2021-06-21 12:45:08.309327 30 594 Franko 956.031232
0 137 25.12 24.44 4.32152 2021-06-21 12:45:12.630847 30 595 Franko 960.352752
0 48 15.29 24.44 0.064332 2021-06-21 12:45:12.695179 30 596 Franko 960.417084
0 184 31.36 24.44 2.036514 2021-06-21 12:45:14.731693 30 597 Franko 962.453598
0 124 23.92 24.44 0.820595 2021-06-21 12:45:15.552288 30 598 Franko 963.274193
0 60 17.43 24.44 2.179482 2021-06-21 12:45:17.731770 30 599 Franko 965.453675
0 79 20.03 24.44 0.32985 2021-06-21 12:45:18.061620 30 600 Franko 965.783525
0 112 22.94 24.44 0.256328 2021-06-21 12:45:18.317948 30 601 Franko 966.039853
1 67 18.51 24.44 0.021347 2021-06-21 12:45:18.339295 7 8 M 966.0612
2 88 20.96 11.88 0.000941 2021-06-21 12:45:18.340236 9 10 rens 966.062141
0 295 51.75 24.44 0.126516 2021-06-21 12:45:18.466752 31 602 Franko 966.188657
0 71 19.06 24.44 1.926496 2021-06-21 12:45:20.393248 31 603 Franko 968.115153
0 403 88.99 24.44 2.797387 2021-06-21 12:45:23.190635 31 604 Franko 970.91254
0 195 33.17 24.44 0.89234 2021-06-21 12:45:24.082975 31 605 Franko 971.80488
0 143 25.74 24.44 0.574933 2021-06-21 12:45:24.657908 31 606 Franko 972.379813
0 89 21.05 24.44 5.006668 2021-06-21 12:45:29.664576 31 607 Franko 977.386481
0 108 22.63 24.44 9.694052 2021-06-21 12:45:39.358628 31 608 Franko 987.080533
0 193 32.84 24.44 0.704462 2021-06-21 12:45:40.063090 31 609 Franko 987.784995
0 63 17.91 24.44 6.406496 2021-06-21 12:45:46.469586 31 610 Franko 994.191491
0 352 66.89 24.44 0.769948 2021-06-21 12:45:47.239534 31 611 Franko 994.961439
0 134 24.82 24.44 0.264838 2021-06-21 12:45:47.504372 31 612 Franko 995.226277
0 352 66.89 24.44 1.028698 2021-06-21 12:45:48.533070 31 613 Franko 996.254975
0 74 19.44 24.44 6.755618 2021-06-21 12:45:55.288688 31 614 Franko 1003.010593
0 124 23.92 24.44 0.074075 2021-06-21 12:45:55.362763 31 615 Franko 1003.084668
