# layer adc volt temp timediff time detector_muon_count detector_count detector_name
1 401 87.91 24.44 0.696629 2021-06-21 12:33:06.445755 0 1 Noor 234.16766
0 319 57.64 24.44 0.016045 2021-06-21 12:33:06.461800 8 142 Franko 234.183705
0 71 19.06 24.44 0.979781 2021-06-21 12:33:07.441581 9 143 Franko 235.163486
0 124 23.92 24.44 1.465236 2021-06-21 12:33:08.906817 9 144 Franko 236.628722
0 114 23.10 24.44 0.063137 2021-06-21 12:33:08.969954 9 145 Franko 236.691859
0 56 16.76 24.44 2.250586 2021-06-21 12:33:11.220540 9 146 Franko 238.942445
0 62 17.75 24.44 1.564442 2021-06-21 12:33:12.784982 9 147 Franko 240.506887
0 63 17.91 24.44 0.07429 2021-06-21 12:33:12.859272 9 148 Franko 240.581177
0 51 15.86 24.44 0.088271 2021-06-21 12:33:12.947543 9 149 Franko 240.669448
0 79 20.03 24.44 3.663797 2021-06-21 12:33:16.611340 9 150 Franko 244.333245
0 51 15.86 24.44 3.740457 2021-06-21 12:33:20.351797 9 151 Franko 248.073702
0 110 22.78 24.44 2.59336 2021-06-21 12:33:22.945157 9 152 Franko 250.667062
0 339 62.98 24.44 0.60154 2021-06-21 12:33:23.546697 9 153 Franko 251.268602
0 112 22.94 24.44 5.211754 2021-06-21 12:33:28.758451 9 154 Franko 256.480356
0 216 36.85 24.44 1.420083 2021-06-21 12:33:30.178534 9 155 Franko 257.900439
0 179 30.55 24.44 3.29738 2021-06-21 12:33:33.475914 9 156 Franko 261.197819
0 51 15.86 24.77 1.845002 2021-06-21 12:33:35.320916 9 157 Franko 263.042821
0 145 25.96 24.44 0.155729 2021-06-21 12:33:35.476645 9 158 Franko 263.19855
0 71 19.06 24.44 4.243044 2021-06-21 12:33:39.719689 9 159 Franko 267.441594
0 71 19.06 24.44 1.842592 2021-06-21 12:33:41.562281 9 160 Franko 269.284186
0 139 25.32 24.44 2.760395 2021-06-21 12:33:44.322676 9 161 Franko 272.044581
0 71 19.06 24.44 1.368259 2021-06-21 12:33:45.690935 9 162 Franko 273.41284
1 79 20.03 24.44 0.071886 2021-06-21 12:33:45.762821 1 2 Niels 273.484726
0 153 26.90 24.44 0.016255 2021-06-21 12:33:45.779076 9 163 Franko 273.500981
0 67 18.51 24.44 0.552819 2021-06-21 12:33:46.331895 10 164 Franko 274.0538
0 156 27.28 24.44 2.841357 2021-06-21 12:33:49.173252 10 165 Franko 276.895157
0 207 35.26 24.44 2.081309 2021-06-21 12:33:51.254561 10 166 Franko 278.976466
0 76 19.69 24.44 6.53883 2021-06-21 12:33:57.793391 10 167 Franko 285.515296
0 71 19.06 24.44 0.378236 2021-06-21 12:33:58.171627 10 168 Franko 285.893532
0 89 21.05 24.44 1.438374 2021-06-21 12:33:59.610001 10 169 Franko 287.331906
0 48 15.29 24.44 2.22104 2021-06-21 12:34:01.831041 10 170 Franko 289.552946
0 211 35.96 24.44 1.089086 2021-06-21 12:34:02.920127 10 171 Franko 290.642032
0 58 17.10 24.44 0.71689 2021-06-21 12:34:03.637017 10 172 Franko 291.358922
0 177 30.25 24.44 0.705783 2021-06-21 12:34:04.342800 10 173 Franko 292.064705
0 167 28.76 24.44 0.146189 2021-06-21 12:34:04.488989 10 174 Franko 292.210894
0 227 38.83 24.44 2.055368 2021-06-21 12:34:06.544357 10 175 Franko 294.266262
0 281 48.90 24.44 1.181854 2021-06-21 12:34:07.726211 10 176 Franko 295.448116
0 114 23.10 24.66 0.454106 2021-06-21 12:34:08.180317 10 177 Franko 295.902222
0 304 53.73 24.44 1.973682 2021-06-21 12:34:10.153999 10 178 Franko 297.875904
0 384 80.08 24.44 1.347594 2021-06-21 12:34:11.501593 10 179 Franko 299.223498
0 460 119.54 24.44 0.196904 2021-06-21 12:34:11.698497 10 180 Franko 299.420402
0 76 19.69 24.44 1.148792 2021-06-21 12:34:12.847289 10 181 Franko 300.569194
0 103 22.23 24.44 0.774982 2021-06-21 12:34:13.622271 10 182 Franko 301.344176
0 121 23.66 24.44 3.680404 2021-06-21 12:34:17.302675 10 183 Franko 305.02458
0 113 23.02 24.44 2.087394 2021-06-21 12:34:19.390069 10 184 Franko 307.111974
0 83 20.46 24.44 2.908417 2021-06-21 12:34:22.298486 10 185 Franko 310.020391
0 71 19.06 24.44 0.303345 2021-06-21 12:34:22.601831 10 186 Franko 310.323736
0 102 22.15 24.66 1.816339 2021-06-21 12:34:24.418170 10 187 Franko 312.140075
0 105 22.39 24.44 0.496614 2021-06-21 12:34:24.914784 10 188 Franko 312.636689
0 76 19.69 24.44 0.628909 2021-06-21 12:34:25.543693 10 189 Franko 313.265598
