# layer adc volt temp timediff time detector_muon_count detector_count detector_name
0 57 16.93 24.44 0.359039 2021-06-21 12:34:25.902732 10 190 Franko 313.624637
0 227 38.83 24.44 3.237541 2021-06-21 12:34:29.140273 10 191 Franko 316.862178
0 51 15.86 24.44 3.267702 2021-06-21 12:34:32.407975 10 192 Franko 320.12988
0 62 17.75 24.44 0.892304 2021-06-21 12:34:33.300279 10 193 Franko 321.022184
0 112 22.94 24.44 0.539383 2021-06-21 12:34:33.839662 10 194 Franko 321.561567
0 50 15.67 24.44 0.79304 2021-06-21 12:34:34.632702 10 195 Franko 322.354607
0 108 22.63 24.44 3.55695 2021-06-21 12:34:38.189652 10 196 Franko 325.911557
0 97 21.75 24.44 5.227485 2021-06-21 12:34:43.417137 10 197 Franko 331.139042
0 76 19.69 24.66 3.081572 2021-06-21 12:34:46.498709 10 198 Franko 334.220614
0 79 20.03 24.44 0.212567 2021-06-21 12:34:46.711276 10 199 Franko 334.433181
0 98 21.83 24.44 0.878988 2021-06-21 12:34:47.590264 10 200 Franko 335.312169
0 63 17.91 24.44 3.606658 2021-06-21 12:34:51.196922 10 201 Franko 338.918827
0 115 23.18 24.44 3.195524 2021-06-21 12:34:54.392446 10 202 Franko 342.114351
0 390 82.70 24.44 0.503616 2021-06-21 12:34:54.896062 10 203 Franko 342.617967
0 96 21.67 24.44 3.881228 2021-06-21 12:34:58.777290 10 204 Franko 346.499195
0 124 23.92 24.44 1.855079 2021-06-21 12:35:00.632369 10 205 Franko 348.354274
0 56 16.76 24.44 0.954847 2021-06-21 12:35:01.587216 10 206 Franko 349.309121
1 57 16.93 24.34 1.152856 2021-06-21 12:35:02.740072 2 3 Niels 350.461977
0 271 46.93 24.44 0.017184 2021-06-21 12:35:02.757256 10 207 Franko 350.479161
0 166 28.62 24.66 0.861125 2021-06-21 12:35:03.618381 11 208 Franko 351.340286
0 63 17.91 24.44 0.033997 2021-06-21 12:35:03.652378 11 209 Franko 351.374283
2 137 25.12 24.44 0.614173 2021-06-21 12:35:04.266551 3 4 MattiaCosmicWatch 351.988456
0 126 24.09 24.44 0.030823 2021-06-21 12:35:04.297374 11 210 Franko 352.019279
0 82 20.36 24.44 0.15322 2021-06-21 12:35:04.450594 12 211 Franko 352.172499
0 195 33.17 24.44 1.099943 2021-06-21 12:35:05.550537 12 212 Franko 353.272442
0 300 52.79 24.44 0.131165 2021-06-21 12:35:05.681702 12 213 Franko 353.403607
0 76 19.69 24.44 0.841746 2021-06-21 12:35:06.523448 12 214 Franko 354.245353
0 71 19.06 24.44 0.260391 2021-06-21 12:35:06.783839 12 215 Franko 354.505744
0 70 18.93 24.66 0.328943 2021-06-21 12:35:07.112782 12 216 Franko 354.834687
0 149 26.42 24.66 2.620547 2021-06-21 12:35:09.733329 12 217 Franko 357.455234
0 387 81.05 24.44 4.94255 2021-06-21 12:35:14.675879 12 218 Franko 362.397784
0 51 15.86 24.44 4.655689 2021-06-21 12:35:19.331568 12 219 Franko 367.053473
0 60 17.43 24.44 0.281364 2021-06-21 12:35:19.612932 12 220 Franko 367.334837
0 71 19.06 24.44 0.709017 2021-06-21 12:35:20.321949 12 221 Franko 368.043854
0 57 16.93 24.44 1.238724 2021-06-21 12:35:21.560673 12 222 Franko 369.282578
1 56 16.76 24.44 0.019143 2021-06-21 12:35:21.579816 1 2 M 369.301721
0 207 35.26 24.44 0.804908 2021-06-21 12:35:22.384724 13 223 Franko 370.106629
0 70 18.93 24.44 2.242199 2021-06-21 12:35:24.626923 13 224 Franko 372.348828
0 167 28.76 24.44 2.703154 2021-06-21 12:35:27.330077 13 225 Franko 375.051982
0 67 18.51 24.44 0.140277 2021-06-21 12:35:27.470354 13 226 Franko 375.192259
0 99 21.91 24.44 1.734828 2021-06-21 12:35:29.205182 13 227 Franko 376.927087
0 199 33.86 24.44 2.154176 2021-06-21 12:35:31.359358 13 228 Franko 379.081263
0 101 22.08 24.44 1.496898 2021-06-21 12:35:32.856256 13 229 Franko 380.578161
0 120 23.58 24.44 0.725475 2021-06-21 12:35:33.581731 13 230 Franko 381.303636
0 63 17.91 24.44 0.034 2021-06-21 12:35:33.615731 13 231 Franko 381.337636
0 103 22.23 24.44 6.049059 2021-06-21 12:35:39.664790 13 232 Franko 387.386695
0 184 31.36 24.44 1.550769 2021-06-21 12:35:41.215559 13 233 Franko 388.937464
0 71 19.06 24.66 0.527604 2021-06-21 12:35:41.743163 13 234 Franko 389.465068
0 56 16.76 24.44 1.32411 2021-06-21 12:35:43.067273 13 235 Franko 390.789178
0 274 47.52 24.44 0.449018 2021-06-21 12:35:43.516291 13 236 Franko 391.238196
