# layer adc volt temp timediff time detector_muon_count detector_count detector_name
0 122 23.75 24.44 1.149293 2021-06-21 12:51:54.147465 35 861 Franko 1361.86937
0 167 28.76 24.44 0.673353 2021-06-21 12:51:54.820818 35 862 Franko 1362.542723
0 359 69.86 24.44 1.724627 2021-06-21 12:51:56.545445 35 863 Franko 1364.26735
0 167 28.76 24.44 2.24123 2021-06-21 12:51:58.786675 35 864 Franko 1366.50858
0 179 30.55 24.66 0.23905 2021-06-21 12:51:59.025725 35 865 Franko 1366.74763
0 327 59.28 24.44 0.279841 2021-06-21 12:51:59.305566 35 866 Franko 1367.027471
0 73 19.32 24.44 0.779708 2021-06-21 12:52:00.085274 35 867 Franko 1367.807179
0 76 19.69 24.44 1.18994 2021-06-21 12:52:01.275214 35 868 Franko 1368.997119
1 60 17.43 24.44 0.021299 2021-06-21 12:52:01.296513 9 10 M 1369.018418
0 300 52.79 24.44 0.491154 2021-06-21 12:52:01.787667 36 869 Franko 1369.509572
0 240 41.21 24.44 4.598686 2021-06-21 12:52:06.386353 36 870 Franko 1374.108258
1 76 19.69 24.44 0.845655 2021-06-21 12:52:07.232008 10 11 M 1374.953913
2 63 17.91 6.72 0.016178 2021-06-21 12:52:07.248186 11 12 rens 1374.970091
0 376 76.43 24.44 0.002032 2021-06-21 12:52:07.250218 36 871 Franko 1374.972123
0 112 22.94 24.44 2.665212 2021-06-21 12:52:09.915430 37 872 Franko 1377.637335
0 103 22.23 24.44 1.122024 2021-06-21 12:52:11.037454 37 873 Franko 1378.759359
0 159 27.66 24.66 0.149452 2021-06-21 12:52:11.186906 37 874 Franko 1378.908811
0 248 42.69 24.44 0.623875 2021-06-21 12:52:11.810781 37 875 Franko 1379.532686
0 63 17.91 24.44 2.723502 2021-06-21 12:52:14.534283 37 876 Franko 1382.256188
0 255 43.96 24.44 0.292409 2021-06-21 12:52:14.826692 37 877 Franko 1382.548597
0 121 23.66 24.44 0.761826 2021-06-21 12:52:15.588518 37 878 Franko 1383.310423
0 76 19.69 24.44 0.56517 2021-06-21 12:52:16.153688 37 879 Franko 1383.875593
1 51 15.86 24.44 2.64794 2021-06-21 12:52:18.801628 7 8 Niels 1386.523533
0 67 18.51 24.44 0.019213 2021-06-21 12:52:18.820841 37 880 Franko 1386.542746
0 78 19.92 24.44 1.002702 2021-06-21 12:52:19.823543 38 881 Franko 1387.545448
0 49 15.48 24.44 1.235419 2021-06-21 12:52:21.058962 38 882 Franko 1388.780867
0 67 18.51 24.44 0.398013 2021-06-21 12:52:21.456975 38 883 Franko 1389.17888
0 66 18.36 24.44 0.353313 2021-06-21 12:52:21.810288 38 884 Franko 1389.532193
0 195 33.17 24.44 0.158836 2021-06-21 12:52:21.969124 38 885 Franko 1389.691029
0 57 16.93 24.66 0.411841 2021-06-21 12:52:22.380965 38 886 Franko 1390.10287
0 504 143.61 24.44 0.226668 2021-06-21 12:52:22.607633 38 887 Franko 1390.329538
0 117 23.34 24.44 1.299591 2021-06-21 12:52:23.907224 38 888 Franko 1391.629129
0 179 30.55 24.44 1.98545 2021-06-21 12:52:25.892674 38 889 Franko 1393.614579
0 51 15.86 24.44 0.197426 2021-06-21 12:52:26.090100 38 890 Franko 1393.812005
0 216 36.85 24.44 0.938772 2021-06-21 12:52:27.028872 38 891 Franko 1394.750777
0 126 24.09 24.44 1.408659 2021-06-21 12:52:28.437531 38 892 Franko 1396.159436
0 62 17.75 24.44 0.058406 2021-06-21 12:52:28.495937 38 893 Franko 1396.217842
0 121 23.66 24.44 2.294035 2021-06-21 12:52:30.789972 38 894 Franko 1398.511877
0 51 15.86 24.44 2.182552 2021-06-21 12:52:32.972524 38 895 Franko 1400.694429
0 57 16.93 24.44 0.400218 2021-06-21 12:52:33.372742 38 896 Franko 1401.094647
0 71 19.06 24.44 0.184523 2021-06-21 12:52:33.557265 38 897 Franko 1401.27917
0 133 24.73 24.98 9.40271 2021-06-21 12:52:42.959975 38 898 Franko 1410.68188
0 83 20.46 24.44 0.644989 2021-06-21 12:52:43.604964 38 899 Franko 1411.326869
0 67 18.51 24.44 2.891557 2021-06-21 12:52:46.496521 38 900 Franko 1414.218426
0 76 19.69 24.44 4.569514 2021-06-21 12:52:51.066035 38 901 Franko 1418.78794
0 51 15.86 24.44 0.844684 2021-06-21 12:52:51.910719 38 902 Franko 1419.632624
0 135 24.92 24.66 0.765403 2021-06-21 12:52:52.676122 38 903 Franko 1420.398027
0 51 15.86 24.44 2.338037 2021-06-21 12:52:55.014159 38 904 Franko 1422.736064
0 184 31.36 24.44 1.350372 2021-06-21 12:52:56.364531 38 905 Franko 1424.086436
0 92 21.32 24.44 0.033994 2021-06-21 12:52:56.398525 38 906 Franko 1424.12043
