# layer adc volt temp timediff time detector_muon_count detector_count detector_name
0 81 20.25 25.09 1.249154 2021-06-21 13:01:28.722382 56 1237 Franko 1936.444287
0 344 64.67 25.52 2.441585 2021-06-21 13:01:31.163967 56 1238 Franko 1938.885872
0 63 17.91 25.09 0.033914 2021-06-21 13:01:31.197881 56 1239 Franko 1938.919786
0 319 57.64 25.09 1.373636 2021-06-21 13:01:32.571517 56 1240 Franko 1940.293422
0 56 16.76 25.20 1.759979 2021-06-21 13:01:34.331496 56 1241 Franko 1942.053401
0 143 25.74 24.87 3.689758 2021-06-21 13:01:38.021254 56 1242 Franko 1945.743159
0 241 41.39 25.30 2.300266 2021-06-21 13:01:40.321520 56 1243 Franko 1948.043425
0 483 132.60 24.66 0.724304 2021-06-21 13:01:41.045824 56 1244 Franko 1948.767729
0 76 19.69 24.98 0.279478 2021-06-21 13:01:41.325302 56 1245 Franko 1949.047207
0 60 17.43 24.87 2.098361 2021-06-21 13:01:43.423663 56 1246 Franko 1951.145568
0 179 30.55 24.87 0.202893 2021-06-21 13:01:43.626556 56 1247 Franko 1951.348461
0 62 17.75 24.87 2.031941 2021-06-21 13:01:45.658497 56 1248 Franko 1953.380402
0 88 20.96 24.66 3.656322 2021-06-21 13:01:49.314819 56 1249 Franko 1957.036724
0 79 20.03 24.87 0.189627 2021-06-21 13:01:49.504446 56 1250 Franko 1957.226351
0 57 16.93 24.87 0.131015 2021-06-21 13:01:49.635461 56 1251 Franko 1957.357366
0 172 29.49 24.87 2.80154 2021-06-21 13:01:52.437001 56 1252 Franko 1960.158906
0 396 85.28 24.66 0.26479 2021-06-21 13:01:52.701791 56 1253 Franko 1960.423696
1 82 20.36 25.73 0.341934 2021-06-21 13:01:53.043725 3 4 Noor 1960.76563
0 231 39.55 25.09 0.018298 2021-06-21 13:01:53.062023 56 1254 Franko 1960.783928
0 103 22.23 25.41 1.063464 2021-06-21 13:01:54.125487 57 1255 Franko 1961.847392
1 352 66.89 25.84 0.342926 2021-06-21 13:01:54.468413 4 5 Noor 1962.190318
0 108 22.63 25.41 0.019276 2021-06-21 13:01:54.487689 57 1256 Franko 1962.209594
0 62 17.75 24.77 0.045084 2021-06-21 13:01:54.532773 58 1257 Franko 1962.254678
0 79 20.03 24.44 0.943284 2021-06-21 13:01:55.476057 58 1258 Franko 1963.197962
0 110 22.78 24.87 0.526295 2021-06-21 13:01:56.002352 58 1259 Franko 1963.724257
0 225 38.48 24.66 0.034111 2021-06-21 13:01:56.036463 58 1260 Franko 1963.758368
0 79 20.03 25.20 3.662399 2021-06-21 13:01:59.698862 58 1261 Franko 1967.420767
0 231 39.55 25.20 1.439523 2021-06-21 13:02:01.138385 58 1262 Franko 1968.86029
0 271 46.93 25.20 3.065258 2021-06-21 13:02:04.203643 58 1263 Franko 1971.925548
0 135 24.92 24.66 1.133003 2021-06-21 13:02:05.336646 58 1264 Franko 1973.058551
0 156 27.28 24.66 0.87623 2021-06-21 13:02:06.212876 58 1265 Franko 1973.934781
0 108 22.63 24.87 0.856267 2021-06-21 13:02:07.069143 58 1266 Franko 1974.791048
0 316 56.81 25.20 0.324176 2021-06-21 13:02:07.393319 58 1267 Franko 1975.115224
0 159 27.66 24.87 1.624094 2021-06-21 13:02:09.017413 58 1268 Franko 1976.739318
0 89 21.05 25.09 0.466341 2021-06-21 13:02:09.483754 58 1269 Franko 1977.205659
0 102 22.15 25.09 2.837354 2021-06-21 13:02:12.321108 58 1270 Franko 1980.043013
0 422 97.97 24.87 0.934277 2021-06-21 13:02:13.255385 58 1271 Franko 1980.97729
0 70 18.93 25.20 0.824075 2021-06-21 13:02:14.079460 58 1272 Franko 1981.801365
0 195 33.17 24.98 1.880746 2021-06-21 13:02:15.960206 58 1273 Franko 1983.682111
0 88 20.96 24.77 3.335117 2021-06-21 13:02:19.295323 58 1274 Franko 1987.017228
0 51 15.86 25.20 2.881557 2021-06-21 13:02:22.176880 58 1275 Franko 1989.898785
0 184 31.36 25.20 4.411799 2021-06-21 13:02:26.588679 58 1276 Franko 1994.310584
0 60 17.43 25.20 0.076855 2021-06-21 13:02:26.665534 58 1277 Franko 1994.387439
0 67 18.51 25.52 0.456858 2021-06-21 13:02:27.122392 58 1278 Franko 1994.844297
0 165 28.48 25.30 0.034125 2021-06-21 13:02:27.156517 58 1279 Franko 1994.878422
0 77 19.81 25.30 1.133613 2021-06-21 13:02:28.290130 58 1280 Franko 1996.012035
0 51 15.86 25.20 0.11704 2021-06-21 13:02:28.407170 58 1281 Franko 1996.129075
0 79 20.03 25.09 1.716537 2021-06-21 13:02:30.123707 58 1282 Franko 1997.845612
0 63 17.91 25.20 1.072848 2021-06-21 13:02:31.196555 58 1283 Franko 1998.91846
0 112 22.94 25.20 5.121314 2021-06-21 13:02:36.317869 58 1284 Franko 2004.039774
