# layer adc volt temp timediff time detector_muon_count detector_count detector_name
0 121 23.66 24.44 0.453384 2021-06-21 13:14:00.163102 82 1702 Franko 2687.885007
0 88 20.96 24.44 0.390549 2021-06-21 13:14:00.553651 82 1703 Franko 2688.275556
0 71 19.06 24.66 0.398134 2021-06-21 13:14:00.951785 82 1704 Franko 2688.67369
0 492 134.92 24.44 2.659222 2021-06-21 13:14:03.611007 82 1705 Franko 2691.332912
0 211 35.96 24.66 0.033979 2021-06-21 13:14:03.644986 82 1706 Franko 2691.366891
0 248 42.69 24.66 0.12152 2021-06-21 13:14:03.766506 82 1707 Franko 2691.488411
0 78 19.92 24.77 1.01675 2021-06-21 13:14:04.783256 82 1708 Franko 2692.505161
0 184 31.36 24.44 1.04631 2021-06-21 13:14:05.829566 82 1709 Franko 2693.551471
0 51 15.86 24.66 1.315738 2021-06-21 13:14:07.145304 82 1710 Franko 2694.867209
0 63 17.91 24.66 1.816205 2021-06-21 13:14:08.961509 82 1711 Franko 2696.683414
0 265 45.75 24.44 0.066108 2021-06-21 13:14:09.027617 82 1712 Franko 2696.749522
0 57 16.93 24.66 0.189644 2021-06-21 13:14:09.217261 82 1713 Franko 2696.939166
0 244 41.94 24.44 0.534612 2021-06-21 13:14:09.751873 82 1714 Franko 2697.473778
0 79 20.03 25.20 0.793377 2021-06-21 13:14:10.545250 82 1715 Franko 2698.267155
0 57 16.93 24.87 0.336111 2021-06-21 13:14:10.881361 82 1716 Franko 2698.603266
0 67 18.51 24.66 0.061965 2021-06-21 13:14:10.943326 82 1717 Franko 2698.665231
0 89 21.05 24.44 0.880547 2021-06-21 13:14:11.823873 82 1718 Franko 2699.545778
0 57 16.93 24.66 0.684652 2021-06-21 13:14:12.508525 82 1719 Franko 2700.23043
0 85 20.67 24.87 0.312676 2021-06-21 13:14:12.821201 82 1720 Franko 2700.543106
0 127 24.18 24.87 0.282556 2021-06-21 13:14:13.103757 82 1721 Franko 2700.825662
0 102 22.15 24.44 0.571292 2021-06-21 13:14:13.675049 82 1722 Franko 2701.396954
0 135 24.92 24.66 1.132278 2021-06-21 13:14:14.807327 82 1723 Franko 2702.529232
0 199 33.86 24.44 0.387557 2021-06-21 13:14:15.194884 82 1724 Franko 2702.916789
0 48 15.29 24.44 0.73232 2021-06-21 13:14:15.927204 82 1725 Franko 2703.649109
0 92 21.32 24.44 0.033935 2021-06-21 13:14:15.961139 82 1726 Franko 2703.683044
0 252 43.42 24.66 1.119327 2021-06-21 13:14:17.080466 82 1727 Franko 2704.802371
0 49 15.48 24.44 2.43438 2021-06-21 13:14:19.514846 82 1728 Franko 2707.236751
0 124 23.92 24.44 0.40851 2021-06-21 13:14:19.923356 82 1729 Franko 2707.645261
2 231 39.55 26.05 0.185712 2021-06-21 13:14:20.109068 6 7 Cecile 2707.830973
0 220 37.58 24.66 1.9271 2021-06-21 13:14:22.036168 82 1730 Franko 2709.758073
0 89 21.05 24.44 0.709294 2021-06-21 13:14:22.745462 82 1731 Franko 2710.467367
0 173 29.64 24.44 0.402046 2021-06-21 13:14:23.147508 82 1732 Franko 2710.869413
0 88 20.96 24.44 1.451454 2021-06-21 13:14:24.598962 82 1733 Franko 2712.320867
0 108 22.63 24.44 0.107697 2021-06-21 13:14:24.706659 82 1734 Franko 2712.428564
0 121 23.66 24.44 3.220261 2021-06-21 13:14:27.926920 82 1735 Franko 2715.648825
0 224 38.29 24.66 8.611742 2021-06-21 13:14:36.538662 82 1736 Franko 2724.260567
0 56 16.76 24.44 3.260562 2021-06-21 13:14:39.799224 82 1737 Franko 2727.521129
0 230 39.39 24.44 0.94728 2021-06-21 13:14:40.746504 82 1738 Franko 2728.468409
0 120 23.58 24.44 0.349252 2021-06-21 13:14:41.095756 82 1739 Franko 2728.817661
0 135 24.92 24.66 2.61287 2021-06-21 13:14:43.708626 82 1740 Franko 2731.430531
0 217 37.04 24.66 0.072481 2021-06-21 13:14:43.781107 82 1741 Franko 2731.503012
0 120 23.58 24.66 0.382042 2021-06-21 13:14:44.163149 82 1742 Franko 2731.885054
0 67 18.51 24.44 2.038749 2021-06-21 13:14:46.201898 82 1743 Franko 2733.923803
0 53 16.22 24.44 0.735013 2021-06-21 13:14:46.936911 82 1744 Franko 2734.658816
1 88 20.96 24.44 0.148518 2021-06-21 13:14:47.085429 14 15 Niels 2734.807334
0 224 38.29 24.66 0.020295 2021-06-21 13:14:47.105724 82 1745 Franko 2734.827629
0 73 19.32 24.66 0.046727 2021-06-21 13:14:47.152451 83 1746 Franko 2734.874356
0 390 82.70 24.44 1.710297 2021-06-21 13:14:48.862748 83 1747 Franko 2736.584653
0 263 45.37 24.44 0.153887 2021-06-21 13:14:49.016635 83 1748 Franko 2736.73854
0 89 21.05 24.87 1.72208 2021-06-21 13:14:50.738715 83 1749 Franko 2738.46062
