# layer adc volt temp timediff time detector_muon_count detector_count detector_name
0 403 88.99 24.44 2.478139 2021-06-21 13:09:29.275576 75 1513 Franko 2416.997481
0 135 24.92 24.44 1.037906 2021-06-21 13:09:30.313482 75 1514 Franko 2418.035387
0 67 18.51 24.66 2.034512 2021-06-21 13:09:32.347994 75 1515 Franko 2420.069899
0 704 326.52 24.66 0.409481 2021-06-21 13:09:32.757475 75 1516 Franko 2420.47938
0 51 15.86 24.87 0.422961 2021-06-21 13:09:33.180436 75 1517 Franko 2420.902341
0 127 24.18 25.09 1.097661 2021-06-21 13:09:34.278097 75 1518 Franko 2422.000002
1 227 38.83 26.05 0.023412 2021-06-21 13:09:34.301509 5 6 Noor 2422.023414
2 57 16.93 24.44 1.138933 2021-06-21 13:09:35.440442 13 14 MattiaCosmicWatch 2423.162347
0 313 56.02 24.98 0.033062 2021-06-21 13:09:35.473504 76 1519 Franko 2423.195409
1 51 15.86 25.41 0.00085 2021-06-21 13:09:35.474354 26 27 M 2423.196259
0 56 16.76 24.66 0.535232 2021-06-21 13:09:36.009586 77 1520 Franko 2423.731491
0 225 38.48 24.87 3.113619 2021-06-21 13:09:39.123205 77 1521 Franko 2426.84511
0 88 20.96 24.44 1.221252 2021-06-21 13:09:40.344457 77 1522 Franko 2428.066362
0 332 61.17 24.66 0.7338 2021-06-21 13:09:41.078257 77 1523 Franko 2428.800162
0 63 17.91 24.77 2.990855 2021-06-21 13:09:44.069112 77 1524 Franko 2431.791017
0 71 19.06 24.66 7.888111 2021-06-21 13:09:51.957223 77 1525 Franko 2439.679128
0 121 23.66 24.44 0.271488 2021-06-21 13:09:52.228711 77 1526 Franko 2439.950616
0 73 19.32 24.66 0.80675 2021-06-21 13:09:53.035461 77 1527 Franko 2440.757366
0 231 39.55 24.44 0.369422 2021-06-21 13:09:53.404883 77 1528 Franko 2441.126788
0 63 17.91 24.87 0.341425 2021-06-21 13:09:53.746308 77 1529 Franko 2441.468213
0 178 30.40 24.44 1.17251 2021-06-21 13:09:54.918818 77 1530 Franko 2442.640723
0 243 41.74 24.66 1.190366 2021-06-21 13:09:56.109184 77 1531 Franko 2443.831089
0 135 24.92 24.44 0.26805 2021-06-21 13:09:56.377234 77 1532 Franko 2444.099139
0 511 149.39 24.44 0.69138 2021-06-21 13:09:57.068614 77 1533 Franko 2444.790519
0 167 28.76 24.66 2.906106 2021-06-21 13:09:59.974720 77 1534 Franko 2447.696625
0 67 18.51 24.44 1.319451 2021-06-21 13:10:01.294171 77 1535 Franko 2449.016076
0 79 20.03 24.66 0.523509 2021-06-21 13:10:01.817680 77 1536 Franko 2449.539585
0 109 22.70 24.87 1.98943 2021-06-21 13:10:03.807110 77 1537 Franko 2451.529015
2 97 21.75 24.44 0.090923 2021-06-21 13:10:03.898033 14 15 MattiaCosmicWatch 2451.619938
0 120 23.58 24.44 0.032963 2021-06-21 13:10:03.930996 77 1538 Franko 2451.652901
0 51 15.86 24.66 1.707326 2021-06-21 13:10:05.638322 78 1539 Franko 2453.360227
0 319 57.64 24.66 3.152839 2021-06-21 13:10:08.791161 78 1540 Franko 2456.513066
0 126 24.09 24.44 0.402269 2021-06-21 13:10:09.193430 78 1541 Franko 2456.915335
0 211 35.96 24.77 0.860686 2021-06-21 13:10:10.054116 78 1542 Franko 2457.776021
0 568 189.84 24.44 0.945049 2021-06-21 13:10:10.999165 78 1543 Franko 2458.72107
0 271 46.93 24.87 0.837411 2021-06-21 13:10:11.836576 78 1544 Franko 2459.558481
0 103 22.23 24.66 0.115829 2021-06-21 13:10:11.952405 78 1545 Franko 2459.67431
0 53 16.22 24.87 4.405702 2021-06-21 13:10:16.358107 78 1546 Franko 2464.080012
0 131 24.54 24.66 2.339628 2021-06-21 13:10:18.697735 78 1547 Franko 2466.41964
0 83 20.46 25.09 1.141751 2021-06-21 13:10:19.839486 78 1548 Franko 2467.561391
0 93 21.41 24.87 0.792112 2021-06-21 13:10:20.631598 78 1549 Franko 2468.353503
0 83 20.46 24.87 0.221578 2021-06-21 13:10:20.853176 78 1550 Franko 2468.575081
0 79 20.03 24.44 0.281695 2021-06-21 13:10:21.134871 78 1551 Franko 2468.856776
0 96 21.67 24.98 0.612327 2021-06-21 13:10:21.747198 78 1552 Franko 2469.469103
0 70 18.93 24.66 4.339202 2021-06-21 13:10:26.086400 78 1553 Franko 2473.808305
0 131 24.54 24.66 1.159452 2021-06-21 13:10:27.245852 78 1554 Franko 2474.967757
0 255 43.96 24.44 0.034089 2021-06-21 13:10:27.279941 78 1555 Franko 2475.001846
0 78 19.92 24.66 2.540513 2021-06-21 13:10:29.820454 78 1556 Franko 2477.542359
0 63 17.91 24.44 0.914998 2021-06-21 13:10:30.735452 78 1557 Franko 2478.457357
0 135 24.92 24.44 0.897335 2021-06-21 13:10:31.632787 78 1558 Franko 2479.354692
