# layer adc volt temp timediff time detector_muon_count detector_count detector_name
0 83 20.46 24.44 0.191993 2021-06-21 13:26:04.274063 96 2181 Franko 3411.995968
0 173 29.64 24.44 0.190512 2021-06-21 13:26:04.464575 96 2182 Franko 3412.18648
0 167 28.76 24.44 4.186348 2021-06-21 13:26:08.650923 96 2183 Franko 3416.372828
1 56 16.76 24.44 0.023396 2021-06-21 13:26:08.674319 17 18 Niels 3416.396224
0 639 249.88 24.44 0.933779 2021-06-21 13:26:09.608098 97 2184 Franko 3417.330003
0 145 25.96 24.44 3.613772 2021-06-21 13:26:13.221870 97 2185 Franko 3420.943775
0 312 55.68 24.44 1.804632 2021-06-21 13:26:15.026502 97 2186 Franko 3422.748407
0 159 27.66 24.44 2.108199 2021-06-21 13:26:17.134701 97 2187 Franko 3424.856606
0 224 38.29 24.44 0.238772 2021-06-21 13:26:17.373473 97 2188 Franko 3425.095378
0 369 73.42 24.44 0.37781 2021-06-21 13:26:17.751283 97 2189 Franko 3425.473188
0 62 17.75 24.44 1.819253 2021-06-21 13:26:19.570536 97 2190 Franko 3427.292441
0 199 33.86 24.44 0.033922 2021-06-21 13:26:19.604458 97 2191 Franko 3427.326363
0 92 21.32 24.44 1.578772 2021-06-21 13:26:21.183230 97 2192 Franko 3428.905135
0 120 23.58 24.44 0.770422 2021-06-21 13:26:21.953652 97 2193 Franko 3429.675557
0 332 61.17 24.44 3.380216 2021-06-21 13:26:25.333868 97 2194 Franko 3433.055773
0 195 33.17 24.44 0.247028 2021-06-21 13:26:25.580896 97 2195 Franko 3433.302801
0 167 28.76 24.44 4.581641 2021-06-21 13:26:30.162537 97 2196 Franko 3437.884442
0 159 27.66 24.44 3.882395 2021-06-21 13:26:34.044932 97 2197 Franko 3441.766837
0 157 27.40 24.44 1.648691 2021-06-21 13:26:35.693623 97 2198 Franko 3443.415528
0 108 22.63 24.44 2.329779 2021-06-21 13:26:38.023402 97 2199 Franko 3445.745307
0 115 23.18 24.44 0.660298 2021-06-21 13:26:38.683700 97 2200 Franko 3446.405605
0 56 16.76 24.44 2.376322 2021-06-21 13:26:41.060022 97 2201 Franko 3448.781927
0 124 23.92 24.44 0.35089 2021-06-21 13:26:41.410912 97 2202 Franko 3449.132817
0 81 20.25 24.44 0.678842 2021-06-21 13:26:42.089754 97 2203 Franko 3449.811659
0 505 145.23 24.44 3.271419 2021-06-21 13:26:45.361173 97 2204 Franko 3453.083078
0 284 49.41 24.44 0.683152 2021-06-21 13:26:46.044325 97 2205 Franko 3453.76623
0 124 23.92 24.44 2.219429 2021-06-21 13:26:48.263754 97 2206 Franko 3455.985659
0 207 35.26 24.44 1.78759 2021-06-21 13:26:50.051344 97 2207 Franko 3457.773249
0 103 22.23 24.44 1.080293 2021-06-21 13:26:51.131637 97 2208 Franko 3458.853542
0 188 32.01 24.44 1.005813 2021-06-21 13:26:52.137450 97 2209 Franko 3459.859355
0 403 88.99 24.44 0.084318 2021-06-21 13:26:52.221768 97 2210 Franko 3459.943673
0 263 45.37 24.44 0.472259 2021-06-21 13:26:52.694027 97 2211 Franko 3460.415932
0 192 32.67 24.44 1.344925 2021-06-21 13:26:54.038952 97 2212 Franko 3461.760857
0 121 23.66 24.44 0.625789 2021-06-21 13:26:54.664741 97 2213 Franko 3462.386646
0 88 20.96 24.44 2.292981 2021-06-21 13:26:56.957722 97 2214 Franko 3464.679627
0 79 20.03 24.44 2.166664 2021-06-21 13:26:59.124386 97 2215 Franko 3466.846291
0 254 43.77 24.44 1.020634 2021-06-21 13:27:00.145020 97 2216 Franko 3467.866925
0 199 33.86 24.44 0.204368 2021-06-21 13:27:00.349388 97 2217 Franko 3468.071293
1 62 17.75 24.44 0.343474 2021-06-21 13:27:00.692862 18 19 Niels 3468.414767
0 455 117.03 24.66 0.021373 2021-06-21 13:27:00.714235 97 2218 Franko 3468.43614
0 207 35.26 24.44 0.542088 2021-06-21 13:27:01.256323 98 2219 Franko 3468.978228
0 364 71.71 24.44 0.877867 2021-06-21 13:27:02.134190 98 2220 Franko 3469.856095
0 176 30.09 24.44 0.499107 2021-06-21 13:27:02.633297 98 2221 Franko 3470.355202
0 51 15.86 24.44 2.392449 2021-06-21 13:27:05.025746 98 2222 Franko 3472.747651
0 120 23.58 24.44 0.033917 2021-06-21 13:27:05.059663 98 2223 Franko 3472.781568
0 71 19.06 24.44 0.548902 2021-06-21 13:27:05.608565 98 2224 Franko 3473.33047
0 113 23.02 24.44 4.327896 2021-06-21 13:27:09.936461 98 2225 Franko 3477.658366
0 73 19.32 24.44 1.533572 2021-06-21 13:27:11.470033 98 2226 Franko 3479.191938
0 48 15.29 24.44 3.540622 2021-06-21 13:27:15.010655 98 2227 Franko 3482.73256
0 134 24.82 24.44 2.155533 2021-06-21 13:27:17.166188 98 2228 Franko 3484.888093
