# layer adc volt temp timediff time detector_muon_count detector_count detector_name
0 71 19.06 24.98 1.307575 2021-06-21 13:00:17.598147 53 1190 Franko 1865.320052
0 152 26.78 24.87 3.714365 2021-06-21 13:00:21.312512 53 1191 Franko 1869.034417
0 115 23.18 24.87 2.828589 2021-06-21 13:00:24.141101 53 1192 Franko 1871.863006
0 248 42.69 25.20 1.296292 2021-06-21 13:00:25.437393 53 1193 Franko 1873.159298
0 259 44.69 25.41 0.936349 2021-06-21 13:00:26.373742 53 1194 Franko 1874.095647
1 57 16.93 24.44 0.023195 2021-06-21 13:00:26.396937 15 16 M 1874.118842
0 135 24.92 25.52 0.319135 2021-06-21 13:00:26.716072 54 1195 Franko 1874.437977
0 92 21.32 25.20 0.522992 2021-06-21 13:00:27.239064 54 1196 Franko 1874.960969
0 188 32.01 25.30 0.470631 2021-06-21 13:00:27.709695 54 1197 Franko 1875.4316
0 49 15.48 25.09 1.338741 2021-06-21 13:00:29.048436 54 1198 Franko 1876.770341
0 121 23.66 25.20 2.746211 2021-06-21 13:00:31.794647 54 1199 Franko 1879.516552
0 71 19.06 25.30 0.972381 2021-06-21 13:00:32.767028 54 1200 Franko 1880.488933
0 51 15.86 25.20 1.038678 2021-06-21 13:00:33.805706 54 1201 Franko 1881.527611
0 49 15.48 25.52 0.688549 2021-06-21 13:00:34.494255 54 1202 Franko 1882.21616
0 423 97.36 25.09 1.046592 2021-06-21 13:00:35.540847 54 1203 Franko 1883.262752
0 550 172.20 24.87 1.603581 2021-06-21 13:00:37.144428 54 1204 Franko 1884.866333
0 210 35.78 25.30 1.146288 2021-06-21 13:00:38.290716 54 1205 Franko 1886.012621
0 51 15.86 25.30 6.154086 2021-06-21 13:00:44.444802 54 1206 Franko 1892.166707
0 117 23.34 25.63 0.732604 2021-06-21 13:00:45.177406 54 1207 Franko 1892.899311
0 115 23.18 25.20 0.346507 2021-06-21 13:00:45.523913 54 1208 Franko 1893.245818
0 176 30.09 25.41 2.107734 2021-06-21 13:00:47.631647 54 1209 Franko 1895.353552
0 211 35.96 25.30 2.488125 2021-06-21 13:00:50.119772 54 1210 Franko 1897.841677
0 231 39.55 25.41 1.345751 2021-06-21 13:00:51.465523 54 1211 Franko 1899.187428
0 88 20.96 25.30 2.602591 2021-06-21 13:00:54.068114 54 1212 Franko 1901.790019
0 79 20.03 25.73 0.302936 2021-06-21 13:00:54.371050 54 1213 Franko 1902.092955
0 96 21.67 25.20 0.057858 2021-06-21 13:00:54.428908 54 1214 Franko 1902.150813
0 216 36.85 25.20 1.350404 2021-06-21 13:00:55.779312 54 1215 Franko 1903.501217
0 295 51.75 25.30 0.817689 2021-06-21 13:00:56.597001 54 1216 Franko 1904.318906
0 728 431.28 24.87 0.630676 2021-06-21 13:00:57.227677 54 1217 Franko 1904.949582
0 229 39.22 25.20 0.567605 2021-06-21 13:00:57.795282 54 1218 Franko 1905.517187
0 83 20.46 25.30 0.448943 2021-06-21 13:00:58.244225 54 1219 Franko 1905.96613
0 220 37.58 25.20 1.495476 2021-06-21 13:00:59.739701 54 1220 Franko 1907.461606
0 67 18.51 25.09 1.965427 2021-06-21 13:01:01.705128 54 1221 Franko 1909.427033
0 99 21.91 25.20 1.374882 2021-06-21 13:01:03.080010 54 1222 Franko 1910.801915
0 241 41.39 25.30 6.247929 2021-06-21 13:01:09.327939 54 1223 Franko 1917.049844
0 63 17.91 25.20 0.1148 2021-06-21 13:01:09.442739 54 1224 Franko 1917.164644
0 63 17.91 25.09 2.886723 2021-06-21 13:01:12.329462 54 1225 Franko 1920.051367
0 209 35.61 25.30 1.300964 2021-06-21 13:01:13.630426 54 1226 Franko 1921.352331
0 71 19.06 25.30 1.518284 2021-06-21 13:01:15.148710 54 1227 Franko 1922.870615
0 83 20.46 25.52 0.198159 2021-06-21 13:01:15.346869 54 1228 Franko 1923.068774
0 88 20.96 24.87 0.333011 2021-06-21 13:01:15.679880 54 1229 Franko 1923.401785
0 99 21.91 25.52 1.645306 2021-06-21 13:01:17.325186 54 1230 Franko 1925.047091
0 67 18.51 25.20 0.108829 2021-06-21 13:01:17.434015 54 1231 Franko 1925.15592
0 403 88.99 25.20 2.812187 2021-06-21 13:01:20.246202 54 1232 Franko 1927.968107
1 103 22.23 24.66 2.871891 2021-06-21 13:01:23.118093 16 17 M 1930.839998
0 147 26.19 25.20 0.017267 2021-06-21 13:01:23.135360 54 1233 Franko 1930.857265
0 108 22.63 25.20 0.106288 2021-06-21 13:01:23.241648 55 1234 Franko 1930.963553
1 131 24.54 25.73 0.023578 2021-06-21 13:01:23.265226 2 3 Noor 1930.987131
0 98 21.83 25.30 0.514608 2021-06-21 13:01:23.779834 56 1235 Franko 1931.501739
0 82 20.36 24.66 3.693394 2021-06-21 13:01:27.473228 56 1236 Franko 1935.195133
