# layer adc volt temp timediff time detector_muon_count detector_count detector_name
0 103 22.23 24.44 0.420084 2021-06-21 13:14:51.158799 83 1750 Franko 2738.880704
0 248 42.69 24.66 0.635027 2021-06-21 13:14:51.793826 83 1751 Franko 2739.515731
0 152 26.78 24.44 4.738886 2021-06-21 13:14:56.532712 83 1752 Franko 2744.254617
0 359 69.86 24.44 2.388808 2021-06-21 13:14:58.921520 83 1753 Franko 2746.643425
0 195 33.17 24.66 1.201264 2021-06-21 13:15:00.122784 83 1754 Franko 2747.844689
0 318 57.28 24.44 1.007779 2021-06-21 13:15:01.130563 83 1755 Franko 2748.852468
0 147 26.19 24.66 0.796727 2021-06-21 13:15:01.927290 83 1756 Franko 2749.649195
0 236 40.44 24.66 5.03171 2021-06-21 13:15:06.959000 83 1757 Franko 2754.680905
0 145 25.96 24.44 1.044998 2021-06-21 13:15:08.003998 83 1758 Franko 2755.725903
0 96 21.67 24.44 2.433717 2021-06-21 13:15:10.437715 83 1759 Franko 2758.15962
0 83 20.46 24.77 0.289225 2021-06-21 13:15:10.726940 83 1760 Franko 2758.448845
0 97 21.75 24.44 0.97514 2021-06-21 13:15:11.702080 83 1761 Franko 2759.423985
0 652 262.10 24.44 3.141959 2021-06-21 13:15:14.844039 83 1762 Franko 2762.565944
0 99 21.91 24.44 1.66766 2021-06-21 13:15:16.511699 83 1763 Franko 2764.233604
0 216 36.85 24.66 6.606633 2021-06-21 13:15:23.118332 83 1764 Franko 2770.840237
0 224 38.29 24.44 0.644468 2021-06-21 13:15:23.762800 83 1765 Franko 2771.484705
0 387 81.05 24.44 0.334149 2021-06-21 13:15:24.096949 83 1766 Franko 2771.818854
0 61 17.60 24.44 1.35871 2021-06-21 13:15:25.455659 83 1767 Franko 2773.177564
0 108 22.63 24.44 0.990227 2021-06-21 13:15:26.445886 83 1768 Franko 2774.167791
0 108 22.63 24.44 1.392752 2021-06-21 13:15:27.838638 83 1769 Franko 2775.560543
0 112 22.94 24.44 3.229423 2021-06-21 13:15:31.068061 83 1770 Franko 2778.789966
0 252 43.42 24.66 1.573971 2021-06-21 13:15:32.642032 83 1771 Franko 2780.363937
0 207 35.26 24.44 2.484664 2021-06-21 13:15:35.126696 83 1772 Franko 2782.848601
0 61 17.60 24.44 0.82965 2021-06-21 13:15:35.956346 83 1773 Franko 2783.678251
0 60 17.43 24.44 1.452885 2021-06-21 13:15:37.409231 83 1774 Franko 2785.131136
0 71 19.06 24.44 0.075335 2021-06-21 13:15:37.484566 83 1775 Franko 2785.206471
0 287 50.23 24.44 0.348867 2021-06-21 13:15:37.833433 83 1776 Franko 2785.555338
0 88 20.96 24.44 0.222968 2021-06-21 13:15:38.056401 83 1777 Franko 2785.778306
0 473 126.29 24.44 1.970908 2021-06-21 13:15:40.027309 83 1778 Franko 2787.749214
0 158 27.53 24.44 2.806313 2021-06-21 13:15:42.833622 83 1779 Franko 2790.555527
0 591 188.65 24.66 0.228911 2021-06-21 13:15:43.062533 83 1780 Franko 2790.784438
1 60 17.43 26.05 0.024497 2021-06-21 13:15:43.087030 6 7 Noor 2790.808935
0 103 22.23 24.44 0.942449 2021-06-21 13:15:44.029479 84 1781 Franko 2791.751384
0 255 43.96 24.44 1.076177 2021-06-21 13:15:45.105656 84 1782 Franko 2792.827561
0 172 29.49 24.44 3.31082 2021-06-21 13:15:48.416476 84 1783 Franko 2796.138381
0 67 18.51 24.44 0.112912 2021-06-21 13:15:48.529388 84 1784 Franko 2796.251293
0 156 27.28 24.44 0.258758 2021-06-21 13:15:48.788146 84 1785 Franko 2796.510051
0 109 22.70 24.44 0.726996 2021-06-21 13:15:49.515142 84 1786 Franko 2797.237047
0 49 15.48 24.44 0.263025 2021-06-21 13:15:49.778167 84 1787 Franko 2797.500072
0 51 15.86 24.44 1.71625 2021-06-21 13:15:51.494417 84 1788 Franko 2799.216322
0 199 33.86 24.44 0.47455 2021-06-21 13:15:51.968967 84 1789 Franko 2799.690872
0 63 17.91 24.44 1.190048 2021-06-21 13:15:53.159015 84 1790 Franko 2800.88092
0 287 50.23 24.66 1.274062 2021-06-21 13:15:54.433077 84 1791 Franko 2802.154982
0 63 17.91 24.66 0.331709 2021-06-21 13:15:54.764786 84 1792 Franko 2802.486691
0 193 32.84 24.44 3.813864 2021-06-21 13:15:58.578650 84 1793 Franko 2806.300555
0 167 28.76 24.44 2.938604 2021-06-21 13:16:01.517254 84 1794 Franko 2809.239159
0 96 21.67 24.66 9.031947 2021-06-21 13:16:10.549201 84 1795 Franko 2818.271106
0 62 17.75 24.44 3.136376 2021-06-21 13:16:13.685577 84 1796 Franko 2821.407482
0 88 20.96 25.20 1.39709 2021-06-21 13:16:15.082667 84 1797 Franko 2822.804572
0 112 22.94 24.66 0.692665 2021-06-21 13:16:15.775332 84 1798 Franko 2823.497237
