# layer adc volt temp timediff time detector_muon_count detector_count detector_name
0 193 32.84 25.20 1.368625 2021-06-21 13:29:45.550037 103 2323 Franko 3633.271942
0 131 24.54 25.20 1.407262 2021-06-21 13:29:46.957299 103 2324 Franko 3634.679204
0 159 27.66 25.09 0.100022 2021-06-21 13:29:47.057321 103 2325 Franko 3634.779226
1 89 21.05 24.44 0.023468 2021-06-21 13:29:47.080789 39 40 M 3634.802694
0 216 36.85 25.20 2.308851 2021-06-21 13:29:49.389640 104 2326 Franko 3637.111545
0 167 28.76 25.20 5.787386 2021-06-21 13:29:55.177026 104 2327 Franko 3642.898931
0 179 30.55 25.30 0.135466 2021-06-21 13:29:55.312492 104 2328 Franko 3643.034397
0 70 18.93 25.20 0.26568 2021-06-21 13:29:55.578172 104 2329 Franko 3643.300077
0 51 15.86 25.30 0.453339 2021-06-21 13:29:56.031511 104 2330 Franko 3643.753416
0 65 18.22 24.87 1.182354 2021-06-21 13:29:57.213865 104 2331 Franko 3644.93577
0 51 15.86 25.09 1.285247 2021-06-21 13:29:58.499112 104 2332 Franko 3646.221017
0 131 24.54 24.87 3.09421 2021-06-21 13:30:01.593322 104 2333 Franko 3649.315227
0 167 28.76 25.09 0.319703 2021-06-21 13:30:01.913025 104 2334 Franko 3649.63493
0 67 18.51 25.20 2.956987 2021-06-21 13:30:04.870012 104 2335 Franko 3652.591917
0 67 18.51 25.30 0.363485 2021-06-21 13:30:05.233497 104 2336 Franko 3652.955402
0 97 21.75 24.87 1.151894 2021-06-21 13:30:06.385391 104 2337 Franko 3654.107296
0 216 36.85 25.09 3.096313 2021-06-21 13:30:09.481704 104 2338 Franko 3657.203609
0 135 24.92 25.20 4.571323 2021-06-21 13:30:14.053027 104 2339 Franko 3661.774932
0 115 23.18 25.20 0.534283 2021-06-21 13:30:14.587310 104 2340 Franko 3662.309215
0 103 22.23 25.52 1.580643 2021-06-21 13:30:16.167953 104 2341 Franko 3663.889858
0 179 30.55 25.30 0.376924 2021-06-21 13:30:16.544877 104 2342 Franko 3664.266782
0 79 20.03 25.30 0.034067 2021-06-21 13:30:16.578944 104 2343 Franko 3664.300849
0 57 16.93 25.30 0.30745 2021-06-21 13:30:16.886394 104 2344 Franko 3664.608299
0 489 138.11 24.66 0.436655 2021-06-21 13:30:17.323049 104 2345 Franko 3665.044954
0 71 19.06 25.30 0.517144 2021-06-21 13:30:17.840193 104 2346 Franko 3665.562098
0 94 21.50 25.30 1.721903 2021-06-21 13:30:19.562096 104 2347 Franko 3667.284001
0 135 24.92 25.09 1.51401 2021-06-21 13:30:21.076106 104 2348 Franko 3668.798011
0 108 22.63 25.20 1.122209 2021-06-21 13:30:22.198315 104 2349 Franko 3669.92022
0 225 38.48 25.30 3.871847 2021-06-21 13:30:26.070162 104 2350 Franko 3673.792067
0 152 26.78 25.30 2.973279 2021-06-21 13:30:29.043441 104 2351 Franko 3676.765346
0 57 16.93 25.20 4.380016 2021-06-21 13:30:33.423457 104 2352 Franko 3681.145362
0 51 15.86 25.30 0.746392 2021-06-21 13:30:34.169849 104 2353 Franko 3681.891754
0 108 22.63 25.30 2.962059 2021-06-21 13:30:37.131908 104 2354 Franko 3684.853813
0 51 15.86 25.20 1.890213 2021-06-21 13:30:39.022121 104 2355 Franko 3686.744026
0 198 33.69 25.09 1.801244 2021-06-21 13:30:40.823365 104 2356 Franko 3688.54527
0 213 36.33 24.98 0.228261 2021-06-21 13:30:41.051626 104 2357 Franko 3688.773531
0 89 21.05 25.20 0.062247 2021-06-21 13:30:41.113873 104 2358 Franko 3688.835778
0 127 24.18 24.87 1.449557 2021-06-21 13:30:42.563430 104 2359 Franko 3690.285335
0 66 18.36 25.52 0.230485 2021-06-21 13:30:42.793915 104 2360 Franko 3690.51582
0 162 28.06 25.30 1.705679 2021-06-21 13:30:44.499594 104 2361 Franko 3692.221499
0 409 91.12 25.09 0.568215 2021-06-21 13:30:45.067809 104 2362 Franko 3692.789714
0 56 16.76 25.41 3.410017 2021-06-21 13:30:48.477826 104 2363 Franko 3696.199731
0 96 21.67 25.20 0.784748 2021-06-21 13:30:49.262574 104 2364 Franko 3696.984479
0 140 25.42 25.30 0.276397 2021-06-21 13:30:49.538971 104 2365 Franko 3697.260876
0 83 20.46 25.41 1.815779 2021-06-21 13:30:51.354750 104 2366 Franko 3699.076655
0 66 18.36 25.30 1.920331 2021-06-21 13:30:53.275081 104 2367 Franko 3700.996986
0 478 129.43 24.66 1.058377 2021-06-21 13:30:54.333458 104 2368 Franko 3702.055363
0 60 17.43 25.41 3.837665 2021-06-21 13:30:58.171123 104 2369 Franko 3705.893028
0 108 22.63 25.30 3.172269 2021-06-21 13:31:01.343392 104 2370 Franko 3709.065297
0 159 27.66 25.09 0.655597 2021-06-21 13:31:01.998989 104 2371 Franko 3709.720894
