# layer adc volt temp timediff time detector_muon_count detector_count detector_name
0 312 55.68 24.44 3.080189 2021-06-21 12:35:46.596480 13 237 Franko 394.318385
0 159 27.66 24.66 4.036082 2021-06-21 12:35:50.632562 13 238 Franko 398.354467
2 152 26.78 24.34 2.643721 2021-06-21 12:35:53.276283 4 5 MattiaCosmicWatch 400.998188
0 229 39.22 24.44 0.030802 2021-06-21 12:35:53.307085 13 239 Franko 401.02899
0 134 24.82 24.44 1.173678 2021-06-21 12:35:54.480763 14 240 Franko 402.202668
0 217 37.04 24.44 0.889334 2021-06-21 12:35:55.370097 14 241 Franko 403.092002
0 120 23.58 24.44 1.790115 2021-06-21 12:35:57.160212 14 242 Franko 404.882117
0 156 27.28 24.44 5.539939 2021-06-21 12:36:02.700151 14 243 Franko 410.422056
1 66 18.36 24.44 0.020217 2021-06-21 12:36:02.720368 2 3 M 410.442273
2 154 27.02 24.34 0.787269 2021-06-21 12:36:03.507637 5 6 MattiaCosmicWatch 411.229542
0 167 28.76 24.44 0.03099 2021-06-21 12:36:03.538627 15 244 Franko 411.260532
0 124 23.92 24.44 1.246764 2021-06-21 12:36:04.785391 16 245 Franko 412.507296
2 263 45.37 26.05 0.020263 2021-06-21 12:36:04.805654 1 2 Cecile 412.527559
0 112 22.94 24.44 2.736656 2021-06-21 12:36:07.542310 17 246 Franko 415.264215
0 62 17.75 24.44 2.657926 2021-06-21 12:36:10.200236 17 247 Franko 417.922141
0 103 22.23 24.44 1.499071 2021-06-21 12:36:11.699307 17 248 Franko 419.421212
0 56 16.76 24.44 0.604586 2021-06-21 12:36:12.303893 17 249 Franko 420.025798
0 63 17.91 24.44 0.912627 2021-06-21 12:36:13.216520 17 250 Franko 420.938425
0 71 19.06 24.98 0.137292 2021-06-21 12:36:13.353812 17 251 Franko 421.075717
0 124 23.92 24.44 2.129369 2021-06-21 12:36:15.483181 17 252 Franko 423.205086
0 177 30.25 24.66 0.991199 2021-06-21 12:36:16.474380 17 253 Franko 424.196285
0 147 26.19 24.44 0.991766 2021-06-21 12:36:17.466146 17 254 Franko 425.188051
0 60 17.43 24.44 3.219284 2021-06-21 12:36:20.685430 17 255 Franko 428.407335
0 242 41.58 24.44 0.409947 2021-06-21 12:36:21.095377 17 256 Franko 428.817282
0 63 17.91 24.44 0.656406 2021-06-21 12:36:21.751783 17 257 Franko 429.473688
0 481 129.57 24.44 2.7806 2021-06-21 12:36:24.532383 17 258 Franko 432.254288
0 77 19.81 24.44 1.01328 2021-06-21 12:36:25.545663 17 259 Franko 433.267568
0 121 23.66 24.44 1.292384 2021-06-21 12:36:26.838047 17 260 Franko 434.559952
0 51 15.86 24.44 1.946158 2021-06-21 12:36:28.784205 17 261 Franko 436.50611
0 172 29.49 24.44 0.35711 2021-06-21 12:36:29.141315 17 262 Franko 436.86322
0 149 26.42 24.44 1.294452 2021-06-21 12:36:30.435767 17 263 Franko 438.157672
0 76 19.69 24.44 0.066515 2021-06-21 12:36:30.502282 17 264 Franko 438.224187
0 56 16.76 24.44 3.0928 2021-06-21 12:36:33.595082 17 265 Franko 441.316987
0 162 28.06 24.44 0.20627 2021-06-21 12:36:33.801352 17 266 Franko 441.523257
0 138 25.22 24.44 2.542429 2021-06-21 12:36:36.343781 17 267 Franko 444.065686
0 51 15.86 24.44 0.738652 2021-06-21 12:36:37.082433 17 268 Franko 444.804338
0 51 15.86 24.44 5.727819 2021-06-21 12:36:42.810252 17 269 Franko 450.532157
0 199 33.86 24.44 18.853294 2021-06-21 12:37:01.663546 17 270 Franko 469.385451
0 188 32.01 24.44 0.405426 2021-06-21 12:37:02.068972 17 271 Franko 469.790877
0 103 22.23 24.44 2.474575 2021-06-21 12:37:04.543547 17 272 Franko 472.265452
0 156 27.28 24.44 7.360291 2021-06-21 12:37:11.903838 17 273 Franko 479.625743
0 115 23.18 24.44 1.925043 2021-06-21 12:37:13.828881 17 274 Franko 481.550786
0 71 19.06 24.44 3.550908 2021-06-21 12:37:17.379789 17 275 Franko 485.101694
0 83 20.46 24.44 6.140888 2021-06-21 12:37:23.520677 17 276 Franko 491.242582
0 51 15.86 24.44 0.381754 2021-06-21 12:37:23.902431 17 277 Franko 491.624336
0 140 25.42 24.44 0.113574 2021-06-21 12:37:24.016005 17 278 Franko 491.73791
0 66 18.36 24.44 3.899108 2021-06-21 12:37:27.915113 17 279 Franko 495.637018
0 263 45.37 24.44 0.779769 2021-06-21 12:37:28.694882 17 280 Franko 496.416787
0 83 20.46 24.44 1.323865 2021-06-21 12:37:30.018747 17 281 Franko 497.740652
0 81 20.25 24.44 0.553576 2021-06-21 12:37:30.572323 17 282 Franko 498.294228
