# layer adc volt temp timediff time detector_muon_count detector_count detector_name
0 60 17.43 24.66 0.148593 2021-06-21 13:03:53.623818 61 1332 Franko 2081.345723
0 71 19.06 24.87 3.685832 2021-06-21 13:03:57.309650 61 1333 Franko 2085.031555
0 195 33.17 24.98 1.942214 2021-06-21 13:03:59.251864 61 1334 Franko 2086.973769
0 67 18.51 24.66 4.824324 2021-06-21 13:04:04.076188 61 1335 Franko 2091.798093
0 127 24.18 24.87 1.43207 2021-06-21 13:04:05.508258 61 1336 Franko 2093.230163
0 192 32.67 24.77 4.998768 2021-06-21 13:04:10.507026 61 1337 Franko 2098.228931
0 83 20.46 25.09 0.388129 2021-06-21 13:04:10.895155 61 1338 Franko 2098.61706
0 79 20.03 24.87 1.717508 2021-06-21 13:04:12.612663 61 1339 Franko 2100.334568
1 67 18.51 24.44 0.048546 2021-06-21 13:04:12.661209 12 13 Niels 2100.383114
0 57 16.93 25.20 0.469602 2021-06-21 13:04:13.130811 62 1340 Franko 2100.852716
0 120 23.58 24.87 0.878056 2021-06-21 13:04:14.008867 62 1341 Franko 2101.730772
0 147 26.19 24.98 0.124819 2021-06-21 13:04:14.133686 62 1342 Franko 2101.855591
0 131 24.54 24.87 1.403852 2021-06-21 13:04:15.537538 62 1343 Franko 2103.259443
0 56 16.76 24.66 0.442904 2021-06-21 13:04:15.980442 62 1344 Franko 2103.702347
0 124 23.92 24.66 0.970524 2021-06-21 13:04:16.950966 62 1345 Franko 2104.672871
0 170 29.19 25.20 1.708961 2021-06-21 13:04:18.659927 62 1346 Franko 2106.381832
0 124 23.92 24.66 0.228222 2021-06-21 13:04:18.888149 62 1347 Franko 2106.610054
0 192 32.67 24.44 0.512092 2021-06-21 13:04:19.400241 62 1348 Franko 2107.122146
0 15 10.10 24.66 0.472878 2021-06-21 13:04:19.873119 62 1349 Franko 2107.595024
0 96 21.67 24.66 0.790998 2021-06-21 13:04:20.664117 62 1350 Franko 2108.386022
2 51 15.86 5.43 1.366632 2021-06-21 13:04:22.030749 17 18 rens 2109.752654
0 67 18.51 24.66 0.018335 2021-06-21 13:04:22.049084 62 1351 Franko 2109.770989
0 96 21.67 24.66 1.117052 2021-06-21 13:04:23.166136 63 1352 Franko 2110.888041
0 120 23.58 24.44 1.169902 2021-06-21 13:04:24.336038 63 1353 Franko 2112.057943
0 201 34.22 24.66 2.029348 2021-06-21 13:04:26.365386 63 1354 Franko 2114.087291
0 96 21.67 24.66 0.142796 2021-06-21 13:04:26.508182 63 1355 Franko 2114.230087
0 88 20.96 24.44 1.080925 2021-06-21 13:04:27.589107 63 1356 Franko 2115.311012
0 103 22.23 24.87 2.724655 2021-06-21 13:04:30.313762 63 1357 Franko 2118.035667
0 287 50.23 24.66 1.869804 2021-06-21 13:04:32.183566 63 1358 Franko 2119.905471
0 120 23.58 24.66 0.034048 2021-06-21 13:04:32.217614 63 1359 Franko 2119.939519
1 96 21.67 24.66 1.392834 2021-06-21 13:04:33.610448 19 20 M 2121.332353
2 408 90.57 76.01 0.016167 2021-06-21 13:04:33.626615 18 19 rens 2121.34852
0 88 20.96 24.66 0.004245 2021-06-21 13:04:33.630860 63 1360 Franko 2121.352765
0 140 25.42 24.66 2.338631 2021-06-21 13:04:35.969491 64 1361 Franko 2123.691396
0 243 41.74 25.20 1.379713 2021-06-21 13:04:37.349204 64 1362 Franko 2125.071109
0 391 82.35 24.44 1.751656 2021-06-21 13:04:39.100860 64 1363 Franko 2126.822765
0 188 32.01 24.44 3.884386 2021-06-21 13:04:42.985246 64 1364 Franko 2130.707151
0 326 59.13 24.66 0.151383 2021-06-21 13:04:43.136629 64 1365 Franko 2130.858534
2 287 50.23 26.05 0.023561 2021-06-21 13:04:43.160190 3 4 Cecile 2130.882095
0 79 20.03 24.44 0.790961 2021-06-21 13:04:43.951151 65 1366 Franko 2131.673056
0 67 18.51 24.44 0.985363 2021-06-21 13:04:44.936514 65 1367 Franko 2132.658419
0 156 27.28 24.44 1.515094 2021-06-21 13:04:46.451608 65 1368 Franko 2134.173513
0 271 46.93 24.44 0.454509 2021-06-21 13:04:46.906117 65 1369 Franko 2134.628022
0 192 32.67 24.66 1.031092 2021-06-21 13:04:47.937209 65 1370 Franko 2135.659114
0 97 21.75 24.66 0.210494 2021-06-21 13:04:48.147703 65 1371 Franko 2135.869608
0 233 39.92 24.44 0.500548 2021-06-21 13:04:48.648251 65 1372 Franko 2136.370156
2 124 23.92 26.05 0.023428 2021-06-21 13:04:48.671679 4 5 Cecile 2136.393584
0 149 26.42 24.44 0.356242 2021-06-21 13:04:49.027921 66 1373 Franko 2136.749826
1 57 16.93 24.44 0.02353 2021-06-21 13:04:49.051451 20 21 M 2136.773356
0 70 18.93 24.66 0.233988 2021-06-21 13:04:49.285439 67 1374 Franko 2137.007344
