# layer adc volt temp timediff time detector_muon_count detector_count detector_name
0 81 20.25 24.66 1.695055 2021-06-21 13:24:03.338736 90 2090 Franko 3291.060641
0 99 21.91 24.44 0.199808 2021-06-21 13:24:03.538544 90 2091 Franko 3291.260449
0 79 20.03 24.44 4.084087 2021-06-21 13:24:07.622631 90 2092 Franko 3295.344536
0 93 21.41 24.44 0.729672 2021-06-21 13:24:08.352303 90 2093 Franko 3296.074208
0 204 34.73 24.66 4.25411 2021-06-21 13:24:12.606413 90 2094 Franko 3300.328318
0 92 21.32 24.44 0.149202 2021-06-21 13:24:12.755615 90 2095 Franko 3300.47752
0 66 18.36 24.44 0.668142 2021-06-21 13:24:13.423757 90 2096 Franko 3301.145662
0 120 23.58 24.44 3.064386 2021-06-21 13:24:16.488143 90 2097 Franko 3304.210048
0 88 20.96 24.44 0.323163 2021-06-21 13:24:16.811306 90 2098 Franko 3304.533211
0 287 50.23 24.44 0.772425 2021-06-21 13:24:17.583731 90 2099 Franko 3305.305636
0 339 62.98 24.44 0.183988 2021-06-21 13:24:17.767719 90 2100 Franko 3305.489624
1 79 20.03 24.44 0.023412 2021-06-21 13:24:17.791131 33 34 M 3305.513036
0 192 32.67 24.44 1.799252 2021-06-21 13:24:19.590383 91 2101 Franko 3307.312288
0 124 23.92 24.44 1.110436 2021-06-21 13:24:20.700819 91 2102 Franko 3308.422724
0 62 17.75 24.44 0.592017 2021-06-21 13:24:21.292836 91 2103 Franko 3309.014741
0 368 72.93 24.44 0.768641 2021-06-21 13:24:22.061477 91 2104 Franko 3309.783382
0 505 145.23 24.44 1.208615 2021-06-21 13:24:23.270092 91 2105 Franko 3310.991997
0 71 19.06 24.66 6.265025 2021-06-21 13:24:29.535117 91 2106 Franko 3317.257022
0 60 17.43 24.66 0.971443 2021-06-21 13:24:30.506560 91 2107 Franko 3318.228465
0 156 27.28 24.44 1.036844 2021-06-21 13:24:31.543404 91 2108 Franko 3319.265309
0 79 20.03 24.98 1.507048 2021-06-21 13:24:33.050452 91 2109 Franko 3320.772357
2 51 15.86 3.82 2.365415 2021-06-21 13:24:35.415867 33 34 rens 3323.137772
0 115 23.18 24.44 0.019067 2021-06-21 13:24:35.434934 91 2110 Franko 3323.156839
1 51 15.86 24.44 0.004254 2021-06-21 13:24:35.439188 34 35 M 3323.161093
0 97 21.75 24.44 3.815237 2021-06-21 13:24:39.254425 92 2111 Franko 3326.97633
0 192 32.67 24.66 3.203107 2021-06-21 13:24:42.457532 92 2112 Franko 3330.179437
0 62 17.75 24.44 0.915067 2021-06-21 13:24:43.372599 92 2113 Franko 3331.094504
0 568 189.84 24.44 1.231543 2021-06-21 13:24:44.604142 92 2114 Franko 3332.326047
0 83 20.46 24.44 0.986387 2021-06-21 13:24:45.590529 92 2115 Franko 3333.312434
0 102 22.15 24.44 0.033968 2021-06-21 13:24:45.624497 92 2116 Franko 3333.346402
0 51 15.86 24.44 0.109976 2021-06-21 13:24:45.734473 92 2117 Franko 3333.456378
0 327 59.28 24.44 0.771756 2021-06-21 13:24:46.506229 92 2118 Franko 3334.228134
0 67 18.51 24.44 5.109641 2021-06-21 13:24:51.615870 92 2119 Franko 3339.337775
0 125 24.00 24.44 0.200289 2021-06-21 13:24:51.816159 92 2120 Franko 3339.538064
0 179 30.55 24.44 0.752766 2021-06-21 13:24:52.568925 92 2121 Franko 3340.29083
0 124 23.92 24.44 0.895789 2021-06-21 13:24:53.464714 92 2122 Franko 3341.186619
0 57 16.93 24.44 4.129278 2021-06-21 13:24:57.593992 92 2123 Franko 3345.315897
0 159 27.66 24.44 0.946486 2021-06-21 13:24:58.540478 92 2124 Franko 3346.262383
0 56 16.76 24.44 0.224769 2021-06-21 13:24:58.765247 92 2125 Franko 3346.487152
0 114 23.10 24.44 0.298771 2021-06-21 13:24:59.064018 92 2126 Franko 3346.785923
0 110 22.78 24.44 0.680849 2021-06-21 13:24:59.744867 92 2127 Franko 3347.466772
0 109 22.70 24.44 1.490614 2021-06-21 13:25:01.235481 92 2128 Franko 3348.957386
0 158 27.53 24.44 0.531387 2021-06-21 13:25:01.766868 92 2129 Franko 3349.488773
0 96 21.67 24.44 0.302208 2021-06-21 13:25:02.069076 92 2130 Franko 3349.790981
0 63 17.91 24.44 0.682074 2021-06-21 13:25:02.751150 92 2131 Franko 3350.473055
0 62 17.75 24.44 1.2713 2021-06-21 13:25:04.022450 92 2132 Franko 3351.744355
0 71 19.06 24.44 0.65952 2021-06-21 13:25:04.681970 92 2133 Franko 3352.403875
0 101 22.08 24.44 2.741094 2021-06-21 13:25:07.423064 92 2134 Franko 3355.144969
0 98 21.83 24.44 2.833529 2021-06-21 13:25:10.256593 92 2135 Franko 3357.978498
0 56 16.76 24.98 1.010011 2021-06-21 13:25:11.266604 92 2136 Franko 3358.988509
