# layer adc volt temp timediff time detector_muon_count detector_count detector_name
0 216 36.85 24.66 5.959743 2021-06-21 13:04:55.245182 67 1375 Franko 2142.967087
0 101 22.08 24.44 2.021533 2021-06-21 13:04:57.266715 67 1376 Franko 2144.98862
0 48 15.29 24.44 4.372313 2021-06-21 13:05:01.639028 67 1377 Franko 2149.360933
0 96 21.67 24.44 2.900408 2021-06-21 13:05:04.539436 67 1378 Franko 2152.261341
0 229 39.22 24.44 7.510099 2021-06-21 13:05:12.049535 67 1379 Franko 2159.77144
0 88 20.96 24.66 0.033991 2021-06-21 13:05:12.083526 67 1380 Franko 2159.805431
0 65 18.22 24.44 1.101313 2021-06-21 13:05:13.184839 67 1381 Franko 2160.906744
0 110 22.78 24.44 2.90211 2021-06-21 13:05:16.086949 67 1382 Franko 2163.808854
0 89 21.05 24.44 1.003824 2021-06-21 13:05:17.090773 67 1383 Franko 2164.812678
1 63 17.91 24.44 0.022352 2021-06-21 13:05:17.113125 13 14 Niels 2164.83503
0 121 23.66 24.44 1.443372 2021-06-21 13:05:18.556497 68 1384 Franko 2166.278402
0 298 52.37 24.44 0.678378 2021-06-21 13:05:19.234875 68 1385 Franko 2166.95678
0 51 15.86 24.44 2.098685 2021-06-21 13:05:21.333560 68 1386 Franko 2169.055465
2 103 22.23 14.13 2.203128 2021-06-21 13:05:23.536688 19 20 rens 2171.258593
0 69 18.79 24.44 0.021065 2021-06-21 13:05:23.557753 68 1387 Franko 2171.279658
1 56 16.76 24.66 0.001294 2021-06-21 13:05:23.559047 21 22 M 2171.280952
0 49 15.48 24.44 0.673584 2021-06-21 13:05:24.232631 69 1388 Franko 2171.954536
0 121 23.66 24.66 2.622236 2021-06-21 13:05:26.854867 69 1389 Franko 2174.576772
0 49 15.48 24.44 0.033941 2021-06-21 13:05:26.888808 69 1390 Franko 2174.610713
0 179 30.55 24.44 3.484844 2021-06-21 13:05:30.373652 69 1391 Franko 2178.095557
0 70 18.93 24.44 12.583597 2021-06-21 13:05:42.957249 69 1392 Franko 2190.679154
0 112 22.94 24.87 0.054206 2021-06-21 13:05:43.011455 69 1393 Franko 2190.73336
0 56 16.76 24.66 0.074961 2021-06-21 13:05:43.086416 69 1394 Franko 2190.808321
0 60 17.43 24.66 0.37631 2021-06-21 13:05:43.462726 69 1395 Franko 2191.184631
0 56 16.76 24.66 3.702639 2021-06-21 13:05:47.165365 69 1396 Franko 2194.88727
0 82 20.36 24.44 4.748331 2021-06-21 13:05:51.913696 69 1397 Franko 2199.635601
0 126 24.09 24.44 3.005508 2021-06-21 13:05:54.919204 69 1398 Franko 2202.641109
0 316 56.81 24.77 1.157805 2021-06-21 13:05:56.077009 69 1399 Franko 2203.798914
0 192 32.67 24.44 0.455375 2021-06-21 13:05:56.532384 69 1400 Franko 2204.254289
0 67 18.51 24.44 0.842531 2021-06-21 13:05:57.374915 69 1401 Franko 2205.09682
0 172 29.49 24.66 0.657329 2021-06-21 13:05:58.032244 69 1402 Franko 2205.754149
0 131 24.54 24.66 0.360998 2021-06-21 13:05:58.393242 69 1403 Franko 2206.115147
0 156 27.28 24.44 5.405796 2021-06-21 13:06:03.799038 69 1404 Franko 2211.520943
0 209 35.61 24.44 1.60766 2021-06-21 13:06:05.406698 69 1405 Franko 2213.128603
0 224 38.29 24.44 0.184337 2021-06-21 13:06:05.591035 69 1406 Franko 2213.31294
0 88 20.96 24.44 2.234182 2021-06-21 13:06:07.825217 69 1407 Franko 2215.547122
0 243 41.74 24.44 2.295434 2021-06-21 13:06:10.120651 69 1408 Franko 2217.842556
0 216 36.85 25.09 0.878976 2021-06-21 13:06:10.999627 69 1409 Franko 2218.721532
0 103 22.23 24.44 0.923026 2021-06-21 13:06:11.922653 69 1410 Franko 2219.644558
0 63 17.91 24.66 0.870242 2021-06-21 13:06:12.792895 69 1411 Franko 2220.5148
0 99 21.91 24.66 0.220045 2021-06-21 13:06:13.012940 69 1412 Franko 2220.734845
0 255 43.96 24.66 0.85291 2021-06-21 13:06:13.865850 69 1413 Franko 2221.587755
0 204 34.73 24.44 3.683078 2021-06-21 13:06:17.548928 69 1414 Franko 2225.270833
0 106 22.47 24.44 1.037988 2021-06-21 13:06:18.586916 69 1415 Franko 2226.308821
0 78 19.92 24.44 1.767216 2021-06-21 13:06:20.354132 69 1416 Franko 2228.076037
0 67 18.51 24.66 2.72229 2021-06-21 13:06:23.076422 69 1417 Franko 2230.798327
0 156 27.28 24.44 3.820388 2021-06-21 13:06:26.896810 69 1418 Franko 2234.618715
0 93 21.41 24.66 2.883768 2021-06-21 13:06:29.780578 69 1419 Franko 2237.502483
0 143 25.74 24.44 0.67303 2021-06-21 13:06:30.453608 69 1420 Franko 2238.175513
0 56 16.76 24.44 2.047152 2021-06-21 13:06:32.500760 69 1421 Franko 2240.222665
