# layer adc volt temp timediff time detector_muon_count detector_count detector_name
0 49 15.48 24.44 2.314728 2021-06-21 12:48:36.918908 32 715 Franko 1164.640813
0 112 22.94 24.44 2.161561 2021-06-21 12:48:39.080469 32 716 Franko 1166.802374
0 126 24.09 24.44 0.074732 2021-06-21 12:48:39.155201 32 717 Franko 1166.877106
0 163 28.20 24.44 4.281555 2021-06-21 12:48:43.436756 32 718 Franko 1171.158661
0 284 49.41 24.44 2.030065 2021-06-21 12:48:45.466821 32 719 Franko 1173.188726
0 131 24.54 24.44 0.903954 2021-06-21 12:48:46.370775 32 720 Franko 1174.09268
0 354 67.99 24.44 0.311688 2021-06-21 12:48:46.682463 32 721 Franko 1174.404368
0 63 17.91 24.44 0.804206 2021-06-21 12:48:47.486669 32 722 Franko 1175.208574
0 195 33.17 24.44 1.764229 2021-06-21 12:48:49.250898 32 723 Franko 1176.972803
0 76 19.69 24.44 3.755749 2021-06-21 12:48:53.006647 32 724 Franko 1180.728552
0 81 20.25 24.66 0.061785 2021-06-21 12:48:53.068432 32 725 Franko 1180.790337
0 88 20.96 24.44 0.512793 2021-06-21 12:48:53.581225 32 726 Franko 1181.30313
0 51 15.86 24.44 0.694896 2021-06-21 12:48:54.276121 32 727 Franko 1181.998026
0 127 24.18 24.66 0.782118 2021-06-21 12:48:55.058239 32 728 Franko 1182.780144
0 71 19.06 24.44 4.477445 2021-06-21 12:48:59.535684 32 729 Franko 1187.257589
0 112 22.94 24.44 2.455402 2021-06-21 12:49:01.991086 32 730 Franko 1189.712991
0 71 19.06 24.44 1.429302 2021-06-21 12:49:03.420388 32 731 Franko 1191.142293
0 135 24.92 24.44 1.724648 2021-06-21 12:49:05.145036 32 732 Franko 1192.866941
0 156 27.28 24.44 0.055965 2021-06-21 12:49:05.201001 32 733 Franko 1192.922906
0 81 20.25 24.44 1.022109 2021-06-21 12:49:06.223110 32 734 Franko 1193.945015
1 189 32.16 24.44 0.725339 2021-06-21 12:49:06.948449 6 7 Niels 1194.670354
0 71 19.06 24.44 0.020142 2021-06-21 12:49:06.968591 32 735 Franko 1194.690496
0 387 81.05 24.44 4.08039 2021-06-21 12:49:11.048981 33 736 Franko 1198.770886
0 89 21.05 24.44 1.129209 2021-06-21 12:49:12.178190 33 737 Franko 1199.900095
0 60 17.43 24.44 0.307372 2021-06-21 12:49:12.485562 33 738 Franko 1200.207467
0 152 26.78 24.44 0.490174 2021-06-21 12:49:12.975736 33 739 Franko 1200.697641
0 271 46.93 24.44 0.271721 2021-06-21 12:49:13.247457 33 740 Franko 1200.969362
0 205 34.91 24.44 0.413885 2021-06-21 12:49:13.661342 33 741 Franko 1201.383247
0 48 15.29 24.44 0.387558 2021-06-21 12:49:14.048900 33 742 Franko 1201.770805
0 305 53.88 24.44 0.033881 2021-06-21 12:49:14.082781 33 743 Franko 1201.804686
0 88 20.96 24.44 0.219332 2021-06-21 12:49:14.302113 33 744 Franko 1202.024018
0 112 22.94 24.44 1.719738 2021-06-21 12:49:16.021851 33 745 Franko 1203.743756
0 448 112.41 24.44 0.59846 2021-06-21 12:49:16.620311 33 746 Franko 1204.342216
0 81 20.25 24.44 1.965639 2021-06-21 12:49:18.585950 33 747 Franko 1206.307855
0 101 22.08 24.44 1.662657 2021-06-21 12:49:20.248607 33 748 Franko 1207.970512
0 115 23.18 24.44 2.069044 2021-06-21 12:49:22.317651 33 749 Franko 1210.039556
0 422 97.97 24.44 0.033976 2021-06-21 12:49:22.351627 33 750 Franko 1210.073532
0 71 19.06 24.44 4.27733 2021-06-21 12:49:26.628957 33 751 Franko 1214.350862
0 224 38.29 24.44 1.790171 2021-06-21 12:49:28.419128 33 752 Franko 1216.141033
0 99 21.91 24.44 0.033905 2021-06-21 12:49:28.453033 33 753 Franko 1216.174938
0 49 15.48 24.44 0.066312 2021-06-21 12:49:28.519345 33 754 Franko 1216.24125
0 120 23.58 24.44 1.577001 2021-06-21 12:49:30.096346 33 755 Franko 1217.818251
0 122 23.75 24.44 3.370653 2021-06-21 12:49:33.466999 33 756 Franko 1221.188904
0 280 48.67 24.44 1.388838 2021-06-21 12:49:34.855837 33 757 Franko 1222.577742
0 143 25.74 24.44 0.090894 2021-06-21 12:49:34.946731 33 758 Franko 1222.668636
0 327 59.28 24.44 0.034077 2021-06-21 12:49:34.980808 33 759 Franko 1222.702713
0 280 48.67 24.44 0.349678 2021-06-21 12:49:35.330486 33 760 Franko 1223.052391
0 319 57.64 24.44 0.033831 2021-06-21 12:49:35.364317 33 761 Franko 1223.086222
0 135 24.92 24.44 0.153149 2021-06-21 12:49:35.517466 33 762 Franko 1223.239371
0 312 55.68 24.44 0.925718 2021-06-21 12:49:36.443184 33 763 Franko 1224.165089
