# layer adc volt temp timediff time detector_muon_count detector_count detector_name
0 204 34.73 24.98 2.083527 2021-06-21 12:57:53.877291 49 1094 Franko 1721.599196
0 124 23.92 24.66 1.645612 2021-06-21 12:57:55.522903 49 1095 Franko 1723.244808
0 96 21.67 24.66 0.856861 2021-06-21 12:57:56.379764 49 1096 Franko 1724.101669
0 135 24.92 24.66 1.895187 2021-06-21 12:57:58.274951 49 1097 Franko 1725.996856
0 163 28.20 24.66 1.456324 2021-06-21 12:57:59.731275 49 1098 Franko 1727.45318
0 472 125.87 24.66 10.696707 2021-06-21 12:58:10.427982 49 1099 Franko 1738.149887
0 142 25.64 24.87 0.034011 2021-06-21 12:58:10.461993 49 1100 Franko 1738.183898
0 92 21.32 24.87 1.262826 2021-06-21 12:58:11.724819 49 1101 Franko 1739.446724
0 195 33.17 24.66 0.199483 2021-06-21 12:58:11.924302 49 1102 Franko 1739.646207
0 380 78.12 24.66 1.008492 2021-06-21 12:58:12.932794 49 1103 Franko 1740.654699
1 455 117.03 25.73 0.023464 2021-06-21 12:58:12.956258 1 2 Noor 1740.678163
0 207 35.26 24.44 2.176158 2021-06-21 12:58:15.132416 50 1104 Franko 1742.854321
0 143 25.74 24.87 0.214114 2021-06-21 12:58:15.346530 50 1105 Franko 1743.068435
0 77 19.81 24.66 0.550524 2021-06-21 12:58:15.897054 50 1106 Franko 1743.618959
0 76 19.69 24.66 3.882044 2021-06-21 12:58:19.779098 50 1107 Franko 1747.501003
0 121 23.66 25.09 1.696118 2021-06-21 12:58:21.475216 50 1108 Franko 1749.197121
0 57 16.93 24.66 1.68768 2021-06-21 12:58:23.162896 50 1109 Franko 1750.884801
0 204 34.73 24.66 0.311895 2021-06-21 12:58:23.474791 50 1110 Franko 1751.196696
0 48 15.29 24.87 0.374386 2021-06-21 12:58:23.849177 50 1111 Franko 1751.571082
0 138 25.22 24.87 0.389287 2021-06-21 12:58:24.238464 50 1112 Franko 1751.960369
0 140 25.42 24.66 1.415418 2021-06-21 12:58:25.653882 50 1113 Franko 1753.375787
0 56 16.76 24.66 3.922333 2021-06-21 12:58:29.576215 50 1114 Franko 1757.29812
0 159 27.66 24.87 0.034162 2021-06-21 12:58:29.610377 50 1115 Franko 1757.332282
0 174 29.79 24.66 3.856028 2021-06-21 12:58:33.466405 50 1116 Franko 1761.18831
0 369 73.42 24.87 0.732947 2021-06-21 12:58:34.199352 50 1117 Franko 1761.921257
0 108 22.63 24.66 0.263965 2021-06-21 12:58:34.463317 50 1118 Franko 1762.185222
0 71 19.06 25.09 0.302787 2021-06-21 12:58:34.766104 50 1119 Franko 1762.488009
0 112 22.94 24.66 0.911173 2021-06-21 12:58:35.677277 50 1120 Franko 1763.399182
0 71 19.06 24.87 1.704086 2021-06-21 12:58:37.381363 50 1121 Franko 1765.103268
0 51 15.86 24.66 1.166312 2021-06-21 12:58:38.547675 50 1122 Franko 1766.26958
0 103 22.23 25.20 1.939466 2021-06-21 12:58:40.487141 50 1123 Franko 1768.209046
0 323 58.48 24.87 0.107062 2021-06-21 12:58:40.594203 50 1124 Franko 1768.316108
0 483 132.60 24.66 2.602838 2021-06-21 12:58:43.197041 50 1125 Franko 1770.918946
0 82 20.36 24.66 4.395791 2021-06-21 12:58:47.592832 50 1126 Franko 1775.314737
0 89 21.05 24.66 0.825679 2021-06-21 12:58:48.418511 50 1127 Franko 1776.140416
0 259 44.69 24.87 0.398281 2021-06-21 12:58:48.816792 50 1128 Franko 1776.538697
0 115 23.18 25.20 0.883368 2021-06-21 12:58:49.700160 50 1129 Franko 1777.422065
0 280 48.67 25.09 1.656302 2021-06-21 12:58:51.356462 50 1130 Franko 1779.078367
0 67 18.51 24.66 0.149068 2021-06-21 12:58:51.505530 50 1131 Franko 1779.227435
0 115 23.18 24.87 0.970796 2021-06-21 12:58:52.476326 50 1132 Franko 1780.198231
0 312 55.68 24.77 1.172511 2021-06-21 12:58:53.648837 50 1133 Franko 1781.370742
0 167 28.76 25.09 2.807307 2021-06-21 12:58:56.456144 50 1134 Franko 1784.178049
0 56 16.76 24.44 1.841115 2021-06-21 12:58:58.297259 50 1135 Franko 1786.019164
0 174 29.79 25.09 0.51613 2021-06-21 12:58:58.813389 50 1136 Franko 1786.535294
0 82 20.36 24.66 0.784661 2021-06-21 12:58:59.598050 50 1137 Franko 1787.319955
0 49 15.48 24.44 1.08343 2021-06-21 12:59:00.681480 50 1138 Franko 1788.403385
0 152 26.78 24.44 1.442745 2021-06-21 12:59:02.124225 50 1139 Franko 1789.84613
0 57 16.93 25.09 4.108374 2021-06-21 12:59:06.232599 50 1140 Franko 1793.954504
0 293 51.29 24.44 0.098288 2021-06-21 12:59:06.330887 50 1141 Franko 1794.052792
0 313 56.02 24.87 0.437816 2021-06-21 12:59:06.768703 50 1142 Franko 1794.490608
