# layer adc volt temp timediff time detector_muon_count detector_count detector_name
2 184 31.36 24.12 1.470664 2021-06-21 12:31:56.463769 1 2 MattiaCosmicWatch 164.185674
0 147 26.19 24.44 0.029913 2021-06-21 12:31:56.493682 5 95 Franko 164.215587
0 76 19.69 24.44 0.145042 2021-06-21 12:31:56.638724 6 96 Franko 164.360629
0 135 24.92 24.44 4.627192 2021-06-21 12:32:01.265916 6 97 Franko 168.987821
0 56 16.76 24.44 0.280297 2021-06-21 12:32:01.546213 6 98 Franko 169.268118
0 56 16.76 24.44 1.977692 2021-06-21 12:32:03.523905 6 99 Franko 171.24581
0 176 30.09 24.44 0.082336 2021-06-21 12:32:03.606241 6 100 Franko 171.328146
0 88 20.96 24.66 3.688201 2021-06-21 12:32:07.294442 6 101 Franko 175.016347
0 318 57.28 24.44 1.972102 2021-06-21 12:32:09.266544 6 102 Franko 176.988449
0 207 35.26 24.44 0.993005 2021-06-21 12:32:10.259549 6 103 Franko 177.981454
0 88 20.96 24.44 2.338147 2021-06-21 12:32:12.597696 6 104 Franko 180.319601
0 56 16.76 24.44 1.733808 2021-06-21 12:32:14.331504 6 105 Franko 182.053409
0 92 21.32 24.44 0.678676 2021-06-21 12:32:15.010180 6 106 Franko 182.732085
0 79 20.03 24.44 0.290601 2021-06-21 12:32:15.300781 6 107 Franko 183.022686
0 71 19.06 24.44 0.452078 2021-06-21 12:32:15.752859 6 108 Franko 183.474764
2 99 21.91 14.13 0.256635 2021-06-21 12:32:16.009494 2 3 rens 183.731399
0 120 23.58 24.44 0.015085 2021-06-21 12:32:16.024579 6 109 Franko 183.746484
0 220 37.58 24.44 1.255329 2021-06-21 12:32:17.279908 7 110 Franko 185.001813
0 56 16.76 24.44 0.299032 2021-06-21 12:32:17.578940 7 111 Franko 185.300845
0 238 40.82 24.44 1.88728 2021-06-21 12:32:19.466220 7 112 Franko 187.188125
0 121 23.66 24.44 0.228566 2021-06-21 12:32:19.694786 7 113 Franko 187.416691
0 71 19.06 24.44 1.652356 2021-06-21 12:32:21.347142 7 114 Franko 189.069047
0 134 24.82 24.44 0.634065 2021-06-21 12:32:21.981207 7 115 Franko 189.703112
0 120 23.58 24.44 1.689056 2021-06-21 12:32:23.670263 7 116 Franko 191.392168
0 66 18.36 24.44 1.65495 2021-06-21 12:32:25.325213 7 117 Franko 193.047118
0 206 35.07 24.44 0.188674 2021-06-21 12:32:25.513887 7 118 Franko 193.235792
0 71 19.06 24.44 0.215236 2021-06-21 12:32:25.729123 7 119 Franko 193.451028
0 99 21.91 24.44 0.944879 2021-06-21 12:32:26.674002 7 120 Franko 194.395907
0 89 21.05 24.44 1.141319 2021-06-21 12:32:27.815321 7 121 Franko 195.537226
0 71 19.06 24.44 0.877201 2021-06-21 12:32:28.692522 7 122 Franko 196.414427
0 56 16.76 24.44 1.22894 2021-06-21 12:32:29.921462 7 123 Franko 197.643367
0 60 17.43 24.44 2.6696 2021-06-21 12:32:32.591062 7 124 Franko 200.312967
0 92 21.32 24.44 4.226212 2021-06-21 12:32:36.817274 7 125 Franko 204.539179
0 127 24.18 24.44 0.456304 2021-06-21 12:32:37.273578 7 126 Franko 204.995483
0 307 54.48 24.44 6.1688 2021-06-21 12:32:43.442378 7 127 Franko 211.164283
0 156 27.28 24.44 1.214434 2021-06-21 12:32:44.656812 7 128 Franko 212.378717
0 79 20.03 24.44 0.892756 2021-06-21 12:32:45.549568 7 129 Franko 213.271473
0 63 17.91 24.44 1.289782 2021-06-21 12:32:46.839350 7 130 Franko 214.561255
0 97 21.75 24.44 2.000845 2021-06-21 12:32:48.840195 7 131 Franko 216.5621
0 158 27.53 24.44 1.961099 2021-06-21 12:32:50.801294 7 132 Franko 218.523199
0 176 30.09 24.44 0.818889 2021-06-21 12:32:51.620183 7 133 Franko 219.342088
0 345 64.98 24.44 1.734939 2021-06-21 12:32:53.355122 7 134 Franko 221.077027
0 99 21.91 24.44 0.310134 2021-06-21 12:32:53.665256 7 135 Franko 221.387161
0 319 57.64 24.44 0.198385 2021-06-21 12:32:53.863641 7 136 Franko 221.585546
0 319 57.64 24.44 0.650738 2021-06-21 12:32:54.514379 7 137 Franko 222.236284
0 63 17.91 24.44 0.874172 2021-06-21 12:32:55.388551 7 138 Franko 223.110456
0 568 189.84 24.44 2.136233 2021-06-21 12:32:57.524784 7 139 Franko 225.246689
0 97 21.75 24.44 6.798316 2021-06-21 12:33:04.323100 7 140 Franko 232.045005
2 49 15.48 24.12 0.01906 2021-06-21 12:33:04.342160 2 3 MattiaCosmicWatch 232.064065
0 108 22.63 24.44 1.406966 2021-06-21 12:33:05.749126 8 141 Franko 233.471031
