# layer adc volt temp timediff time detector_muon_count detector_count detector_name
0 103 22.23 24.44 4.575679 2021-06-21 12:37:35.148002 17 283 Franko 502.869907
0 83 20.46 24.44 0.433922 2021-06-21 12:37:35.581924 17 284 Franko 503.303829
0 127 24.18 24.44 2.895009 2021-06-21 12:37:38.476933 17 285 Franko 506.198838
0 110 22.78 24.44 0.062531 2021-06-21 12:37:38.539464 17 286 Franko 506.261369
0 115 23.18 24.44 0.580615 2021-06-21 12:37:39.120079 17 287 Franko 506.841984
0 240 41.21 24.66 2.672129 2021-06-21 12:37:41.792208 17 288 Franko 509.514113
0 89 21.05 24.44 2.273419 2021-06-21 12:37:44.065627 17 289 Franko 511.787532
0 127 24.18 24.44 0.29592 2021-06-21 12:37:44.361547 17 290 Franko 512.083452
0 98 21.83 24.44 0.372141 2021-06-21 12:37:44.733688 17 291 Franko 512.455593
0 79 20.03 24.44 1.720754 2021-06-21 12:37:46.454442 17 292 Franko 514.176347
0 50 15.67 24.44 0.452663 2021-06-21 12:37:46.907105 17 293 Franko 514.62901
0 57 16.93 24.44 0.187947 2021-06-21 12:37:47.095052 17 294 Franko 514.816957
0 125 24.00 24.44 0.938398 2021-06-21 12:37:48.033450 17 295 Franko 515.755355
0 143 25.74 24.44 1.339199 2021-06-21 12:37:49.372649 17 296 Franko 517.094554
0 63 17.91 24.44 1.230419 2021-06-21 12:37:50.603068 17 297 Franko 518.324973
0 280 48.67 24.44 0.760509 2021-06-21 12:37:51.363577 17 298 Franko 519.085482
0 57 16.93 24.44 0.033616 2021-06-21 12:37:51.397193 17 299 Franko 519.119098
0 67 18.51 24.44 2.702267 2021-06-21 12:37:54.099460 17 300 Franko 521.821365
0 159 27.66 24.44 2.459458 2021-06-21 12:37:56.558918 17 301 Franko 524.280823
0 57 16.93 24.44 0.165424 2021-06-21 12:37:56.724342 17 302 Franko 524.446247
0 78 19.92 24.44 1.711829 2021-06-21 12:37:58.436171 17 303 Franko 526.158076
0 83 20.46 24.44 2.188686 2021-06-21 12:38:00.624857 17 304 Franko 528.346762
0 463 119.23 24.44 3.470866 2021-06-21 12:38:04.095723 17 305 Franko 531.817628
0 280 48.67 24.44 0.601924 2021-06-21 12:38:04.697647 17 306 Franko 532.419552
0 73 19.32 24.44 0.437289 2021-06-21 12:38:05.134936 17 307 Franko 532.856841
0 61 17.60 24.44 1.255447 2021-06-21 12:38:06.390383 17 308 Franko 534.112288
2 147 26.19 23.37 0.034091 2021-06-21 12:38:06.424474 3 4 rens 534.146379
0 270 46.71 24.44 0.010277 2021-06-21 12:38:06.434751 18 309 Franko 534.156656
0 65 18.22 24.44 5.283706 2021-06-21 12:38:11.718457 18 310 Franko 539.440362
0 157 27.40 24.44 0.274423 2021-06-21 12:38:11.992880 18 311 Franko 539.714785
0 174 29.79 24.44 1.587862 2021-06-21 12:38:13.580742 18 312 Franko 541.302647
0 240 41.21 24.44 1.075835 2021-06-21 12:38:14.656577 18 313 Franko 542.378482
0 300 52.79 24.44 3.858963 2021-06-21 12:38:18.515540 18 314 Franko 546.237445
0 519 154.30 24.44 0.063928 2021-06-21 12:38:18.579468 18 315 Franko 546.301373
0 173 29.64 24.44 1.913297 2021-06-21 12:38:20.492765 18 316 Franko 548.21467
0 63 17.91 24.44 0.887868 2021-06-21 12:38:21.380633 18 317 Franko 549.102538
0 93 21.41 24.66 2.985801 2021-06-21 12:38:24.366434 18 318 Franko 552.088339
0 76 19.69 24.44 0.494441 2021-06-21 12:38:24.860875 18 319 Franko 552.58278
0 236 40.44 24.44 1.911763 2021-06-21 12:38:26.772638 18 320 Franko 554.494543
0 271 46.93 24.44 0.730457 2021-06-21 12:38:27.503095 18 321 Franko 555.225
0 121 23.66 24.44 4.105364 2021-06-21 12:38:31.608459 18 322 Franko 559.330364
0 61 17.60 24.44 5.458296 2021-06-21 12:38:37.066755 18 323 Franko 564.78866
0 126 24.09 24.44 1.954861 2021-06-21 12:38:39.021616 18 324 Franko 566.743521
0 57 16.93 24.44 0.080479 2021-06-21 12:38:39.102095 18 325 Franko 566.824
0 169 29.05 24.44 0.770032 2021-06-21 12:38:39.872127 18 326 Franko 567.594032
0 131 24.54 24.44 2.500419 2021-06-21 12:38:42.372546 18 327 Franko 570.094451
0 216 36.85 24.44 1.117907 2021-06-21 12:38:43.490453 18 328 Franko 571.212358
0 145 25.96 24.44 0.335003 2021-06-21 12:38:43.825456 18 329 Franko 571.547361
0 89 21.05 24.44 0.092584 2021-06-21 12:38:43.918040 18 330 Franko 571.639945
0 60 17.43 24.44 0.516128 2021-06-21 12:38:44.434168 18 331 Franko 572.156073
