# layer adc volt temp timediff time detector_muon_count detector_count detector_name
0 217 37.04 24.66 0.14361 2021-06-21 13:11:32.950373 79 1607 Franko 2540.672278
0 231 39.55 24.66 0.223059 2021-06-21 13:11:33.173432 79 1608 Franko 2540.895337
0 177 30.25 24.44 3.086901 2021-06-21 13:11:36.260333 79 1609 Franko 2543.982238
0 51 15.86 24.44 1.603655 2021-06-21 13:11:37.863988 79 1610 Franko 2545.585893
0 560 175.34 24.44 0.702326 2021-06-21 13:11:38.566314 79 1611 Franko 2546.288219
0 82 20.36 24.44 0.339904 2021-06-21 13:11:38.906218 79 1612 Franko 2546.628123
0 419 97.20 24.44 1.065658 2021-06-21 13:11:39.971876 79 1613 Franko 2547.693781
0 140 25.42 24.66 3.76216 2021-06-21 13:11:43.734036 79 1614 Franko 2551.455941
0 57 16.93 24.66 2.330041 2021-06-21 13:11:46.064077 79 1615 Franko 2553.785982
0 51 15.86 24.44 0.149718 2021-06-21 13:11:46.213795 79 1616 Franko 2553.9357
0 71 19.06 24.66 1.879645 2021-06-21 13:11:48.093440 79 1617 Franko 2555.815345
0 355 68.30 24.87 2.935846 2021-06-21 13:11:51.029286 79 1618 Franko 2558.751191
0 88 20.96 24.66 1.574503 2021-06-21 13:11:52.603789 79 1619 Franko 2560.325694
0 390 82.70 24.44 3.646101 2021-06-21 13:11:56.249890 79 1620 Franko 2563.971795
0 78 19.92 24.44 0.726726 2021-06-21 13:11:56.976616 79 1621 Franko 2564.698521
0 57 16.93 24.44 2.281906 2021-06-21 13:11:59.258522 79 1622 Franko 2566.980427
0 167 28.76 24.44 4.017227 2021-06-21 13:12:03.275749 79 1623 Franko 2570.997654
0 50 15.67 24.44 0.368762 2021-06-21 13:12:03.644511 79 1624 Franko 2571.366416
0 56 16.76 24.44 2.017578 2021-06-21 13:12:05.662089 79 1625 Franko 2573.383994
0 371 73.82 24.44 1.034247 2021-06-21 13:12:06.696336 79 1626 Franko 2574.418241
0 57 16.93 24.44 1.491461 2021-06-21 13:12:08.187797 79 1627 Franko 2575.909702
0 440 109.25 24.44 0.724827 2021-06-21 13:12:08.912624 79 1628 Franko 2576.634529
0 238 40.82 24.44 0.034196 2021-06-21 13:12:08.946820 79 1629 Franko 2576.668725
0 50 15.67 24.44 0.397155 2021-06-21 13:12:09.343975 79 1630 Franko 2577.06588
0 207 35.26 24.66 0.989374 2021-06-21 13:12:10.333349 79 1631 Franko 2578.055254
0 56 16.76 24.77 0.377084 2021-06-21 13:12:10.710433 79 1632 Franko 2578.432338
0 49 15.48 24.44 0.274832 2021-06-21 13:12:10.985265 79 1633 Franko 2578.70717
0 76 19.69 24.44 0.90431 2021-06-21 13:12:11.889575 79 1634 Franko 2579.61148
0 76 19.69 24.44 0.844045 2021-06-21 13:12:12.733620 79 1635 Franko 2580.455525
0 63 17.91 24.44 1.499244 2021-06-21 13:12:14.232864 79 1636 Franko 2581.954769
0 78 19.92 24.44 4.811262 2021-06-21 13:12:19.044126 79 1637 Franko 2586.766031
0 174 29.79 24.44 6.13386 2021-06-21 13:12:25.177986 79 1638 Franko 2592.899891
0 199 33.86 24.44 0.375891 2021-06-21 13:12:25.553877 79 1639 Franko 2593.275782
0 287 50.23 24.44 1.175836 2021-06-21 13:12:26.729713 79 1640 Franko 2594.451618
0 231 39.55 24.44 0.812897 2021-06-21 13:12:27.542610 79 1641 Franko 2595.264515
2 63 17.91 7.47 2.561349 2021-06-21 13:12:30.103959 25 26 rens 2597.825864
0 519 154.30 24.44 0.018164 2021-06-21 13:12:30.122123 79 1642 Franko 2597.844028
0 163 28.20 24.66 1.573131 2021-06-21 13:12:31.695254 80 1643 Franko 2599.417159
0 79 20.03 24.44 1.857698 2021-06-21 13:12:33.552952 80 1644 Franko 2601.274857
0 60 17.43 24.77 3.014615 2021-06-21 13:12:36.567567 80 1645 Franko 2604.289472
0 56 16.76 24.44 1.669886 2021-06-21 13:12:38.237453 80 1646 Franko 2605.959358
1 158 27.53 24.44 2.423148 2021-06-21 13:12:40.660601 28 29 M 2608.382506
2 371 73.82 67.84 0.017428 2021-06-21 13:12:40.678029 26 27 rens 2608.399934
0 79 20.03 24.44 0.00283 2021-06-21 13:12:40.680859 80 1647 Franko 2608.402764
0 62 17.75 24.44 0.097965 2021-06-21 13:12:40.778824 81 1648 Franko 2608.500729
0 60 17.43 24.44 0.356863 2021-06-21 13:12:41.135687 81 1649 Franko 2608.857592
0 99 21.91 24.44 4.579494 2021-06-21 13:12:45.715181 81 1650 Franko 2613.437086
0 79 20.03 24.44 0.05739 2021-06-21 13:12:45.772571 81 1651 Franko 2613.494476
0 103 22.23 24.66 0.927639 2021-06-21 13:12:46.700210 81 1652 Franko 2614.422115
0 192 32.67 24.66 1.943298 2021-06-21 13:12:48.643508 81 1653 Franko 2616.365413
