# layer adc volt temp timediff time detector_muon_count detector_count detector_name
0 79 20.03 24.44 0.853621 2021-06-21 12:43:29.493588 30 518 Franko 857.215493
0 69 18.79 24.44 1.227994 2021-06-21 12:43:30.721582 30 519 Franko 858.443487
0 225 38.48 24.44 0.990155 2021-06-21 12:43:31.711737 30 520 Franko 859.433642
0 57 16.93 24.44 0.733948 2021-06-21 12:43:32.445685 30 521 Franko 860.16759
0 241 41.39 24.77 1.334419 2021-06-21 12:43:33.780104 30 522 Franko 861.502009
0 53 16.22 24.44 1.058653 2021-06-21 12:43:34.838757 30 523 Franko 862.560662
0 56 16.76 24.44 0.753675 2021-06-21 12:43:35.592432 30 524 Franko 863.314337
0 224 38.29 24.44 0.089215 2021-06-21 12:43:35.681647 30 525 Franko 863.403552
0 110 22.78 24.44 1.876773 2021-06-21 12:43:37.558420 30 526 Franko 865.280325
0 319 57.64 24.44 0.736694 2021-06-21 12:43:38.295114 30 527 Franko 866.017019
0 63 17.91 24.44 0.495466 2021-06-21 12:43:38.790580 30 528 Franko 866.512485
0 158 27.53 24.44 0.999555 2021-06-21 12:43:39.790135 30 529 Franko 867.51204
0 245 42.08 24.44 0.709207 2021-06-21 12:43:40.499342 30 530 Franko 868.221247
0 117 23.34 24.66 2.768423 2021-06-21 12:43:43.267765 30 531 Franko 870.98967
0 271 46.93 24.44 1.550607 2021-06-21 12:43:44.818372 30 532 Franko 872.540277
0 78 19.92 24.44 3.657316 2021-06-21 12:43:48.475688 30 533 Franko 876.197593
0 211 35.96 24.44 0.193634 2021-06-21 12:43:48.669322 30 534 Franko 876.391227
0 156 27.28 24.44 3.193322 2021-06-21 12:43:51.862644 30 535 Franko 879.584549
0 199 33.86 24.44 1.841883 2021-06-21 12:43:53.704527 30 536 Franko 881.426432
0 108 22.63 24.44 0.715562 2021-06-21 12:43:54.420089 30 537 Franko 882.141994
0 304 53.73 24.44 0.821699 2021-06-21 12:43:55.241788 30 538 Franko 882.963693
0 79 20.03 24.44 2.389732 2021-06-21 12:43:57.631520 30 539 Franko 885.353425
0 224 38.29 24.44 0.533442 2021-06-21 12:43:58.164962 30 540 Franko 885.886867
0 51 15.86 24.44 1.640927 2021-06-21 12:43:59.805889 30 541 Franko 887.527794
0 60 17.43 24.44 0.609856 2021-06-21 12:44:00.415745 30 542 Franko 888.13765
0 63 17.91 24.44 0.706464 2021-06-21 12:44:01.122209 30 543 Franko 888.844114
0 185 31.51 24.44 1.256635 2021-06-21 12:44:02.378844 30 544 Franko 890.100749
0 141 25.53 24.44 1.250269 2021-06-21 12:44:03.629113 30 545 Franko 891.351018
0 243 41.74 24.44 0.034032 2021-06-21 12:44:03.663145 30 546 Franko 891.38505
0 127 24.18 24.44 0.204046 2021-06-21 12:44:03.867191 30 547 Franko 891.589096
0 99 21.91 24.44 0.282784 2021-06-21 12:44:04.149975 30 548 Franko 891.87188
0 192 32.67 24.44 5.093885 2021-06-21 12:44:09.243860 30 549 Franko 896.965765
0 364 71.71 24.44 1.595856 2021-06-21 12:44:10.839716 30 550 Franko 898.561621
0 70 18.93 24.66 0.576749 2021-06-21 12:44:11.416465 30 551 Franko 899.13837
0 103 22.23 24.44 0.377453 2021-06-21 12:44:11.793918 30 552 Franko 899.515823
0 167 28.76 24.44 2.613203 2021-06-21 12:44:14.407121 30 553 Franko 902.129026
0 51 15.86 24.44 0.406626 2021-06-21 12:44:14.813747 30 554 Franko 902.535652
0 82 20.36 24.44 0.896796 2021-06-21 12:44:15.710543 30 555 Franko 903.432448
0 103 22.23 24.44 0.112378 2021-06-21 12:44:15.822921 30 556 Franko 903.544826
0 152 26.78 24.44 0.462776 2021-06-21 12:44:16.285697 30 557 Franko 904.007602
0 51 15.86 24.44 0.033869 2021-06-21 12:44:16.319566 30 558 Franko 904.041471
0 120 23.58 24.44 2.188991 2021-06-21 12:44:18.508557 30 559 Franko 906.230462
0 79 20.03 24.44 3.811426 2021-06-21 12:44:22.319983 30 560 Franko 910.041888
0 120 23.58 24.44 0.453338 2021-06-21 12:44:22.773321 30 561 Franko 910.495226
0 143 25.74 24.44 0.620604 2021-06-21 12:44:23.393925 30 562 Franko 911.11583
0 83 20.46 24.44 0.300004 2021-06-21 12:44:23.693929 30 563 Franko 911.415834
0 184 31.36 24.44 0.563447 2021-06-21 12:44:24.257376 30 564 Franko 911.979281
0 143 25.74 24.44 0.215282 2021-06-21 12:44:24.472658 30 565 Franko 912.194563
0 287 50.23 24.44 0.661509 2021-06-21 12:44:25.134167 30 566 Franko 912.856072
0 71 19.06 24.44 0.541307 2021-06-21 12:44:25.675474 30 567 Franko 913.397379
