# layer adc volt temp timediff time detector_muon_count detector_count detector_name
0 71 19.06 24.44 6.329663 2021-06-21 12:46:01.692426 31 616 Franko 1009.414331
0 127 24.18 24.44 0.523418 2021-06-21 12:46:02.215844 31 617 Franko 1009.937749
0 63 17.91 24.77 5.41131 2021-06-21 12:46:07.627154 31 618 Franko 1015.349059
0 67 18.51 24.44 0.97823 2021-06-21 12:46:08.605384 31 619 Franko 1016.327289
0 409 91.12 24.44 0.033873 2021-06-21 12:46:08.639257 31 620 Franko 1016.361162
0 174 29.79 24.44 0.649082 2021-06-21 12:46:09.288339 31 621 Franko 1017.010244
0 51 15.86 24.44 1.064698 2021-06-21 12:46:10.353037 31 622 Franko 1018.074942
0 110 22.78 24.44 2.790955 2021-06-21 12:46:13.143992 31 623 Franko 1020.865897
0 115 23.18 24.44 3.338957 2021-06-21 12:46:16.482949 31 624 Franko 1024.204854
0 153 26.90 24.44 0.963948 2021-06-21 12:46:17.446897 31 625 Franko 1025.168802
0 77 19.81 24.44 2.328864 2021-06-21 12:46:19.775761 31 626 Franko 1027.497666
0 63 17.91 24.98 1.792842 2021-06-21 12:46:21.568603 31 627 Franko 1029.290508
0 60 17.43 24.44 2.645902 2021-06-21 12:46:24.214505 31 628 Franko 1031.93641
0 112 22.94 24.44 0.355658 2021-06-21 12:46:24.570163 31 629 Franko 1032.292068
0 211 35.96 24.44 1.516537 2021-06-21 12:46:26.086700 31 630 Franko 1033.808605
0 71 19.06 24.44 3.667918 2021-06-21 12:46:29.754618 31 631 Franko 1037.476523
0 71 19.06 24.44 1.421493 2021-06-21 12:46:31.176111 31 632 Franko 1038.898016
0 224 38.29 24.44 2.9636 2021-06-21 12:46:34.139711 31 633 Franko 1041.861616
0 88 20.96 24.44 0.34666 2021-06-21 12:46:34.486371 31 634 Franko 1042.208276
0 199 33.86 24.44 4.051953 2021-06-21 12:46:38.538324 31 635 Franko 1046.260229
0 338 62.67 24.44 1.723551 2021-06-21 12:46:40.261875 31 636 Franko 1047.98378
0 112 22.94 24.44 0.402177 2021-06-21 12:46:40.664052 31 637 Franko 1048.385957
0 62 17.75 24.98 1.670511 2021-06-21 12:46:42.334563 31 638 Franko 1050.056468
0 153 26.90 24.44 0.079125 2021-06-21 12:46:42.413688 31 639 Franko 1050.135593
0 76 19.69 24.44 0.220429 2021-06-21 12:46:42.634117 31 640 Franko 1050.356022
0 99 21.91 24.66 1.379915 2021-06-21 12:46:44.014032 31 641 Franko 1051.735937
0 147 26.19 24.44 0.069727 2021-06-21 12:46:44.083759 31 642 Franko 1051.805664
0 79 20.03 24.44 2.117228 2021-06-21 12:46:46.200987 31 643 Franko 1053.922892
0 213 36.33 24.44 0.446488 2021-06-21 12:46:46.647475 31 644 Franko 1054.36938
0 217 37.04 24.44 2.582584 2021-06-21 12:46:49.230059 31 645 Franko 1056.951964
0 280 48.67 24.44 2.360412 2021-06-21 12:46:51.590471 31 646 Franko 1059.312376
0 92 21.32 24.44 0.81997 2021-06-21 12:46:52.410441 31 647 Franko 1060.132346
0 284 49.41 24.44 1.690038 2021-06-21 12:46:54.100479 31 648 Franko 1061.822384
0 163 28.20 24.44 0.246192 2021-06-21 12:46:54.346671 31 649 Franko 1062.068576
0 412 92.93 24.44 1.126684 2021-06-21 12:46:55.473355 31 650 Franko 1063.19526
0 199 33.86 24.44 1.577197 2021-06-21 12:46:57.050552 31 651 Franko 1064.772457
0 89 21.05 24.44 1.077908 2021-06-21 12:46:58.128460 31 652 Franko 1065.850365
0 71 19.06 24.44 0.033882 2021-06-21 12:46:58.162342 31 653 Franko 1065.884247
0 92 21.32 24.44 3.435995 2021-06-21 12:47:01.598337 31 654 Franko 1069.320242
0 67 18.51 24.44 0.870009 2021-06-21 12:47:02.468346 31 655 Franko 1070.190251
0 146 26.08 24.44 1.252791 2021-06-21 12:47:03.721137 31 656 Franko 1071.443042
0 300 52.79 24.77 1.500269 2021-06-21 12:47:05.221406 31 657 Franko 1072.943311
0 174 29.79 24.44 0.033898 2021-06-21 12:47:05.255304 31 658 Franko 1072.977209
0 63 17.91 24.44 2.090149 2021-06-21 12:47:07.345453 31 659 Franko 1075.067358
0 60 17.43 24.44 0.117293 2021-06-21 12:47:07.462746 31 660 Franko 1075.184651
0 110 22.78 24.44 0.203236 2021-06-21 12:47:07.665982 31 661 Franko 1075.387887
0 167 28.76 24.66 2.397284 2021-06-21 12:47:10.063266 31 662 Franko 1077.785171
0 49 15.48 24.44 0.42297 2021-06-21 12:47:10.486236 31 663 Franko 1078.208141
0 51 15.86 24.44 2.508829 2021-06-21 12:47:12.995065 31 664 Franko 1080.71697
0 280 48.67 24.44 0.210856 2021-06-21 12:47:13.205921 31 665 Franko 1080.927826
