# layer adc volt temp timediff time detector_muon_count detector_count detector_name
0 103 22.23 24.44 0.45657 2021-06-21 13:12:49.100078 81 1654 Franko 2616.821983
0 158 27.53 24.44 0.567748 2021-06-21 13:12:49.667826 81 1655 Franko 2617.389731
0 83 20.46 24.44 0.892498 2021-06-21 13:12:50.560324 81 1656 Franko 2618.282229
0 88 20.96 24.66 2.418283 2021-06-21 13:12:52.978607 81 1657 Franko 2620.700512
0 94 21.50 24.66 1.13942 2021-06-21 13:12:54.118027 81 1658 Franko 2621.839932
0 110 22.78 24.66 2.450439 2021-06-21 13:12:56.568466 81 1659 Franko 2624.290371
0 600 203.87 24.44 1.08936 2021-06-21 13:12:57.657826 81 1660 Franko 2625.379731
0 263 45.37 24.44 0.867624 2021-06-21 13:12:58.525450 81 1661 Franko 2626.247355
0 179 30.55 24.66 0.288366 2021-06-21 13:12:58.813816 81 1662 Franko 2626.535721
0 83 20.46 24.66 2.500517 2021-06-21 13:13:01.314333 81 1663 Franko 2629.036238
0 79 20.03 24.66 2.605812 2021-06-21 13:13:03.920145 81 1664 Franko 2631.64205
0 49 15.48 24.66 2.144564 2021-06-21 13:13:06.064709 81 1665 Franko 2633.786614
0 89 21.05 24.44 3.238042 2021-06-21 13:13:09.302751 81 1666 Franko 2637.024656
0 71 19.06 24.66 1.494978 2021-06-21 13:13:10.797729 81 1667 Franko 2638.519634
0 61 17.60 24.44 0.981279 2021-06-21 13:13:11.779008 81 1668 Franko 2639.500913
0 49 15.48 24.66 0.123524 2021-06-21 13:13:11.902532 81 1669 Franko 2639.624437
0 103 22.23 24.44 0.930813 2021-06-21 13:13:12.833345 81 1670 Franko 2640.55525
0 163 28.20 24.66 3.695427 2021-06-21 13:13:16.528772 81 1671 Franko 2644.250677
0 192 32.67 24.66 3.467676 2021-06-21 13:13:19.996448 81 1672 Franko 2647.718353
0 240 41.21 24.44 2.138485 2021-06-21 13:13:22.134933 81 1673 Franko 2649.856838
0 224 38.29 24.87 2.395043 2021-06-21 13:13:24.529976 81 1674 Franko 2652.251881
1 755 529.80 24.44 0.023449 2021-06-21 13:13:24.553425 29 30 M 2652.27533
2 536 160.18 103.40 0.000794 2021-06-21 13:13:24.554219 27 28 rens 2652.276124
0 78 19.92 24.44 0.322946 2021-06-21 13:13:24.877165 82 1675 Franko 2652.59907
0 499 141.24 24.44 0.192122 2021-06-21 13:13:25.069287 82 1676 Franko 2652.791192
0 207 35.26 24.66 2.029167 2021-06-21 13:13:27.098454 82 1677 Franko 2654.820359
0 153 26.90 24.87 0.034096 2021-06-21 13:13:27.132550 82 1678 Franko 2654.854455
0 153 26.90 24.44 1.165109 2021-06-21 13:13:28.297659 82 1679 Franko 2656.019564
0 556 174.47 24.44 1.294944 2021-06-21 13:13:29.592603 82 1680 Franko 2657.314508
0 108 22.63 24.66 1.194401 2021-06-21 13:13:30.787004 82 1681 Franko 2658.508909
0 114 23.10 24.44 4.850186 2021-06-21 13:13:35.637190 82 1682 Franko 2663.359095
0 384 80.08 24.44 0.235541 2021-06-21 13:13:35.872731 82 1683 Franko 2663.594636
0 56 16.76 24.44 0.251371 2021-06-21 13:13:36.124102 82 1684 Franko 2663.846007
0 63 17.91 24.44 2.686478 2021-06-21 13:13:38.810580 82 1685 Franko 2666.532485
0 242 41.58 24.44 0.177733 2021-06-21 13:13:38.988313 82 1686 Franko 2666.710218
0 124 23.92 24.77 0.542553 2021-06-21 13:13:39.530866 82 1687 Franko 2667.252771
0 117 23.34 24.44 0.125448 2021-06-21 13:13:39.656314 82 1688 Franko 2667.378219
0 178 30.40 24.66 0.470553 2021-06-21 13:13:40.126867 82 1689 Franko 2667.848772
0 192 32.67 24.44 1.809524 2021-06-21 13:13:41.936391 82 1690 Franko 2669.658296
0 94 21.50 24.44 1.110121 2021-06-21 13:13:43.046512 82 1691 Franko 2670.768417
0 472 125.87 24.66 1.161603 2021-06-21 13:13:44.208115 82 1692 Franko 2671.93002
0 83 20.46 24.66 1.774584 2021-06-21 13:13:45.982699 82 1693 Franko 2673.704604
0 60 17.43 24.44 0.106191 2021-06-21 13:13:46.088890 82 1694 Franko 2673.810795
0 67 18.51 24.44 0.058836 2021-06-21 13:13:46.147726 82 1695 Franko 2673.869631
0 49 15.48 24.44 1.570185 2021-06-21 13:13:47.717911 82 1696 Franko 2675.439816
0 67 18.51 24.44 2.874049 2021-06-21 13:13:50.591960 82 1697 Franko 2678.313865
0 280 48.67 24.66 0.678882 2021-06-21 13:13:51.270842 82 1698 Franko 2678.992747
0 135 24.92 24.44 0.406924 2021-06-21 13:13:51.677766 82 1699 Franko 2679.399671
0 121 23.66 24.66 3.803957 2021-06-21 13:13:55.481723 82 1700 Franko 2683.203628
0 368 72.93 24.66 4.227995 2021-06-21 13:13:59.709718 82 1701 Franko 2687.431623
