# layer adc volt temp timediff time detector_muon_count detector_count detector_name
0 63 17.91 24.44 10 2021-06-21 12:29:16.343241 0 1 Franko 4.065146
0 135 24.92 24.44 0.670638 2021-06-21 12:29:17.013879 0 2 Franko 4.735784
0 103 22.23 24.44 1.334572 2021-06-21 12:29:18.348451 0 3 Franko 6.070356
0 217 37.04 24.44 2.008922 2021-06-21 12:29:20.357373 0 4 Franko 8.079278
0 63 17.91 24.44 1.307151 2021-06-21 12:29:21.664524 0 5 Franko 9.386429
0 83 20.46 24.44 3.16408 2021-06-21 12:29:24.828604 0 6 Franko 12.550509
0 396 85.28 24.44 1.873639 2021-06-21 12:29:26.702243 0 7 Franko 14.424148
0 71 19.06 24.44 0.053229 2021-06-21 12:29:26.755472 0 8 Franko 14.477377
0 67 18.51 24.44 3.344993 2021-06-21 12:29:30.100465 0 9 Franko 17.82237
0 71 19.06 24.44 3.343901 2021-06-21 12:29:33.444366 0 10 Franko 21.166271
0 103 22.23 24.44 0.08708 2021-06-21 12:29:33.531446 0 11 Franko 21.253351
0 230 39.39 24.44 1.843568 2021-06-21 12:29:35.375014 0 12 Franko 23.096919
0 63 17.91 24.44 0.579583 2021-06-21 12:29:35.954597 0 13 Franko 23.676502
2 83 20.46 24.98 0.117867 2021-06-21 12:29:36.072464 0 1 Cecile 23.794369
0 142 25.64 24.44 0.01575 2021-06-21 12:29:36.088214 0 14 Franko 23.810119
0 184 31.36 24.44 7.588016 2021-06-21 12:29:43.676230 1 15 Franko 31.398135
1 327 59.28 24.34 0.917863 2021-06-21 12:29:44.594093 0 1 Niels 32.315998
0 120 23.58 24.44 0.014828 2021-06-21 12:29:44.608921 1 16 Franko 32.330826
0 127 24.18 24.44 0.444811 2021-06-21 12:29:45.053732 2 17 Franko 32.775637
0 71 19.06 24.44 3.688872 2021-06-21 12:29:48.742604 2 18 Franko 36.464509
0 167 28.76 24.44 0.677101 2021-06-21 12:29:49.419705 2 19 Franko 37.14161
0 112 22.94 24.44 1.355399 2021-06-21 12:29:50.775104 2 20 Franko 38.497009
0 57 16.93 24.44 0.936474 2021-06-21 12:29:51.711578 2 21 Franko 39.433483
0 89 21.05 24.44 0.97293 2021-06-21 12:29:52.684508 2 22 Franko 40.406413
0 231 39.55 24.44 0.93975 2021-06-21 12:29:53.624258 2 23 Franko 41.346163
0 94 21.50 24.44 1.369034 2021-06-21 12:29:54.993292 2 24 Franko 42.715197
0 135 24.92 24.44 1.390121 2021-06-21 12:29:56.383413 2 25 Franko 44.105318
0 284 49.41 24.44 0.354808 2021-06-21 12:29:56.738221 2 26 Franko 44.460126
0 192 32.67 24.44 1.030117 2021-06-21 12:29:57.768338 2 27 Franko 45.490243
0 63 17.91 24.44 2.87246 2021-06-21 12:30:00.640798 2 28 Franko 48.362703
0 287 50.23 24.44 2.968638 2021-06-21 12:30:03.609436 2 29 Franko 51.331341
0 51 15.86 24.44 0.350762 2021-06-21 12:30:03.960198 2 30 Franko 51.682103
0 89 21.05 24.44 1.606765 2021-06-21 12:30:05.566963 2 31 Franko 53.288868
0 163 28.20 24.44 0.033922 2021-06-21 12:30:05.600885 2 32 Franko 53.32279
0 255 43.96 24.44 2.14133 2021-06-21 12:30:07.742215 2 33 Franko 55.46412
2 88 20.96 24.12 2.354321 2021-06-21 12:30:10.096536 0 1 MattiaCosmicWatch 57.818441
0 271 46.93 24.44 0.02762 2021-06-21 12:30:10.124156 2 34 Franko 57.846061
0 107 22.55 24.44 5.614123 2021-06-21 12:30:15.738279 3 35 Franko 63.460184
0 99 21.91 24.44 0.117319 2021-06-21 12:30:15.855598 3 36 Franko 63.577503
0 82 20.36 24.44 0.131641 2021-06-21 12:30:15.987239 3 37 Franko 63.709144
0 184 31.36 24.44 8.794688 2021-06-21 12:30:24.781927 3 38 Franko 72.503832
0 57 16.93 24.44 0.63498 2021-06-21 12:30:25.416907 3 39 Franko 73.138812
0 96 21.67 24.44 0.653645 2021-06-21 12:30:26.070552 3 40 Franko 73.792457
0 127 24.18 24.44 0.803448 2021-06-21 12:30:26.874000 3 41 Franko 74.595905
0 76 19.69 24.44 1.694193 2021-06-21 12:30:28.568193 3 42 Franko 76.290098
0 195 33.17 24.44 1.734001 2021-06-21 12:30:30.302194 3 43 Franko 78.024099
0 206 35.07 24.44 0.645348 2021-06-21 12:30:30.947542 3 44 Franko 78.669447
0 102 22.15 24.44 0.665394 2021-06-21 12:30:31.612936 3 45 Franko 79.334841
0 67 18.51 24.44 0.034819 2021-06-21 12:30:31.647755 3 46 Franko 79.36966
0 114 23.10 24.44 3.731751 2021-06-21 12:30:35.379506 3 47 Franko 83.101411
