# layer adc volt temp timediff time detector_muon_count detector_count detector_name
0 167 28.76 24.66 0.034596 2021-06-21 13:28:15.425251 100 2277 Franko 3543.147156
0 508 144.95 24.77 2.715719 2021-06-21 13:28:18.140970 100 2278 Franko 3545.862875
0 57 16.93 24.66 4.252507 2021-06-21 13:28:22.393477 100 2279 Franko 3550.115382
0 121 23.66 24.44 0.559706 2021-06-21 13:28:22.953183 100 2280 Franko 3550.675088
0 63 17.91 24.66 3.57128 2021-06-21 13:28:26.524463 100 2281 Franko 3554.246368
0 113 23.02 24.66 2.592037 2021-06-21 13:28:29.116500 100 2282 Franko 3556.838405
1 103 22.23 24.44 0.023673 2021-06-21 13:28:29.140173 19 20 Niels 3556.862078
0 57 16.93 24.66 2.91442 2021-06-21 13:28:32.054593 101 2283 Franko 3559.776498
0 268 46.26 24.44 0.186737 2021-06-21 13:28:32.241330 101 2284 Franko 3559.963235
0 140 25.42 24.66 2.651389 2021-06-21 13:28:34.892719 101 2285 Franko 3562.614624
0 287 50.23 24.44 0.076996 2021-06-21 13:28:34.969715 101 2286 Franko 3562.69162
0 56 16.76 24.77 0.504215 2021-06-21 13:28:35.473930 101 2287 Franko 3563.195835
0 63 17.91 24.44 0.807903 2021-06-21 13:28:36.281833 101 2288 Franko 3564.003738
0 60 17.43 24.87 0.300782 2021-06-21 13:28:36.582615 101 2289 Franko 3564.30452
0 156 27.28 24.87 3.009351 2021-06-21 13:28:39.591966 101 2290 Franko 3567.313871
0 62 17.75 25.41 6.295193 2021-06-21 13:28:45.887159 101 2291 Franko 3573.609064
0 113 23.02 24.77 0.536978 2021-06-21 13:28:46.424137 101 2292 Franko 3574.146042
0 287 50.23 24.87 1.85552 2021-06-21 13:28:48.279657 101 2293 Franko 3576.001562
0 231 39.55 25.09 1.971992 2021-06-21 13:28:50.251649 101 2294 Franko 3577.973554
0 99 21.91 24.87 3.984475 2021-06-21 13:28:54.236124 101 2295 Franko 3581.958029
1 88 20.96 24.44 0.868863 2021-06-21 13:28:55.104987 37 38 M 3582.826892
0 176 30.09 25.30 0.01708 2021-06-21 13:28:55.122067 101 2296 Franko 3582.843972
1 206 35.07 24.44 2.093981 2021-06-21 13:28:57.216048 38 39 M 3584.937953
2 455 117.03 86.32 0.018044 2021-06-21 13:28:57.234092 35 36 rens 3584.955997
0 96 21.67 24.66 0.004296 2021-06-21 13:28:57.238388 102 2297 Franko 3584.960293
0 334 61.44 25.09 0.904984 2021-06-21 13:28:58.143372 103 2298 Franko 3585.865277
0 108 22.63 25.20 0.034897 2021-06-21 13:28:58.178269 103 2299 Franko 3585.900174
0 120 23.58 25.09 3.768502 2021-06-21 13:29:01.946771 103 2300 Franko 3589.668676
0 499 141.24 24.44 3.949339 2021-06-21 13:29:05.896110 103 2301 Franko 3593.618015
0 96 21.67 24.87 1.259514 2021-06-21 13:29:07.155624 103 2302 Franko 3594.877529
0 51 15.86 24.77 0.844863 2021-06-21 13:29:08.000487 103 2303 Franko 3595.722392
0 56 16.76 24.87 0.973527 2021-06-21 13:29:08.974014 103 2304 Franko 3596.695919
0 126 24.09 25.41 0.435814 2021-06-21 13:29:09.409828 103 2305 Franko 3597.131733
0 53 16.22 25.09 0.720494 2021-06-21 13:29:10.130322 103 2306 Franko 3597.852227
0 112 22.94 25.09 3.790201 2021-06-21 13:29:13.920523 103 2307 Franko 3601.642428
0 63 17.91 24.87 1.024386 2021-06-21 13:29:14.944909 103 2308 Franko 3602.666814
0 120 23.58 25.20 2.081578 2021-06-21 13:29:17.026487 103 2309 Franko 3604.748392
0 110 22.78 25.09 0.391716 2021-06-21 13:29:17.418203 103 2310 Franko 3605.140108
0 108 22.63 25.20 1.742719 2021-06-21 13:29:19.160922 103 2311 Franko 3606.882827
0 312 55.68 25.20 0.908318 2021-06-21 13:29:20.069240 103 2312 Franko 3607.791145
0 60 17.43 25.09 5.756513 2021-06-21 13:29:25.825753 103 2313 Franko 3613.547658
0 224 38.29 25.20 1.363891 2021-06-21 13:29:27.189644 103 2314 Franko 3614.911549
0 83 20.46 25.09 0.190067 2021-06-21 13:29:27.379711 103 2315 Franko 3615.101616
0 376 76.43 24.87 5.934388 2021-06-21 13:29:33.314099 103 2316 Franko 3621.036004
0 97 21.75 25.52 2.676297 2021-06-21 13:29:35.990396 103 2317 Franko 3623.712301
0 229 39.22 25.20 1.032446 2021-06-21 13:29:37.022842 103 2318 Franko 3624.744747
0 286 49.78 25.30 3.230708 2021-06-21 13:29:40.253550 103 2319 Franko 3627.975455
0 62 17.75 25.30 0.133072 2021-06-21 13:29:40.386622 103 2320 Franko 3628.108527
0 319 57.64 25.09 3.540028 2021-06-21 13:29:43.926650 103 2321 Franko 3631.648555
0 193 32.84 25.30 0.254762 2021-06-21 13:29:44.181412 103 2322 Franko 3631.903317
