# layer adc volt temp timediff time detector_muon_count detector_count detector_name
0 60 17.43 24.66 1.901327 2021-06-21 12:59:08.670030 50 1143 Franko 1796.391935
0 216 36.85 24.66 0.79636 2021-06-21 12:59:09.466390 50 1144 Franko 1797.188295
0 67 18.51 24.87 0.967701 2021-06-21 12:59:10.434091 50 1145 Franko 1798.155996
0 513 148.53 24.44 0.879199 2021-06-21 12:59:11.313290 50 1146 Franko 1799.035195
0 71 19.06 25.09 1.241111 2021-06-21 12:59:12.554401 50 1147 Franko 1800.276306
0 353 67.64 24.66 0.636628 2021-06-21 12:59:13.191029 50 1148 Franko 1800.912934
0 115 23.18 24.66 3.495662 2021-06-21 12:59:16.686691 50 1149 Franko 1804.408596
0 76 19.69 24.77 1.143045 2021-06-21 12:59:17.829736 50 1150 Franko 1805.551641
0 57 16.93 24.66 0.734288 2021-06-21 12:59:18.564024 50 1151 Franko 1806.285929
0 63 17.91 24.66 0.080763 2021-06-21 12:59:18.644787 50 1152 Franko 1806.366692
0 345 64.98 24.87 0.477601 2021-06-21 12:59:19.122388 50 1153 Franko 1806.844293
0 240 41.21 24.77 1.141749 2021-06-21 12:59:20.264137 50 1154 Franko 1807.986042
0 76 19.69 24.98 2.361351 2021-06-21 12:59:22.625488 50 1155 Franko 1810.347393
0 127 24.18 24.87 0.457292 2021-06-21 12:59:23.082780 50 1156 Franko 1810.804685
0 57 16.93 24.66 1.469208 2021-06-21 12:59:24.551988 50 1157 Franko 1812.273893
0 231 39.55 25.09 2.042401 2021-06-21 12:59:26.594389 50 1158 Franko 1814.316294
0 167 28.76 24.87 0.663695 2021-06-21 12:59:27.258084 50 1159 Franko 1814.979989
0 137 25.12 24.87 0.544585 2021-06-21 12:59:27.802669 50 1160 Franko 1815.524574
0 448 112.41 24.66 1.581185 2021-06-21 12:59:29.383854 50 1161 Franko 1817.105759
0 163 28.20 24.66 1.363699 2021-06-21 12:59:30.747553 50 1162 Franko 1818.469458
0 252 43.42 25.20 0.827171 2021-06-21 12:59:31.574724 50 1163 Franko 1819.296629
0 56 16.76 25.41 0.114965 2021-06-21 12:59:31.689689 50 1164 Franko 1819.411594
0 179 30.55 24.66 0.642017 2021-06-21 12:59:32.331706 50 1165 Franko 1820.053611
0 56 16.76 24.66 0.545835 2021-06-21 12:59:32.877541 50 1166 Franko 1820.599446
0 60 17.43 24.98 0.736127 2021-06-21 12:59:33.613668 50 1167 Franko 1821.335573
0 113 23.02 25.09 1.245192 2021-06-21 12:59:34.858860 50 1168 Franko 1822.580765
0 131 24.54 25.09 4.74327 2021-06-21 12:59:39.602130 50 1169 Franko 1827.324035
0 67 18.51 25.20 0.869512 2021-06-21 12:59:40.471642 50 1170 Franko 1828.193547
0 108 22.63 25.30 3.701226 2021-06-21 12:59:44.172868 50 1171 Franko 1831.894773
0 326 59.13 24.98 0.35421 2021-06-21 12:59:44.527078 50 1172 Franko 1832.248983
2 92 21.32 26.05 0.023492 2021-06-21 12:59:44.550570 2 3 Cecile 1832.272475
0 560 175.34 24.44 8.602222 2021-06-21 12:59:53.152792 51 1173 Franko 1840.874697
0 135 24.92 25.09 0.575223 2021-06-21 12:59:53.728015 51 1174 Franko 1841.44992
0 63 17.91 25.09 2.526641 2021-06-21 12:59:56.254656 51 1175 Franko 1843.976561
0 60 17.43 25.09 2.585197 2021-06-21 12:59:58.839853 51 1176 Franko 1846.561758
0 255 43.96 25.09 0.672201 2021-06-21 12:59:59.512054 51 1177 Franko 1847.233959
2 225 38.48 24.44 4.300115 2021-06-21 13:00:03.812169 11 12 MattiaCosmicWatch 1851.534074
0 185 31.51 25.20 0.033989 2021-06-21 13:00:03.846158 51 1178 Franko 1851.568063
0 409 91.12 25.41 1.727921 2021-06-21 13:00:05.574079 52 1179 Franko 1853.295984
2 49 15.48 24.44 0.05462 2021-06-21 13:00:05.628699 12 13 MattiaCosmicWatch 1853.350604
0 131 24.54 25.09 0.03301 2021-06-21 13:00:05.661709 52 1180 Franko 1853.383614
0 78 19.92 25.09 0.479616 2021-06-21 13:00:06.141325 53 1181 Franko 1853.86323
0 103 22.23 25.20 2.384538 2021-06-21 13:00:08.525863 53 1182 Franko 1856.247768
0 135 24.92 24.87 1.140073 2021-06-21 13:00:09.665936 53 1183 Franko 1857.387841
0 225 38.48 24.66 0.03375 2021-06-21 13:00:09.699686 53 1184 Franko 1857.421591
0 62 17.75 25.20 1.358534 2021-06-21 13:00:11.058220 53 1185 Franko 1858.780125
0 76 19.69 24.87 0.583351 2021-06-21 13:00:11.641571 53 1186 Franko 1859.363476
0 254 43.77 25.20 0.777349 2021-06-21 13:00:12.418920 53 1187 Franko 1860.140825
0 53 16.22 25.41 3.206477 2021-06-21 13:00:15.625397 53 1188 Franko 1863.347302
0 142 25.64 25.09 0.665175 2021-06-21 13:00:16.290572 53 1189 Franko 1864.012477
