# layer adc volt temp timediff time detector_muon_count detector_count detector_name
1 60 17.43 24.44 0.023758 2021-06-21 13:02:36.341627 17 18 M 2004.063532
0 82 20.36 25.30 1.25277 2021-06-21 13:02:37.594397 59 1285 Franko 2005.316302
0 332 61.17 25.30 2.62578 2021-06-21 13:02:40.220177 59 1286 Franko 2007.942082
0 78 19.92 25.20 6.764439 2021-06-21 13:02:46.984616 59 1287 Franko 2014.706521
0 248 42.69 25.20 3.283452 2021-06-21 13:02:50.268068 59 1288 Franko 2017.989973
0 78 19.92 25.20 0.809011 2021-06-21 13:02:51.077079 59 1289 Franko 2018.798984
0 50 15.67 25.20 3.019577 2021-06-21 13:02:54.096656 59 1290 Franko 2021.818561
0 76 19.69 25.20 0.62104 2021-06-21 13:02:54.717696 59 1291 Franko 2022.439601
0 51 15.86 24.98 1.329328 2021-06-21 13:02:56.047024 59 1292 Franko 2023.768929
0 79 20.03 25.52 0.274002 2021-06-21 13:02:56.321026 59 1293 Franko 2024.042931
0 467 121.56 25.41 0.682497 2021-06-21 13:02:57.003523 59 1294 Franko 2024.725428
0 69 18.79 25.20 1.932378 2021-06-21 13:02:58.935901 59 1295 Franko 2026.657806
0 89 21.05 25.09 0.316558 2021-06-21 13:02:59.252459 59 1296 Franko 2026.974364
2 184 31.36 30.24 0.022327 2021-06-21 13:02:59.274786 16 17 rens 2026.996691
0 152 26.78 25.09 2.787104 2021-06-21 13:03:02.061890 60 1297 Franko 2029.783795
0 255 43.96 25.30 1.051738 2021-06-21 13:03:03.113628 60 1298 Franko 2030.835533
0 480 130.21 24.66 2.590515 2021-06-21 13:03:05.704143 60 1299 Franko 2033.426048
0 92 21.32 25.20 0.333981 2021-06-21 13:03:06.038124 60 1300 Franko 2033.760029
0 184 31.36 25.20 0.116102 2021-06-21 13:03:06.154226 60 1301 Franko 2033.876131
0 56 16.76 25.09 1.344711 2021-06-21 13:03:07.498937 60 1302 Franko 2035.220842
0 124 23.92 24.87 0.824155 2021-06-21 13:03:08.323092 60 1303 Franko 2036.044997
0 66 18.36 25.20 0.39791 2021-06-21 13:03:08.721002 60 1304 Franko 2036.442907
0 263 45.37 25.20 1.201017 2021-06-21 13:03:09.922019 60 1305 Franko 2037.643924
0 319 57.64 25.30 0.461387 2021-06-21 13:03:10.383406 60 1306 Franko 2038.105311
0 79 20.03 24.87 0.339383 2021-06-21 13:03:10.722789 60 1307 Franko 2038.444694
0 152 26.78 25.30 4.992556 2021-06-21 13:03:15.715345 60 1308 Franko 2043.43725
0 102 22.15 25.09 0.202798 2021-06-21 13:03:15.918143 60 1309 Franko 2043.640048
0 460 119.54 24.87 0.453858 2021-06-21 13:03:16.372001 60 1310 Franko 2044.093906
0 419 97.20 24.87 0.034271 2021-06-21 13:03:16.406272 60 1311 Franko 2044.128177
0 82 20.36 24.87 1.0314 2021-06-21 13:03:17.437672 60 1312 Franko 2045.159577
0 108 22.63 24.66 3.141226 2021-06-21 13:03:20.578898 60 1313 Franko 2048.300803
0 61 17.60 25.09 0.607583 2021-06-21 13:03:21.186481 60 1314 Franko 2048.908386
0 355 68.30 25.20 1.974088 2021-06-21 13:03:23.160569 60 1315 Franko 2050.882474
0 242 41.58 25.09 4.542121 2021-06-21 13:03:27.702690 60 1316 Franko 2055.424595
0 221 37.76 25.30 1.637067 2021-06-21 13:03:29.339757 60 1317 Franko 2057.061662
0 83 20.46 25.09 1.265266 2021-06-21 13:03:30.605023 60 1318 Franko 2058.326928
0 96 21.67 24.87 1.351113 2021-06-21 13:03:31.956136 60 1319 Franko 2059.678041
0 172 29.49 25.30 0.949766 2021-06-21 13:03:32.905902 60 1320 Franko 2060.627807
0 103 22.23 25.30 1.40589 2021-06-21 13:03:34.311792 60 1321 Franko 2062.033697
1 56 16.76 24.44 0.02331 2021-06-21 13:03:34.335102 18 19 M 2062.057007
0 275 47.73 24.87 1.647244 2021-06-21 13:03:35.982346 61 1322 Franko 2063.704251
0 112 22.94 25.20 3.216647 2021-06-21 13:03:39.198993 61 1323 Franko 2066.920898
0 103 22.23 24.87 1.24917 2021-06-21 13:03:40.448163 61 1324 Franko 2068.170068
0 199 33.86 25.20 0.639435 2021-06-21 13:03:41.087598 61 1325 Franko 2068.809503
0 49 15.48 24.87 1.594459 2021-06-21 13:03:42.682057 61 1326 Franko 2070.403962
0 56 16.76 24.66 2.276102 2021-06-21 13:03:44.958159 61 1327 Franko 2072.680064
0 83 20.46 25.09 0.41476 2021-06-21 13:03:45.372919 61 1328 Franko 2073.094824
0 140 25.42 24.66 4.550845 2021-06-21 13:03:49.923764 61 1329 Franko 2077.645669
0 61 17.60 25.30 0.62577 2021-06-21 13:03:50.549534 61 1330 Franko 2078.271439
0 134 24.82 24.87 2.925691 2021-06-21 13:03:53.475225 61 1331 Franko 2081.19713
