# layer adc volt temp timediff time detector_muon_count detector_count detector_name
2 126 24.09 19.61 1.019531 2021-06-21 13:18:38.760155 28 29 rens 2966.48206
0 73 19.32 24.87 0.021374 2021-06-21 13:18:38.781529 84 1899 Franko 2966.503434
0 67 18.51 24.87 0.973856 2021-06-21 13:18:39.755385 85 1900 Franko 2967.47729
0 56 16.76 25.30 4.060403 2021-06-21 13:18:43.815788 85 1901 Franko 2971.537693
0 63 17.91 24.98 0.908428 2021-06-21 13:18:44.724216 85 1902 Franko 2972.446121
0 526 158.17 24.98 0.711804 2021-06-21 13:18:45.436020 85 1903 Franko 2973.157925
0 135 24.92 25.20 3.2607 2021-06-21 13:18:48.696720 85 1904 Franko 2976.418625
0 51 15.86 25.20 0.58422 2021-06-21 13:18:49.280940 85 1905 Franko 2977.002845
0 376 76.43 25.20 4.033945 2021-06-21 13:18:53.314885 85 1906 Franko 2981.03679
0 78 19.92 25.20 3.429754 2021-06-21 13:18:56.744639 85 1907 Franko 2984.466544
0 483 132.60 24.87 1.151584 2021-06-21 13:18:57.896223 85 1908 Franko 2985.618128
0 112 22.94 25.20 0.467376 2021-06-21 13:18:58.363599 85 1909 Franko 2986.085504
0 96 21.67 25.09 3.986685 2021-06-21 13:19:02.350284 85 1910 Franko 2990.072189
0 384 80.08 25.09 0.224097 2021-06-21 13:19:02.574381 85 1911 Franko 2990.296286
0 159 27.66 25.20 1.101027 2021-06-21 13:19:03.675408 85 1912 Franko 2991.397313
0 71 19.06 25.20 1.286363 2021-06-21 13:19:04.961771 85 1913 Franko 2992.683676
0 50 15.67 25.41 0.376955 2021-06-21 13:19:05.338726 85 1914 Franko 2993.060631
0 135 24.92 24.87 0.329564 2021-06-21 13:19:05.668290 85 1915 Franko 2993.390195
0 106 22.47 25.30 0.094815 2021-06-21 13:19:05.763105 85 1916 Franko 2993.48501
1 88 20.96 25.09 0.023309 2021-06-21 13:19:05.786414 30 31 M 2993.508319
2 94 21.50 7.69 0.000765 2021-06-21 13:19:05.787179 29 30 rens 2993.509084
0 120 23.58 25.41 0.888503 2021-06-21 13:19:06.675682 86 1917 Franko 2994.397587
0 71 19.06 25.30 0.211983 2021-06-21 13:19:06.887665 86 1918 Franko 2994.60957
0 167 28.76 24.66 0.85167 2021-06-21 13:19:07.739335 86 1919 Franko 2995.46124
0 184 31.36 24.87 0.546373 2021-06-21 13:19:08.285708 86 1920 Franko 2996.007613
0 50 15.67 24.87 0.034201 2021-06-21 13:19:08.319909 86 1921 Franko 2996.041814
0 88 20.96 24.87 0.269806 2021-06-21 13:19:08.589715 86 1922 Franko 2996.31162
0 101 22.08 24.87 0.841089 2021-06-21 13:19:09.430804 86 1923 Franko 2997.152709
0 89 21.05 24.98 0.270802 2021-06-21 13:19:09.701606 86 1924 Franko 2997.423511
0 117 23.34 25.20 2.627765 2021-06-21 13:19:12.329371 86 1925 Franko 3000.051276
0 60 17.43 24.98 1.703335 2021-06-21 13:19:14.032706 86 1926 Franko 3001.754611
0 140 25.42 25.30 0.271179 2021-06-21 13:19:14.303885 86 1927 Franko 3002.02579
0 92 21.32 25.20 0.647057 2021-06-21 13:19:14.950942 86 1928 Franko 3002.672847
0 63 17.91 24.77 1.449572 2021-06-21 13:19:16.400514 86 1929 Franko 3004.122419
0 79 20.03 25.30 0.968276 2021-06-21 13:19:17.368790 86 1930 Franko 3005.090695
0 79 20.03 25.63 0.585316 2021-06-21 13:19:17.954106 86 1931 Franko 3005.676011
0 358 69.10 25.20 0.562889 2021-06-21 13:19:18.516995 86 1932 Franko 3006.2389
0 286 49.78 25.52 4.797412 2021-06-21 13:19:23.314407 86 1933 Franko 3011.036312
0 126 24.09 25.30 2.200377 2021-06-21 13:19:25.514784 86 1934 Franko 3013.236689
0 81 20.25 25.20 1.977454 2021-06-21 13:19:27.492238 86 1935 Franko 3015.214143
0 112 22.94 25.20 0.524018 2021-06-21 13:19:28.016256 86 1936 Franko 3015.738161
0 67 18.51 25.30 1.487287 2021-06-21 13:19:29.503543 86 1937 Franko 3017.225448
0 78 19.92 24.87 1.094225 2021-06-21 13:19:30.597768 86 1938 Franko 3018.319673
0 248 42.69 25.41 3.422682 2021-06-21 13:19:34.020450 86 1939 Franko 3021.742355
0 96 21.67 25.30 2.392836 2021-06-21 13:19:36.413286 86 1940 Franko 3024.135191
0 56 16.76 25.30 2.238044 2021-06-21 13:19:38.651330 86 1941 Franko 3026.373235
0 92 21.32 24.98 0.656325 2021-06-21 13:19:39.307655 86 1942 Franko 3027.02956
0 69 18.79 25.41 0.59099 2021-06-21 13:19:39.898645 86 1943 Franko 3027.62055
0 91 21.23 25.41 0.627091 2021-06-21 13:19:40.525736 86 1944 Franko 3028.247641
0 353 67.64 25.20 1.089934 2021-06-21 13:19:41.615670 86 1945 Franko 3029.337575
