# layer adc volt temp timediff time detector_muon_count detector_count detector_name
0 249 42.85 24.44 0.272995 2021-06-21 12:42:07.240607 27 471 Franko 774.962512
0 291 50.97 24.44 3.57683 2021-06-21 12:42:10.817437 27 472 Franko 778.539342
0 88 20.96 24.66 0.664428 2021-06-21 12:42:11.481865 27 473 Franko 779.20377
0 71 19.06 24.44 0.085294 2021-06-21 12:42:11.567159 27 474 Franko 779.289064
0 176 30.09 24.98 3.825769 2021-06-21 12:42:15.392928 27 475 Franko 783.114833
0 79 20.03 24.44 6.566945 2021-06-21 12:42:21.959873 27 476 Franko 789.681778
0 120 23.58 24.77 1.764685 2021-06-21 12:42:23.724558 27 477 Franko 791.446463
0 145 25.96 24.44 1.751881 2021-06-21 12:42:25.476439 27 478 Franko 793.198344
0 199 33.86 24.44 1.055921 2021-06-21 12:42:26.532360 27 479 Franko 794.254265
0 178 30.40 24.44 0.107203 2021-06-21 12:42:26.639563 27 480 Franko 794.361468
0 263 45.37 24.44 0.600221 2021-06-21 12:42:27.239784 27 481 Franko 794.961689
0 99 21.91 24.44 1.625683 2021-06-21 12:42:28.865467 27 482 Franko 796.587372
0 127 24.18 24.44 0.546578 2021-06-21 12:42:29.412045 27 483 Franko 797.13395
0 255 43.96 24.44 5.257639 2021-06-21 12:42:34.669684 27 484 Franko 802.391589
0 79 20.03 24.44 0.922478 2021-06-21 12:42:35.592162 27 485 Franko 803.314067
0 152 26.78 24.44 1.26015 2021-06-21 12:42:36.852312 27 486 Franko 804.574217
0 115 23.18 24.44 0.631092 2021-06-21 12:42:37.483404 27 487 Franko 805.205309
0 110 22.78 24.44 0.317423 2021-06-21 12:42:37.800827 27 488 Franko 805.522732
0 78 19.92 24.44 0.938539 2021-06-21 12:42:38.739366 27 489 Franko 806.461271
0 56 16.76 24.44 5.731445 2021-06-21 12:42:44.470811 27 490 Franko 812.192716
0 103 22.23 24.44 0.82597 2021-06-21 12:42:45.296781 27 491 Franko 813.018686
0 115 23.18 24.44 2.228674 2021-06-21 12:42:47.525455 27 492 Franko 815.24736
2 176 30.09 28.31 0.391099 2021-06-21 12:42:47.916554 7 8 rens 815.638459
0 199 33.86 24.44 0.018195 2021-06-21 12:42:47.934749 27 493 Franko 815.656654
0 83 20.46 24.44 4.258845 2021-06-21 12:42:52.193594 28 494 Franko 819.915499
0 108 22.63 24.44 3.199579 2021-06-21 12:42:55.393173 28 495 Franko 823.115078
0 174 29.79 24.44 0.857678 2021-06-21 12:42:56.250851 28 496 Franko 823.972756
2 76 19.69 6.93 0.093714 2021-06-21 12:42:56.344565 8 9 rens 824.06647
0 243 41.74 24.44 0.016097 2021-06-21 12:42:56.360662 28 497 Franko 824.082567
0 99 21.91 24.44 0.390208 2021-06-21 12:42:56.750870 29 498 Franko 824.472775
0 51 15.86 24.44 6.594056 2021-06-21 12:43:03.344926 29 499 Franko 831.066831
0 49 15.48 24.44 0.539538 2021-06-21 12:43:03.884464 29 500 Franko 831.606369
0 480 130.21 24.44 0.473522 2021-06-21 12:43:04.357986 29 501 Franko 832.079891
0 71 19.06 24.44 2.345574 2021-06-21 12:43:06.703560 29 502 Franko 834.425465
0 312 55.68 24.44 0.985834 2021-06-21 12:43:07.689394 29 503 Franko 835.411299
0 51 15.86 24.44 1.952417 2021-06-21 12:43:09.641811 29 504 Franko 837.363716
0 96 21.67 24.44 0.624703 2021-06-21 12:43:10.266514 29 505 Franko 837.988419
0 79 20.03 24.44 1.373059 2021-06-21 12:43:11.639573 29 506 Franko 839.361478
0 159 27.66 24.44 1.993787 2021-06-21 12:43:13.633360 29 507 Franko 841.355265
0 71 19.06 24.44 1.776566 2021-06-21 12:43:15.409926 29 508 Franko 843.131831
0 312 55.68 24.44 0.412967 2021-06-21 12:43:15.822893 29 509 Franko 843.544798
0 60 17.43 24.44 0.069277 2021-06-21 12:43:15.892170 29 510 Franko 843.614075
0 76 19.69 24.44 0.75252 2021-06-21 12:43:16.644690 29 511 Franko 844.366595
0 79 20.03 24.44 1.279733 2021-06-21 12:43:17.924423 29 512 Franko 845.646328
0 142 25.64 24.44 1.476291 2021-06-21 12:43:19.400714 29 513 Franko 847.122619
0 163 28.20 24.44 0.401041 2021-06-21 12:43:19.801755 29 514 Franko 847.52366
1 102 22.15 24.44 3.593499 2021-06-21 12:43:23.395254 6 7 M 851.117159
0 83 20.46 24.44 0.015152 2021-06-21 12:43:23.410406 29 515 Franko 851.132311
0 63 17.91 24.44 3.222075 2021-06-21 12:43:26.632481 30 516 Franko 854.354386
0 53 16.22 24.66 2.007486 2021-06-21 12:43:28.639967 30 517 Franko 856.361872
