# layer adc volt temp timediff time detector_muon_count detector_count detector_name
0 82 20.36 24.44 1.745558 2021-06-21 13:06:34.246318 69 1422 Franko 2241.968223
0 432 101.61 24.44 1.910798 2021-06-21 13:06:36.157116 69 1423 Franko 2243.879021
0 199 33.86 24.44 0.034236 2021-06-21 13:06:36.191352 69 1424 Franko 2243.913257
0 192 32.67 24.98 7.142781 2021-06-21 13:06:43.334133 69 1425 Franko 2251.056038
0 127 24.18 24.66 1.632082 2021-06-21 13:06:44.966215 69 1426 Franko 2252.68812
1 193 32.84 24.98 0.023461 2021-06-21 13:06:44.989676 22 23 M 2252.711581
2 253 43.55 44.32 0.000774 2021-06-21 13:06:44.990450 20 21 rens 2252.712355
0 67 18.51 24.66 4.458322 2021-06-21 13:06:49.448772 70 1427 Franko 2257.170677
0 127 24.18 24.66 1.447692 2021-06-21 13:06:50.896464 70 1428 Franko 2258.618369
0 184 31.36 24.44 0.566477 2021-06-21 13:06:51.462941 70 1429 Franko 2259.184846
0 240 41.21 24.66 3.970768 2021-06-21 13:06:55.433709 70 1430 Franko 2263.155614
0 115 23.18 24.44 1.614827 2021-06-21 13:06:57.048536 70 1431 Franko 2264.770441
0 83 20.46 24.77 0.174764 2021-06-21 13:06:57.223300 70 1432 Franko 2264.945205
0 110 22.78 24.66 6.158238 2021-06-21 13:07:03.381538 70 1433 Franko 2271.103443
0 115 23.18 24.66 0.126381 2021-06-21 13:07:03.507919 70 1434 Franko 2271.229824
0 440 109.25 24.44 0.39297 2021-06-21 13:07:03.900889 70 1435 Franko 2271.622794
0 127 24.18 24.44 3.010801 2021-06-21 13:07:06.911690 70 1436 Franko 2274.633595
0 455 117.03 24.66 1.271149 2021-06-21 13:07:08.182839 70 1437 Franko 2275.904744
0 124 23.92 24.66 0.327487 2021-06-21 13:07:08.510326 70 1438 Franko 2276.232231
0 194 33.00 24.44 3.823311 2021-06-21 13:07:12.333637 70 1439 Franko 2280.055542
0 99 21.91 24.44 2.499908 2021-06-21 13:07:14.833545 70 1440 Franko 2282.55545
0 135 24.92 24.87 3.912555 2021-06-21 13:07:18.746100 70 1441 Franko 2286.468005
0 352 66.89 24.66 0.39012 2021-06-21 13:07:19.136220 70 1442 Franko 2286.858125
0 51 15.86 24.44 0.393819 2021-06-21 13:07:19.530039 70 1443 Franko 2287.251944
0 67 18.51 24.44 1.276216 2021-06-21 13:07:20.806255 70 1444 Franko 2288.52816
0 71 19.06 25.20 1.103997 2021-06-21 13:07:21.910252 70 1445 Franko 2289.632157
0 83 20.46 24.44 0.217872 2021-06-21 13:07:22.128124 70 1446 Franko 2289.850029
0 112 22.94 24.66 0.276003 2021-06-21 13:07:22.404127 70 1447 Franko 2290.126032
0 88 20.96 24.77 2.848566 2021-06-21 13:07:25.252693 70 1448 Franko 2292.974598
0 51 15.86 24.44 0.267164 2021-06-21 13:07:25.519857 70 1449 Franko 2293.241762
0 229 39.22 24.66 2.219697 2021-06-21 13:07:27.739554 70 1450 Franko 2295.461459
0 115 23.18 24.44 1.241102 2021-06-21 13:07:28.980656 70 1451 Franko 2296.702561
0 195 33.17 24.44 0.848791 2021-06-21 13:07:29.829447 70 1452 Franko 2297.551352
0 339 62.98 24.66 3.446566 2021-06-21 13:07:33.276013 70 1453 Franko 2300.997918
0 56 16.76 24.44 1.159133 2021-06-21 13:07:34.435146 70 1454 Franko 2302.157051
0 192 32.67 25.09 0.804232 2021-06-21 13:07:35.239378 70 1455 Franko 2302.961283
2 77 19.81 9.51 0.023543 2021-06-21 13:07:35.262921 21 22 rens 2302.984826
2 51 15.86 26.05 0.837118 2021-06-21 13:07:36.100039 5 6 Cecile 2303.821944
0 199 33.86 24.44 0.021668 2021-06-21 13:07:36.121707 71 1456 Franko 2303.843612
0 127 24.18 24.66 6.703433 2021-06-21 13:07:42.825140 72 1457 Franko 2310.547045
0 88 20.96 24.77 0.257266 2021-06-21 13:07:43.082406 72 1458 Franko 2310.804311
0 527 155.96 24.44 0.985847 2021-06-21 13:07:44.068253 72 1459 Franko 2311.790158
0 96 21.67 24.66 2.848628 2021-06-21 13:07:46.916881 72 1460 Franko 2314.638786
2 48 15.29 3.60 2.161311 2021-06-21 13:07:49.078192 22 23 rens 2316.800097
0 120 23.58 24.66 0.018167 2021-06-21 13:07:49.096359 72 1461 Franko 2316.818264
1 88 20.96 25.09 0.005351 2021-06-21 13:07:49.101710 23 24 M 2316.823615
0 76 19.69 24.66 0.993723 2021-06-21 13:07:50.095433 73 1462 Franko 2317.817338
0 103 22.23 24.66 1.004821 2021-06-21 13:07:51.100254 73 1463 Franko 2318.822159
0 156 27.28 24.66 3.870034 2021-06-21 13:07:54.970288 73 1464 Franko 2322.692193
0 78 19.92 24.66 0.034331 2021-06-21 13:07:55.004619 73 1465 Franko 2322.726524
