# layer adc volt temp timediff time detector_muon_count detector_count detector_name
0 92 21.32 25.20 6.074359 2021-06-21 13:19:47.690029 86 1946 Franko 3035.411934
0 65 18.22 25.20 2.554729 2021-06-21 13:19:50.244758 86 1947 Franko 3037.966663
0 141 25.53 25.30 5.048002 2021-06-21 13:19:55.292760 86 1948 Franko 3043.014665
0 172 29.49 25.41 1.237021 2021-06-21 13:19:56.529781 86 1949 Franko 3044.251686
0 243 41.74 25.63 3.404095 2021-06-21 13:19:59.933876 86 1950 Franko 3047.655781
0 114 23.10 25.20 0.918245 2021-06-21 13:20:00.852121 86 1951 Franko 3048.574026
0 199 33.86 25.20 1.430896 2021-06-21 13:20:02.283017 86 1952 Franko 3050.004922
0 82 20.36 25.30 2.540281 2021-06-21 13:20:04.823298 86 1953 Franko 3052.545203
0 79 20.03 25.41 4.756518 2021-06-21 13:20:09.579816 86 1954 Franko 3057.301721
0 71 19.06 25.63 1.057395 2021-06-21 13:20:10.637211 86 1955 Franko 3058.359116
0 105 22.39 25.41 1.611149 2021-06-21 13:20:12.248360 86 1956 Franko 3059.970265
0 120 23.58 25.30 5.340897 2021-06-21 13:20:17.589257 86 1957 Franko 3065.311162
0 49 15.48 25.52 0.094077 2021-06-21 13:20:17.683334 86 1958 Franko 3065.405239
0 252 43.42 25.52 1.928677 2021-06-21 13:20:19.612011 86 1959 Franko 3067.333916
0 63 17.91 25.41 0.215315 2021-06-21 13:20:19.827326 86 1960 Franko 3067.549231
0 63 17.91 25.30 2.4469 2021-06-21 13:20:22.274226 86 1961 Franko 3069.996131
0 184 31.36 25.52 3.274196 2021-06-21 13:20:25.548422 86 1962 Franko 3073.270327
0 316 56.81 25.30 0.846043 2021-06-21 13:20:26.394465 86 1963 Franko 3074.11637
0 92 21.32 25.30 0.217884 2021-06-21 13:20:26.612349 86 1964 Franko 3074.334254
0 57 16.93 24.98 0.595345 2021-06-21 13:20:27.207694 86 1965 Franko 3074.929599
0 71 19.06 25.52 0.086076 2021-06-21 13:20:27.293770 86 1966 Franko 3075.015675
0 60 17.43 25.20 0.934671 2021-06-21 13:20:28.228441 86 1967 Franko 3075.950346
0 216 36.85 25.09 1.220078 2021-06-21 13:20:29.448519 86 1968 Franko 3077.170424
0 57 16.93 25.41 1.106455 2021-06-21 13:20:30.554974 86 1969 Franko 3078.276879
0 237 40.69 25.30 1.051797 2021-06-21 13:20:31.606771 86 1970 Franko 3079.328676
0 236 40.44 25.52 3.152319 2021-06-21 13:20:34.759090 86 1971 Franko 3082.480995
0 53 16.22 25.52 3.986339 2021-06-21 13:20:38.745429 86 1972 Franko 3086.467334
0 181 30.87 25.52 1.567644 2021-06-21 13:20:40.313073 86 1973 Franko 3088.034978
0 49 15.48 25.30 2.679525 2021-06-21 13:20:42.992598 86 1974 Franko 3090.714503
0 71 19.06 25.20 0.811005 2021-06-21 13:20:43.803603 86 1975 Franko 3091.525508
0 167 28.76 25.20 0.563632 2021-06-21 13:20:44.367235 86 1976 Franko 3092.08914
0 497 142.37 25.20 0.878977 2021-06-21 13:20:45.246212 86 1977 Franko 3092.968117
0 184 31.36 25.30 0.280379 2021-06-21 13:20:45.526591 86 1978 Franko 3093.248496
0 71 19.06 25.30 1.054734 2021-06-21 13:20:46.581325 86 1979 Franko 3094.30323
0 63 17.91 24.87 2.181403 2021-06-21 13:20:48.762728 86 1980 Franko 3096.484633
0 238 40.82 25.20 0.034039 2021-06-21 13:20:48.796767 86 1981 Franko 3096.518672
0 550 172.20 25.20 1.853866 2021-06-21 13:20:50.650633 86 1982 Franko 3098.372538
0 159 27.66 25.20 2.104573 2021-06-21 13:20:52.755206 86 1983 Franko 3100.477111
0 56 16.76 25.30 0.093116 2021-06-21 13:20:52.848322 86 1984 Franko 3100.570227
0 51 15.86 25.63 1.554899 2021-06-21 13:20:54.403221 86 1985 Franko 3102.125126
0 357 68.97 25.09 0.985136 2021-06-21 13:20:55.388357 86 1986 Franko 3103.110262
0 49 15.48 25.30 0.487716 2021-06-21 13:20:55.876073 86 1987 Franko 3103.597978
0 126 24.09 25.30 2.349172 2021-06-21 13:20:58.225245 86 1988 Franko 3105.94715
0 121 23.66 24.87 0.620428 2021-06-21 13:20:58.845673 86 1989 Franko 3106.567578
0 63 17.91 25.09 0.502342 2021-06-21 13:20:59.348015 86 1990 Franko 3107.06992
0 295 51.75 25.20 0.175966 2021-06-21 13:20:59.523981 86 1991 Franko 3107.245886
0 70 18.93 25.09 2.658781 2021-06-21 13:21:02.182762 86 1992 Franko 3109.904667
0 352 66.89 25.30 2.496555 2021-06-21 13:21:04.679317 86 1993 Franko 3112.401222
0 389 81.58 25.20 0.992948 2021-06-21 13:21:05.672265 86 1994 Franko 3113.39417
0 49 15.48 25.30 0.888943 2021-06-21 13:21:06.561208 86 1995 Franko 3114.283113
