# layer adc volt temp timediff time detector_muon_count detector_count detector_name
0 369 73.42 24.44 0.333887 2021-06-21 12:47:13.539808 31 666 Franko 1081.261713
2 198 33.69 24.44 0.135367 2021-06-21 12:47:13.675175 8 9 MattiaCosmicWatch 1081.39708
0 56 16.76 24.44 0.033019 2021-06-21 12:47:13.708194 31 667 Franko 1081.430099
0 169 29.05 24.44 0.001012 2021-06-21 12:47:13.709206 32 668 Franko 1081.431111
0 242 41.58 24.44 3.581543 2021-06-21 12:47:17.290749 32 669 Franko 1085.012654
0 201 34.22 24.44 0.219927 2021-06-21 12:47:17.510676 32 670 Franko 1085.232581
0 127 24.18 24.44 2.157367 2021-06-21 12:47:19.668043 32 671 Franko 1087.389948
0 97 21.75 24.44 1.537925 2021-06-21 12:47:21.205968 32 672 Franko 1088.927873
0 63 17.91 24.44 0.517378 2021-06-21 12:47:21.723346 32 673 Franko 1089.445251
0 143 25.74 24.44 0.895889 2021-06-21 12:47:22.619235 32 674 Franko 1090.34114
0 88 20.96 24.44 2.109574 2021-06-21 12:47:24.728809 32 675 Franko 1092.450714
0 135 24.92 24.44 0.342774 2021-06-21 12:47:25.071583 32 676 Franko 1092.793488
0 158 27.53 24.66 1.875005 2021-06-21 12:47:26.946588 32 677 Franko 1094.668493
0 220 37.58 24.66 2.2353 2021-06-21 12:47:29.181888 32 678 Franko 1096.903793
0 159 27.66 24.44 3.88037 2021-06-21 12:47:33.062258 32 679 Franko 1100.784163
0 49 15.48 24.44 1.437865 2021-06-21 12:47:34.500123 32 680 Franko 1102.222028
0 398 85.63 24.44 1.75486 2021-06-21 12:47:36.254983 32 681 Franko 1103.976888
0 112 22.94 24.44 0.362702 2021-06-21 12:47:36.617685 32 682 Franko 1104.33959
0 103 22.23 24.44 0.088992 2021-06-21 12:47:36.706677 32 683 Franko 1104.428582
0 327 59.28 24.44 0.441466 2021-06-21 12:47:37.148143 32 684 Franko 1104.870048
0 127 24.18 24.44 1.38622 2021-06-21 12:47:38.534363 32 685 Franko 1106.256268
0 167 28.76 24.44 1.054693 2021-06-21 12:47:39.589056 32 686 Franko 1107.310961
0 120 23.58 24.44 2.407258 2021-06-21 12:47:41.996314 32 687 Franko 1109.718219
0 60 17.43 24.44 0.29436 2021-06-21 12:47:42.290674 32 688 Franko 1110.012579
0 207 35.26 24.44 3.119705 2021-06-21 12:47:45.410379 32 689 Franko 1113.132284
0 455 117.03 24.44 0.278034 2021-06-21 12:47:45.688413 32 690 Franko 1113.410318
0 67 18.51 24.44 1.33983 2021-06-21 12:47:47.028243 32 691 Franko 1114.750148
0 70 18.93 24.44 0.333221 2021-06-21 12:47:47.361464 32 692 Franko 1115.083369
0 198 33.69 24.44 1.073723 2021-06-21 12:47:48.435187 32 693 Franko 1116.157092
0 179 30.55 24.44 3.522279 2021-06-21 12:47:51.957466 32 694 Franko 1119.679371
0 60 17.43 24.44 2.272288 2021-06-21 12:47:54.229754 32 695 Franko 1121.951659
0 113 23.02 24.44 3.4564 2021-06-21 12:47:57.686154 32 696 Franko 1125.408059
0 240 41.21 24.44 5.677253 2021-06-21 12:48:03.363407 32 697 Franko 1131.085312
0 103 22.23 24.44 0.821231 2021-06-21 12:48:04.184638 32 698 Franko 1131.906543
0 204 34.73 24.44 0.30339 2021-06-21 12:48:04.488028 32 699 Franko 1132.209933
0 56 16.76 24.44 0.431781 2021-06-21 12:48:04.919809 32 700 Franko 1132.641714
0 51 15.86 24.44 0.219799 2021-06-21 12:48:05.139608 32 701 Franko 1132.861513
0 69 18.79 24.44 1.199054 2021-06-21 12:48:06.338662 32 702 Franko 1134.060567
0 127 24.18 24.44 2.306479 2021-06-21 12:48:08.645141 32 703 Franko 1136.367046
0 60 17.43 24.44 0.591522 2021-06-21 12:48:09.236663 32 704 Franko 1136.958568
0 79 20.03 24.44 0.463988 2021-06-21 12:48:09.700651 32 705 Franko 1137.422556
0 371 73.82 24.44 3.520444 2021-06-21 12:48:13.221095 32 706 Franko 1140.943
0 61 17.60 24.44 0.475763 2021-06-21 12:48:13.696858 32 707 Franko 1141.418763
0 268 46.26 24.44 3.004306 2021-06-21 12:48:16.701164 32 708 Franko 1144.423069
0 49 15.48 24.44 4.6385 2021-06-21 12:48:21.339664 32 709 Franko 1149.061569
0 94 21.50 24.44 2.042964 2021-06-21 12:48:23.382628 32 710 Franko 1151.104533
0 67 18.51 24.44 1.78338 2021-06-21 12:48:25.166008 32 711 Franko 1152.887913
0 67 18.51 24.44 6.946444 2021-06-21 12:48:32.112452 32 712 Franko 1159.834357
0 127 24.18 24.44 0.951154 2021-06-21 12:48:33.063606 32 713 Franko 1160.785511
0 145 25.96 24.44 1.540574 2021-06-21 12:48:34.604180 32 714 Franko 1162.326085
