# layer adc volt temp timediff time detector_muon_count detector_count detector_name
0 220 37.58 25.30 1.270294 2021-06-21 13:31:03.269283 104 2372 Franko 3710.991188
0 177 30.25 25.30 3.205316 2021-06-21 13:31:06.474599 104 2373 Franko 3714.196504
0 359 69.86 25.41 1.701002 2021-06-21 13:31:08.175601 104 2374 Franko 3715.897506
0 174 29.79 25.63 1.039474 2021-06-21 13:31:09.215075 104 2375 Franko 3716.93698
0 159 27.66 25.30 0.807978 2021-06-21 13:31:10.023053 104 2376 Franko 3717.744958
0 57 16.93 25.20 0.797706 2021-06-21 13:31:10.820759 104 2377 Franko 3718.542664
0 359 69.86 25.52 1.154437 2021-06-21 13:31:11.975196 104 2378 Franko 3719.697101
2 60 17.43 24.44 0.023429 2021-06-21 13:31:11.998625 17 18 MattiaCosmicWatch 3719.72053
0 287 50.23 25.30 2.748452 2021-06-21 13:31:14.747077 105 2379 Franko 3722.468982
0 108 22.63 25.52 0.080961 2021-06-21 13:31:14.828038 105 2380 Franko 3722.549943
0 391 82.35 25.30 4.519398 2021-06-21 13:31:19.347436 105 2381 Franko 3727.069341
0 225 38.48 24.98 2.663883 2021-06-21 13:31:22.011319 105 2382 Franko 3729.733224
0 76 19.69 25.20 1.338614 2021-06-21 13:31:23.349933 105 2383 Franko 3731.071838
0 70 18.93 25.20 2.626276 2021-06-21 13:31:25.976209 105 2384 Franko 3733.698114
0 121 23.66 25.41 5.308501 2021-06-21 13:31:31.284710 105 2385 Franko 3739.006615
0 63 17.91 25.30 1.118667 2021-06-21 13:31:32.403377 105 2386 Franko 3740.125282
0 56 16.76 25.63 3.342193 2021-06-21 13:31:35.745570 105 2387 Franko 3743.467475
0 102 22.15 25.30 2.722658 2021-06-21 13:31:38.468228 105 2388 Franko 3746.190133
0 204 34.73 25.20 0.033979 2021-06-21 13:31:38.502207 105 2389 Franko 3746.224112
0 323 58.48 25.52 0.650408 2021-06-21 13:31:39.152615 105 2390 Franko 3746.87452
0 140 25.42 25.41 1.13564 2021-06-21 13:31:40.288255 105 2391 Franko 3748.01016
0 109 22.70 25.30 0.13665 2021-06-21 13:31:40.424905 105 2392 Franko 3748.14681
0 114 23.10 25.73 1.848039 2021-06-21 13:31:42.272944 105 2393 Franko 3749.994849
0 124 23.92 25.30 0.111502 2021-06-21 13:31:42.384446 105 2394 Franko 3750.106351
0 115 23.18 25.52 1.658624 2021-06-21 13:31:44.043070 105 2395 Franko 3751.764975
0 115 23.18 25.52 1.230457 2021-06-21 13:31:45.273527 105 2396 Franko 3752.995432
0 63 17.91 25.41 1.233047 2021-06-21 13:31:46.506574 105 2397 Franko 3754.228479
0 216 36.85 25.20 4.264692 2021-06-21 13:31:50.771266 105 2398 Franko 3758.493171
0 243 41.74 25.63 1.118776 2021-06-21 13:31:51.890042 105 2399 Franko 3759.611947
0 125 24.00 25.20 3.273312 2021-06-21 13:31:55.163354 105 2400 Franko 3762.885259
0 227 38.83 25.30 4.627254 2021-06-21 13:31:59.790608 105 2401 Franko 3767.512513
0 126 24.09 25.20 0.309162 2021-06-21 13:32:00.099770 105 2402 Franko 3767.821675
0 127 24.18 24.98 0.149796 2021-06-21 13:32:00.249566 105 2403 Franko 3767.971471
0 291 50.97 25.30 3.128997 2021-06-21 13:32:03.378563 105 2404 Franko 3771.100468
0 115 23.18 25.52 1.946663 2021-06-21 13:32:05.325226 105 2405 Franko 3773.047131
0 53 16.22 25.52 9.397703 2021-06-21 13:32:14.722929 105 2406 Franko 3782.444834
0 174 29.79 25.41 0.670654 2021-06-21 13:32:15.393583 105 2407 Franko 3783.115488
0 313 56.02 25.30 0.701018 2021-06-21 13:32:16.094601 105 2408 Franko 3783.816506
0 67 18.51 25.20 0.248109 2021-06-21 13:32:16.342710 105 2409 Franko 3784.064615
0 67 18.51 25.63 8.853861 2021-06-21 13:32:25.196571 105 2410 Franko 3792.918476
0 377 76.28 25.41 0.306093 2021-06-21 13:32:25.502664 105 2411 Franko 3793.224569
0 460 119.54 25.20 0.635321 2021-06-21 13:32:26.137985 105 2412 Franko 3793.85989
0 63 17.91 25.63 1.110972 2021-06-21 13:32:27.248957 105 2413 Franko 3794.970862
0 207 35.26 25.41 0.197535 2021-06-21 13:32:27.446492 105 2414 Franko 3795.168397
0 89 21.05 25.63 4.06109 2021-06-21 13:32:31.507582 105 2415 Franko 3799.229487
0 415 95.00 25.20 0.43619 2021-06-21 13:32:31.943772 105 2416 Franko 3799.665677
2 419 97.20 24.44 1.287605 2021-06-21 13:32:33.231377 18 19 MattiaCosmicWatch 3800.953282
0 127 24.18 25.84 0.035251 2021-06-21 13:32:33.266628 105 2417 Franko 3800.988533
0 199 33.86 25.52 2.778199 2021-06-21 13:32:36.044827 106 2418 Franko 3803.766732
0 97 21.75 25.52 0.304912 2021-06-21 13:32:36.349739 106 2419 Franko 3804.071644
