# layer adc volt temp timediff time detector_muon_count detector_count detector_name
0 159 27.66 24.44 0.034412 2021-06-21 12:38:44.468580 18 332 Franko 572.190485
0 57 16.93 24.44 0.849986 2021-06-21 12:38:45.318566 18 333 Franko 573.040471
0 159 27.66 24.44 1.261662 2021-06-21 12:38:46.580228 18 334 Franko 574.302133
0 51 15.86 24.44 0.034134 2021-06-21 12:38:46.614362 18 335 Franko 574.336267
0 163 28.20 24.44 1.101365 2021-06-21 12:38:47.715727 18 336 Franko 575.437632
0 295 51.75 24.44 0.034092 2021-06-21 12:38:47.749819 18 337 Franko 575.471724
0 61 17.60 24.44 1.843467 2021-06-21 12:38:49.593286 18 338 Franko 577.315191
0 364 71.71 24.44 0.50847 2021-06-21 12:38:50.101756 18 339 Franko 577.823661
0 50 15.67 24.44 0.217711 2021-06-21 12:38:50.319467 18 340 Franko 578.041372
0 49 15.48 24.44 2.213531 2021-06-21 12:38:52.532998 18 341 Franko 580.254903
0 120 23.58 24.44 2.453268 2021-06-21 12:38:54.986266 18 342 Franko 582.708171
0 56 16.76 24.44 1.813844 2021-06-21 12:38:56.800110 18 343 Franko 584.522015
0 192 32.67 24.44 2.275743 2021-06-21 12:38:59.075853 18 344 Franko 586.797758
0 63 17.91 24.44 0.51948 2021-06-21 12:38:59.595333 18 345 Franko 587.317238
0 207 35.26 24.44 0.418546 2021-06-21 12:39:00.013879 18 346 Franko 587.735784
0 327 59.28 24.44 0.087295 2021-06-21 12:39:00.101174 18 347 Franko 587.823079
0 184 31.36 24.44 0.472439 2021-06-21 12:39:00.573613 18 348 Franko 588.295518
0 240 41.21 24.44 1.883811 2021-06-21 12:39:02.457424 18 349 Franko 590.179329
0 124 23.92 24.44 1.430087 2021-06-21 12:39:03.887511 18 350 Franko 591.609416
0 409 91.12 24.44 2.185645 2021-06-21 12:39:06.073156 18 351 Franko 593.795061
0 103 22.23 24.66 0.797531 2021-06-21 12:39:06.870687 18 352 Franko 594.592592
0 121 23.66 24.44 2.586577 2021-06-21 12:39:09.457264 18 353 Franko 597.179169
0 135 24.92 24.44 1.178628 2021-06-21 12:39:10.635892 18 354 Franko 598.357797
1 67 18.51 24.44 0.02135 2021-06-21 12:39:10.657242 3 4 M 598.379147
0 143 25.74 24.44 2.11409 2021-06-21 12:39:12.771332 19 355 Franko 600.493237
0 524 150.73 24.44 1.714808 2021-06-21 12:39:14.486140 19 356 Franko 602.208045
0 194 33.00 24.44 0.206936 2021-06-21 12:39:14.693076 19 357 Franko 602.414981
0 56 16.76 24.44 0.292188 2021-06-21 12:39:14.985264 19 358 Franko 602.707169
0 435 104.92 24.44 0.36849 2021-06-21 12:39:15.353754 19 359 Franko 603.075659
0 63 17.91 24.44 1.031862 2021-06-21 12:39:16.385616 19 360 Franko 604.107521
1 83 20.46 24.44 1.426727 2021-06-21 12:39:17.812343 4 5 M 605.534248
2 71 19.06 9.30 0.01288 2021-06-21 12:39:17.825223 4 5 rens 605.547128
0 79 20.03 24.44 0.003209 2021-06-21 12:39:17.828432 19 361 Franko 605.550337
0 83 20.46 24.44 2.992901 2021-06-21 12:39:20.821333 20 362 Franko 608.543238
0 143 25.74 24.44 2.469933 2021-06-21 12:39:23.291266 20 363 Franko 611.013171
0 332 61.17 24.44 2.477275 2021-06-21 12:39:25.768541 20 364 Franko 613.490446
0 63 17.91 24.44 0.077739 2021-06-21 12:39:25.846280 20 365 Franko 613.568185
0 60 17.43 24.44 0.534932 2021-06-21 12:39:26.381212 20 366 Franko 614.103117
0 99 21.91 24.44 0.099737 2021-06-21 12:39:26.480949 20 367 Franko 614.202854
0 78 19.92 24.44 0.919991 2021-06-21 12:39:27.400940 20 368 Franko 615.122845
0 134 24.82 24.44 3.63793 2021-06-21 12:39:31.038870 20 369 Franko 618.760775
2 71 19.06 24.44 0.372186 2021-06-21 12:39:31.411056 6 7 MattiaCosmicWatch 619.132961
0 224 38.29 24.44 0.030874 2021-06-21 12:39:31.441930 20 370 Franko 619.163835
0 81 20.25 24.44 0.923217 2021-06-21 12:39:32.365147 21 371 Franko 620.087052
1 103 22.23 24.44 0.020373 2021-06-21 12:39:32.385520 3 4 Niels 620.107425
0 198 33.69 24.44 1.636963 2021-06-21 12:39:34.022483 22 372 Franko 621.744388
0 71 19.06 24.44 0.384231 2021-06-21 12:39:34.406714 22 373 Franko 622.128619
0 82 20.36 24.44 2.07352 2021-06-21 12:39:36.480234 22 374 Franko 624.202139
0 113 23.02 24.44 2.413063 2021-06-21 12:39:38.893297 22 375 Franko 626.615202
0 48 15.29 24.44 0.808171 2021-06-21 12:39:39.701468 22 376 Franko 627.423373
