# layer adc volt temp timediff time detector_muon_count detector_count detector_name
1 167 28.76 25.20 0.004562 2021-06-21 13:22:32.341627 31 32 M 3200.063532
0 63 17.91 25.52 2.871186 2021-06-21 13:22:35.212813 88 2044 Franko 3202.934718
0 88 20.96 25.09 4.675012 2021-06-21 13:22:39.887825 88 2045 Franko 3207.60973
0 161 27.93 24.87 0.853423 2021-06-21 13:22:40.741248 88 2046 Franko 3208.463153
0 231 39.55 25.20 1.845425 2021-06-21 13:22:42.586673 88 2047 Franko 3210.308578
0 60 17.43 25.30 4.934339 2021-06-21 13:22:47.521012 88 2048 Franko 3215.242917
0 113 23.02 25.52 0.347922 2021-06-21 13:22:47.868934 88 2049 Franko 3215.590839
0 204 34.73 24.98 0.978806 2021-06-21 13:22:48.847740 88 2050 Franko 3216.569645
0 140 25.42 25.30 0.692106 2021-06-21 13:22:49.539846 88 2051 Franko 3217.261751
0 199 33.86 25.63 1.194636 2021-06-21 13:22:50.734482 88 2052 Franko 3218.456387
0 69 18.79 25.41 1.022088 2021-06-21 13:22:51.756570 88 2053 Franko 3219.478475
0 199 33.86 24.98 1.864911 2021-06-21 13:22:53.621481 88 2054 Franko 3221.343386
2 76 19.69 9.30 2.920374 2021-06-21 13:22:56.541855 31 32 rens 3224.26376
0 93 21.41 25.41 0.019328 2021-06-21 13:22:56.561183 88 2055 Franko 3224.283088
0 181 30.87 25.09 2.759604 2021-06-21 13:22:59.320787 89 2056 Franko 3227.042692
0 563 181.65 24.44 1.163316 2021-06-21 13:23:00.484103 89 2057 Franko 3228.206008
0 60 17.43 25.09 2.39003 2021-06-21 13:23:02.874133 89 2058 Franko 3230.596038
0 472 125.87 25.09 2.749493 2021-06-21 13:23:05.623626 89 2059 Franko 3233.345531
0 57 16.93 25.20 1.634275 2021-06-21 13:23:07.257901 89 2060 Franko 3234.979806
0 189 32.16 24.66 1.411799 2021-06-21 13:23:08.669700 89 2061 Franko 3236.391605
0 76 19.69 24.44 3.928948 2021-06-21 13:23:12.598648 89 2062 Franko 3240.320553
0 280 48.67 24.66 0.033487 2021-06-21 13:23:12.632135 89 2063 Franko 3240.35404
0 163 28.20 24.87 1.481624 2021-06-21 13:23:14.113759 89 2064 Franko 3241.835664
0 53 16.22 24.44 0.359222 2021-06-21 13:23:14.472981 89 2065 Franko 3242.194886
0 124 23.92 24.66 2.10612 2021-06-21 13:23:16.579101 89 2066 Franko 3244.301006
0 350 66.46 24.44 0.119619 2021-06-21 13:23:16.698720 89 2067 Franko 3244.420625
0 63 17.91 24.66 0.182675 2021-06-21 13:23:16.881395 89 2068 Franko 3244.6033
0 312 55.68 24.66 0.218565 2021-06-21 13:23:17.099960 89 2069 Franko 3244.821865
0 135 24.92 24.87 1.726592 2021-06-21 13:23:18.826552 89 2070 Franko 3246.548457
0 152 26.78 25.30 1.837683 2021-06-21 13:23:20.664235 89 2071 Franko 3248.38614
0 53 16.22 24.87 0.604176 2021-06-21 13:23:21.268411 89 2072 Franko 3248.990316
0 255 43.96 24.44 2.927526 2021-06-21 13:23:24.195937 89 2073 Franko 3251.917842
0 108 22.63 25.20 4.563393 2021-06-21 13:23:28.759330 89 2074 Franko 3256.481235
1 344 64.67 24.98 0.023427 2021-06-21 13:23:28.782757 32 33 M 3256.504662
2 287 50.23 51.84 0.000783 2021-06-21 13:23:28.783540 32 33 rens 3256.505445
0 89 21.05 24.66 5.593767 2021-06-21 13:23:34.377307 90 2075 Franko 3262.099212
0 103 22.23 24.44 0.694568 2021-06-21 13:23:35.071875 90 2076 Franko 3262.79378
0 98 21.83 24.44 0.034189 2021-06-21 13:23:35.106064 90 2077 Franko 3262.827969
0 135 24.92 25.20 2.008598 2021-06-21 13:23:37.114662 90 2078 Franko 3264.836567
0 207 35.26 24.98 4.204654 2021-06-21 13:23:41.319316 90 2079 Franko 3269.041221
0 167 28.76 24.66 1.00945 2021-06-21 13:23:42.328766 90 2080 Franko 3270.050671
0 163 28.20 24.44 0.189502 2021-06-21 13:23:42.518268 90 2081 Franko 3270.240173
0 63 17.91 24.44 1.673991 2021-06-21 13:23:44.192259 90 2082 Franko 3271.914164
0 73 19.32 24.66 1.280104 2021-06-21 13:23:45.472363 90 2083 Franko 3273.194268
0 83 20.46 24.87 4.025325 2021-06-21 13:23:49.497688 90 2084 Franko 3277.219593
0 547 162.22 24.44 1.934141 2021-06-21 13:23:51.431829 90 2085 Franko 3279.153734
0 88 20.96 24.66 0.102078 2021-06-21 13:23:51.533907 90 2086 Franko 3279.255812
0 69 18.79 24.44 2.036 2021-06-21 13:23:53.569907 90 2087 Franko 3281.291812
0 53 16.22 24.66 6.531643 2021-06-21 13:24:00.101550 90 2088 Franko 3287.823455
0 79 20.03 24.44 1.542131 2021-06-21 13:24:01.643681 90 2089 Franko 3289.365586
