# layer adc volt temp timediff time detector_muon_count detector_count detector_name
0 63 17.91 25.41 0.142063 2021-06-21 13:32:36.491802 106 2420 Franko 3804.213707
0 88 20.96 25.41 0.211492 2021-06-21 13:32:36.703294 106 2421 Franko 3804.425199
0 159 27.66 25.41 0.034082 2021-06-21 13:32:36.737376 106 2422 Franko 3804.459281
0 99 21.91 25.30 0.143677 2021-06-21 13:32:36.881053 106 2423 Franko 3804.602958
0 57 16.93 25.20 1.168856 2021-06-21 13:32:38.049909 106 2424 Franko 3805.771814
0 353 67.64 25.63 3.103345 2021-06-21 13:32:41.153254 106 2425 Franko 3808.875159
0 220 37.58 25.52 3.099975 2021-06-21 13:32:44.253229 106 2426 Franko 3811.975134
0 67 18.51 25.20 2.575861 2021-06-21 13:32:46.829090 106 2427 Franko 3814.550995
0 57 16.93 25.73 3.872741 2021-06-21 13:32:50.701831 106 2428 Franko 3818.423736
0 147 26.19 25.73 0.205335 2021-06-21 13:32:50.907166 106 2429 Franko 3818.629071
0 71 19.06 25.52 2.250226 2021-06-21 13:32:53.157392 106 2430 Franko 3820.879297
0 97 21.75 25.63 0.034036 2021-06-21 13:32:53.191428 106 2431 Franko 3820.913333
0 263 45.37 25.30 0.066367 2021-06-21 13:32:53.257795 106 2432 Franko 3820.9797
0 195 33.17 25.30 0.109242 2021-06-21 13:32:53.367037 106 2433 Franko 3821.088942
0 62 17.75 25.41 4.434244 2021-06-21 13:32:57.801281 106 2434 Franko 3825.523186
0 134 24.82 25.73 2.09489 2021-06-21 13:32:59.896171 106 2435 Franko 3827.618076
0 159 27.66 25.63 0.110882 2021-06-21 13:33:00.007053 106 2436 Franko 3827.728958
0 457 118.95 25.20 6.42888 2021-06-21 13:33:06.435933 106 2437 Franko 3834.157838
0 113 23.02 25.73 0.958584 2021-06-21 13:33:07.394517 106 2438 Franko 3835.116422
0 88 20.96 25.20 0.382656 2021-06-21 13:33:07.777173 106 2439 Franko 3835.499078
0 71 19.06 25.52 0.958432 2021-06-21 13:33:08.735605 106 2440 Franko 3836.45751
0 57 16.93 25.63 0.599618 2021-06-21 13:33:09.335223 106 2441 Franko 3837.057128
0 78 19.92 25.52 2.657643 2021-06-21 13:33:11.992866 106 2442 Franko 3839.714771
0 255 43.96 25.09 1.938663 2021-06-21 13:33:13.931529 106 2443 Franko 3841.653434
0 127 24.18 25.63 0.828591 2021-06-21 13:33:14.760120 106 2444 Franko 3842.482025
0 78 19.92 25.63 1.19582 2021-06-21 13:33:15.955940 106 2445 Franko 3843.677845
0 705 364.03 25.20 0.394011 2021-06-21 13:33:16.349951 106 2446 Franko 3844.071856
1 231 39.55 24.44 2.134535 2021-06-21 13:33:18.484486 20 21 Niels 3846.206391
0 176 30.09 24.98 0.193529 2021-06-21 13:33:18.678015 106 2447 Franko 3846.39992
0 323 58.48 25.73 2.195421 2021-06-21 13:33:20.873436 106 2448 Franko 3848.595341
0 88 20.96 25.63 1.095293 2021-06-21 13:33:21.968729 106 2449 Franko 3849.690634
0 99 21.91 25.41 0.033653 2021-06-21 13:33:22.002382 106 2450 Franko 3849.724287
0 167 28.76 25.63 1.097576 2021-06-21 13:33:23.099958 106 2451 Franko 3850.821863
0 63 17.91 25.41 2.250009 2021-06-21 13:33:25.349967 106 2452 Franko 3853.071872
0 248 42.69 25.63 2.383875 2021-06-21 13:33:27.733842 106 2453 Franko 3855.455747
0 359 69.86 25.30 3.147331 2021-06-21 13:33:30.881173 106 2454 Franko 3858.603078
0 120 23.58 25.52 3.224391 2021-06-21 13:33:34.105564 106 2455 Franko 3861.827469
0 159 27.66 25.63 3.15075 2021-06-21 13:33:37.256314 106 2456 Franko 3864.978219
0 88 20.96 25.41 2.811179 2021-06-21 13:33:40.067493 106 2457 Franko 3867.789398
0 81 20.25 25.30 6.138111 2021-06-21 13:33:46.205604 106 2458 Franko 3873.927509
0 156 27.28 25.63 0.108817 2021-06-21 13:33:46.314421 106 2459 Franko 3874.036326
0 204 34.73 25.52 1.097021 2021-06-21 13:33:47.411442 106 2460 Franko 3875.133347
0 96 21.67 25.41 2.802454 2021-06-21 13:33:50.213896 106 2461 Franko 3877.935801
0 49 15.48 25.41 2.083474 2021-06-21 13:33:52.297370 106 2462 Franko 3880.019275
0 67 18.51 25.09 0.807843 2021-06-21 13:33:53.105213 106 2463 Franko 3880.827118
0 263 45.37 25.20 2.266457 2021-06-21 13:33:55.371670 106 2464 Franko 3883.093575
0 60 17.43 25.30 0.537161 2021-06-21 13:33:55.908831 106 2465 Franko 3883.630736
0 124 23.92 25.63 1.219404 2021-06-21 13:33:57.128235 106 2466 Franko 3884.85014
0 192 32.67 25.20 2.299197 2021-06-21 13:33:59.427432 106 2467 Franko 3887.149337
0 281 48.90 25.20 0.430743 2021-06-21 13:33:59.858175 106 2468 Franko 3887.58008
