# layer adc volt temp timediff time detector_muon_count detector_count detector_name
0 67 18.51 24.44 0.472759 2021-06-21 12:40:56.291244 24 425 Franko 704.013149
0 152 26.78 24.44 1.295954 2021-06-21 12:40:57.587198 24 426 Franko 705.309103
0 115 23.18 24.44 1.121867 2021-06-21 12:40:58.709065 24 427 Franko 706.43097
0 71 19.06 24.44 0.602154 2021-06-21 12:40:59.311219 24 428 Franko 707.033124
0 56 16.76 24.44 0.318444 2021-06-21 12:40:59.629663 24 429 Franko 707.351568
0 204 34.73 24.44 9.729808 2021-06-21 12:41:09.359471 24 430 Franko 717.081376
0 131 24.54 24.44 1.16414 2021-06-21 12:41:10.523611 24 431 Franko 718.245516
0 76 19.69 24.44 0.865529 2021-06-21 12:41:11.389140 24 432 Franko 719.111045
0 67 18.51 24.44 0.03422 2021-06-21 12:41:11.423360 24 433 Franko 719.145265
0 57 16.93 24.44 0.065922 2021-06-21 12:41:11.489282 24 434 Franko 719.211187
0 121 23.66 24.44 0.383543 2021-06-21 12:41:11.872825 24 435 Franko 719.59473
0 408 90.57 24.44 3.008199 2021-06-21 12:41:14.881024 24 436 Franko 722.602929
0 79 20.03 24.44 0.932445 2021-06-21 12:41:15.813469 24 437 Franko 723.535374
0 184 31.36 24.44 1.396795 2021-06-21 12:41:17.210264 24 438 Franko 724.932169
0 140 25.42 24.44 1.091512 2021-06-21 12:41:18.301776 24 439 Franko 726.023681
0 66 18.36 24.44 0.638678 2021-06-21 12:41:18.940454 24 440 Franko 726.662359
0 85 20.67 24.44 0.774845 2021-06-21 12:41:19.715299 24 441 Franko 727.437204
0 127 24.18 24.44 1.231887 2021-06-21 12:41:20.947186 24 442 Franko 728.669091
0 127 24.18 24.44 3.534496 2021-06-21 12:41:24.481682 24 443 Franko 732.203587
0 108 22.63 24.44 2.227199 2021-06-21 12:41:26.708881 24 444 Franko 734.430786
0 53 16.22 24.66 0.061528 2021-06-21 12:41:26.770409 24 445 Franko 734.492314
0 92 21.32 24.44 0.607164 2021-06-21 12:41:27.377573 24 446 Franko 735.099478
0 56 16.76 24.44 1.180109 2021-06-21 12:41:28.557682 24 447 Franko 736.279587
0 63 17.91 24.44 1.013653 2021-06-21 12:41:29.571335 24 448 Franko 737.29324
0 78 19.92 24.44 1.284854 2021-06-21 12:41:30.856189 24 449 Franko 738.578094
0 234 40.06 24.44 3.419655 2021-06-21 12:41:34.275844 24 450 Franko 741.997749
0 51 15.86 24.44 2.7063 2021-06-21 12:41:36.982144 24 451 Franko 744.704049
0 207 35.26 24.44 0.639407 2021-06-21 12:41:37.621551 24 452 Franko 745.343456
0 304 53.73 24.44 1.329789 2021-06-21 12:41:38.951340 24 453 Franko 746.673245
0 71 19.06 24.44 0.291215 2021-06-21 12:41:39.242555 24 454 Franko 746.96446
0 167 28.76 24.44 1.645735 2021-06-21 12:41:40.888290 24 455 Franko 748.610195
0 67 18.51 24.44 4.656703 2021-06-21 12:41:45.544993 24 456 Franko 753.266898
0 98 21.83 24.44 0.43414 2021-06-21 12:41:45.979133 24 457 Franko 753.701038
0 79 20.03 24.44 2.445358 2021-06-21 12:41:48.424491 24 458 Franko 756.146396
2 163 28.20 24.34 0.020291 2021-06-21 12:41:48.444782 7 8 MattiaCosmicWatch 756.166687
0 115 23.18 24.44 2.138395 2021-06-21 12:41:50.583177 25 459 Franko 758.305082
0 71 19.06 24.44 0.896239 2021-06-21 12:41:51.479416 25 460 Franko 759.201321
0 60 17.43 24.44 2.373142 2021-06-21 12:41:53.852558 25 461 Franko 761.574463
0 89 21.05 24.44 0.413165 2021-06-21 12:41:54.265723 25 462 Franko 761.987628
0 78 19.92 24.44 1.997643 2021-06-21 12:41:56.263366 25 463 Franko 763.985271
1 344 64.67 24.44 3.356766 2021-06-21 12:41:59.620132 5 6 M 767.342037
2 242 41.58 41.74 0.015047 2021-06-21 12:41:59.635179 6 7 rens 767.357084
0 88 20.96 24.44 0.00345 2021-06-21 12:41:59.638629 25 464 Franko 767.360534
0 181 30.87 24.44 1.851803 2021-06-21 12:42:01.490432 26 465 Franko 769.212337
0 120 23.58 24.44 0.034235 2021-06-21 12:42:01.524667 26 466 Franko 769.246572
0 499 141.24 24.44 0.247627 2021-06-21 12:42:01.772294 26 467 Franko 769.494199
0 61 17.60 24.44 1.662177 2021-06-21 12:42:03.434471 26 468 Franko 771.156376
1 71 19.06 24.44 3.05596 2021-06-21 12:42:06.490431 5 6 Niels 774.212336
0 115 23.18 24.44 0.017989 2021-06-21 12:42:06.508420 26 469 Franko 774.230325
0 143 25.74 24.44 0.459192 2021-06-21 12:42:06.967612 27 470 Franko 774.689517
