# layer adc volt temp timediff time detector_muon_count detector_count detector_name
0 71 19.06 24.44 0.068646 2021-06-21 12:30:35.448152 3 48 Franko 83.170057
0 176 30.09 24.44 1.150844 2021-06-21 12:30:36.598996 3 49 Franko 84.320901
0 159 27.66 24.44 2.317927 2021-06-21 12:30:38.916923 3 50 Franko 86.638828
0 184 31.36 24.44 3.539256 2021-06-21 12:30:42.456179 3 51 Franko 90.178084
0 56 16.76 24.44 0.075317 2021-06-21 12:30:42.531496 3 52 Franko 90.253401
0 202 34.38 24.44 0.826699 2021-06-21 12:30:43.358195 3 53 Franko 91.0801
0 60 17.43 24.44 2.684134 2021-06-21 12:30:46.042329 3 54 Franko 93.764234
0 62 17.75 24.44 2.353454 2021-06-21 12:30:48.395783 3 55 Franko 96.117688
0 243 41.74 24.44 1.392864 2021-06-21 12:30:49.788647 3 56 Franko 97.510552
0 140 25.42 24.44 0.064874 2021-06-21 12:30:49.853521 3 57 Franko 97.575426
0 199 33.86 24.66 1.669333 2021-06-21 12:30:51.522854 3 58 Franko 99.244759
0 61 17.60 24.44 8.021471 2021-06-21 12:30:59.544325 3 59 Franko 107.26623
0 51 15.86 24.44 1.227168 2021-06-21 12:31:00.771493 3 60 Franko 108.493398
0 103 22.23 24.44 2.158507 2021-06-21 12:31:02.930000 3 61 Franko 110.651905
0 113 23.02 24.44 4.713562 2021-06-21 12:31:07.643562 3 62 Franko 115.365467
0 77 19.81 24.44 2.320587 2021-06-21 12:31:09.964149 3 63 Franko 117.686054
0 62 17.75 24.44 1.051668 2021-06-21 12:31:11.015817 3 64 Franko 118.737722
0 185 31.51 24.44 0.583402 2021-06-21 12:31:11.599219 3 65 Franko 119.321124
0 61 17.60 24.44 1.358682 2021-06-21 12:31:12.957901 3 66 Franko 120.679806
0 135 24.92 24.44 1.642925 2021-06-21 12:31:14.600826 3 67 Franko 122.322731
0 57 16.93 24.44 1.002167 2021-06-21 12:31:15.602993 3 68 Franko 123.324898
0 49 15.48 24.44 3.686796 2021-06-21 12:31:19.289789 3 69 Franko 127.011694
0 96 21.67 24.44 0.722086 2021-06-21 12:31:20.011875 3 70 Franko 127.73378
0 435 104.92 24.44 0.44348 2021-06-21 12:31:20.455355 3 71 Franko 128.17726
0 71 19.06 24.44 1.339527 2021-06-21 12:31:21.794882 3 72 Franko 129.516787
0 112 22.94 24.44 0.457727 2021-06-21 12:31:22.252609 3 73 Franko 129.974514
0 96 21.67 24.44 2.15994 2021-06-21 12:31:24.412549 3 74 Franko 132.134454
0 92 21.32 24.44 1.242206 2021-06-21 12:31:25.654755 3 75 Franko 133.37666
0 120 23.58 24.44 0.306876 2021-06-21 12:31:25.961631 3 76 Franko 133.683536
0 69 18.79 24.44 0.660718 2021-06-21 12:31:26.622349 3 77 Franko 134.344254
0 92 21.32 24.44 6.9814 2021-06-21 12:31:33.603749 3 78 Franko 141.325654
2 51 15.86 3.82 0.018207 2021-06-21 12:31:33.621956 0 1 rens 141.343861
0 79 20.03 24.44 0.037333 2021-06-21 12:31:33.659289 4 79 Franko 141.381194
0 199 33.86 24.44 2.768259 2021-06-21 12:31:36.427548 4 80 Franko 144.149453
0 51 15.86 24.44 2.527023 2021-06-21 12:31:38.954571 4 81 Franko 146.676476
0 412 92.93 24.44 0.47891 2021-06-21 12:31:39.433481 4 82 Franko 147.155386
1 312 55.68 24.44 0.01945 2021-06-21 12:31:39.452931 0 1 M 147.174836
2 71 19.06 8.65 0.000692 2021-06-21 12:31:39.453623 1 2 rens 147.175528
0 376 76.43 24.44 0.100385 2021-06-21 12:31:39.554008 5 83 Franko 147.275913
0 99 21.91 24.44 1.24134 2021-06-21 12:31:40.795348 5 84 Franko 148.517253
0 131 24.54 24.44 0.093183 2021-06-21 12:31:40.888531 5 85 Franko 148.610436
0 56 16.76 24.44 0.931788 2021-06-21 12:31:41.820319 5 86 Franko 149.542224
0 236 40.44 24.44 0.47313 2021-06-21 12:31:42.293449 5 87 Franko 150.015354
0 63 17.91 24.44 3.103341 2021-06-21 12:31:45.396790 5 88 Franko 153.118695
0 120 23.58 24.44 0.402425 2021-06-21 12:31:45.799215 5 89 Franko 153.52112
0 112 22.94 24.44 0.034096 2021-06-21 12:31:45.833311 5 90 Franko 153.555216
0 76 19.69 24.44 7.612297 2021-06-21 12:31:53.445608 5 91 Franko 161.167513
0 94 21.50 24.44 1.204393 2021-06-21 12:31:54.650001 5 92 Franko 162.371906
0 51 15.86 24.44 0.258734 2021-06-21 12:31:54.908735 5 93 Franko 162.63064
0 88 20.96 24.44 0.08437 2021-06-21 12:31:54.993105 5 94 Franko 162.71501
