# layer adc volt temp timediff time detector_muon_count detector_count detector_name
2 108 22.63 26.05 10 2021-06-18 19:14:02.393978 0 1 CarloCosmicWatch 0.966006
2 430 101.41 26.05 1.533022 2021-06-18 19:14:03.927000 0 2 CarloCosmicWatch 2.499028
2 193 32.84 26.05 1.153259 2021-06-18 19:14:05.080259 0 3 CarloCosmicWatch 3.652287
2 199 33.86 24.44 0.142022 2021-06-18 19:14:05.222281 0 1 M 3.794309
2 127 24.18 26.05 2.082803 2021-06-18 19:14:07.305084 0 4 CarloCosmicWatch 5.877112
2 49 15.48 26.27 1.556033 2021-06-18 19:14:08.861117 0 5 CarloCosmicWatch 7.433145
2 153 26.90 26.05 0.033706 2021-06-18 19:14:08.894823 0 6 CarloCosmicWatch 7.466851
2 120 23.58 24.44 0.048747 2021-06-18 19:14:08.943570 0 2 M 7.515598
2 67 18.51 24.44 0.000148 2021-06-18 19:14:08.943718 0 3 M 7.515746
2 240 41.21 24.44 0.736297 2021-06-18 19:14:09.680015 0 4 M 8.252043
2 131 24.54 26.05 0.570453 2021-06-18 19:14:10.250468 0 7 CarloCosmicWatch 8.822496
2 332 61.17 26.27 0.682335 2021-06-18 19:14:10.932803 0 8 CarloCosmicWatch 9.504831
2 56 16.76 24.44 0.026263 2021-06-18 19:14:10.959066 0 5 M 9.531094
2 511 149.39 26.05 0.195087 2021-06-18 19:14:11.154153 0 9 CarloCosmicWatch 9.726181
2 51 15.86 24.44 0.615892 2021-06-18 19:14:11.770045 0 6 M 10.342073
2 170 29.19 26.16 0.465762 2021-06-18 19:14:12.235807 0 10 CarloCosmicWatch 10.807835
2 143 25.74 26.05 0.12428 2021-06-18 19:14:12.360087 0 11 CarloCosmicWatch 10.932115
2 145 25.96 24.44 0.026274 2021-06-18 19:14:12.386361 0 7 M 10.958389
2 359 69.86 26.27 0.668616 2021-06-18 19:14:13.054977 0 12 CarloCosmicWatch 11.627005
2 49 15.48 24.44 0.035698 2021-06-18 19:14:13.090675 0 8 M 11.662703
2 412 92.93 26.05 0.74493 2021-06-18 19:14:13.835605 0 13 CarloCosmicWatch 12.407633
2 71 19.06 26.27 1.598119 2021-06-18 19:14:15.433724 0 14 CarloCosmicWatch 14.005752
2 108 22.63 26.27 4.01687 2021-06-18 19:14:19.450594 0 15 CarloCosmicWatch 18.022622
2 56 16.76 26.05 0.24768 2021-06-18 19:14:19.698274 0 16 CarloCosmicWatch 18.270302
2 403 88.99 24.44 0.942339 2021-06-18 19:14:20.640613 0 9 M 19.212641
2 108 22.63 24.44 0.66576 2021-06-18 19:14:21.306373 0 10 M 19.878401
2 124 23.92 26.48 0.84901 2021-06-18 19:14:22.155383 0 17 CarloCosmicWatch 20.727411
2 83 20.46 26.38 0.134858 2021-06-18 19:14:22.290241 0 18 CarloCosmicWatch 20.862269
2 319 57.64 26.27 0.14195 2021-06-18 19:14:22.432191 0 19 CarloCosmicWatch 21.004219
2 110 22.78 24.44 0.273733 2021-06-18 19:14:22.705924 0 11 M 21.277952
2 225 38.48 26.16 2.406008 2021-06-18 19:14:25.111932 0 20 CarloCosmicWatch 23.68396
2 76 19.69 24.44 0.498556 2021-06-18 19:14:25.610488 0 12 M 24.182516
2 207 35.26 24.44 0.638348 2021-06-18 19:14:26.248836 0 13 M 24.820864
2 399 87.30 26.27 0.418815 2021-06-18 19:14:26.667651 0 21 CarloCosmicWatch 25.239679
2 51 15.86 26.27 1.189192 2021-06-18 19:14:27.856843 0 22 CarloCosmicWatch 26.428871
2 79 20.03 26.48 0.772524 2021-06-18 19:14:28.629367 0 23 CarloCosmicWatch 27.201395
2 57 16.93 26.27 0.733364 2021-06-18 19:14:29.362731 0 24 CarloCosmicWatch 27.934759
2 284 49.41 26.70 0.675007 2021-06-18 19:14:30.037738 0 25 CarloCosmicWatch 28.609766
2 259 44.69 26.48 0.785347 2021-06-18 19:14:30.823085 0 26 CarloCosmicWatch 29.395113
2 152 26.78 26.48 0.033765 2021-06-18 19:14:30.856850 0 27 CarloCosmicWatch 29.428878
2 156 27.28 26.70 0.636768 2021-06-18 19:14:31.493618 0 28 CarloCosmicWatch 30.065646
2 192 32.67 26.48 0.510459 2021-06-18 19:14:32.004077 0 29 CarloCosmicWatch 30.576105
2 83 20.46 24.44 0.0962 2021-06-18 19:14:32.100277 0 14 M 30.672305
2 81 20.25 26.27 0.823133 2021-06-18 19:14:32.923410 0 30 CarloCosmicWatch 31.495438
2 67 18.51 26.27 0.864026 2021-06-18 19:14:33.787436 0 31 CarloCosmicWatch 32.359464
2 120 23.58 26.27 1.092226 2021-06-18 19:14:34.879662 0 32 CarloCosmicWatch 33.45169
2 49 15.48 26.27 0.033666 2021-06-18 19:14:34.913328 0 33 CarloCosmicWatch 33.485356
2 423 97.36 26.48 0.571867 2021-06-18 19:14:35.485195 0 34 CarloCosmicWatch 34.057223
2 94 21.50 24.44 0.958781 2021-06-18 19:14:36.443976 0 15 M 35.016004
2 216 36.85 26.48 0.013757 2021-06-18 19:14:36.457733 0 35 CarloCosmicWatch 35.029761
2 280 48.67 26.27 0.033604 2021-06-18 19:14:36.491337 0 36 CarloCosmicWatch 35.063365
