# layer adc volt temp timediff time detector_muon_count detector_count detector_name
0 385 80.11 26.91 1.575807 2021-06-18 17:07:26.971830 1 1 M 14.204809
1 281 48.90 26.05 0.009416 2021-06-18 17:07:26.981246 1 1 Florian 14.214225
2 121 23.66 26.70 0.006452 2021-06-18 17:07:26.987698 1 7 CarloCosmicWatch 14.220677

0 142 25.64 26.70 0.009123 2021-06-18 17:07:43.379889 2 2 M 30.612868
1 399 87.30 26.05 2.559337 2021-06-18 17:07:43.352782 3 3 Florian 30.585761
2 204 34.73 26.48 0.017984 2021-06-18 17:07:43.370766 3 16 CarloCosmicWatch 30.603745

0 51 15.86 26.81 0.028384 2021-06-18 17:07:47.686626 3 3 M 34.919605
1 368 72.93 26.27 0.000138 2021-06-18 17:07:47.686764 5 5 Florian 34.919743
2 444 109.09 26.70 1.910157 2021-06-18 17:07:47.658242 5 19 CarloCosmicWatch 34.891221

0 199 33.86 26.91 2.096169 2021-06-18 17:07:50.350177 4 4 M 37.583156
1 332 61.17 26.05 0.011708 2021-06-18 17:07:50.361885 6 6 Florian 37.594864
2 224 38.29 26.70 0.006324 2021-06-18 17:07:50.368209 6 21 CarloCosmicWatch 37.601188

0 403 88.99 26.70 0.819487 2021-06-18 17:08:08.764462 5 5 M 55.997441
1 120 23.58 26.05 0.011813 2021-06-18 17:08:08.776275 8 8 Florian 56.009254
2 169 29.05 26.70 0.006473 2021-06-18 17:08:08.782748 8 43 CarloCosmicWatch 56.015727

0 112 22.94 26.70 0.027454 2021-06-18 17:08:19.813571 6 6 M 67.04655
1 511 149.39 26.05 0.000141 2021-06-18 17:08:19.813712 10 10 Florian 67.046691
2 414 93.93 26.70 0.146914 2021-06-18 17:08:19.786117 10 53 CarloCosmicWatch 67.019096

0 255 43.96 26.70 0.008545 2021-06-18 17:08:22.982732 7 7 M 70.215711
1 207 35.26 26.27 1.602177 2021-06-18 17:08:22.955170 11 11 Florian 70.188149
2 147 26.19 26.70 0.019017 2021-06-18 17:08:22.974187 11 57 CarloCosmicWatch 70.207166

0 185 31.51 26.70 2.848155 2021-06-18 17:08:39.352247 9 10 M 86.585226
1 57 16.93 26.16 0.011499 2021-06-18 17:08:39.363746 12 13 Florian 86.596725
2 120 23.58 26.70 0.006745 2021-06-18 17:08:39.370491 13 71 CarloCosmicWatch 86.60347

0 207 35.26 26.81 0.618601 2021-06-18 17:08:39.989092 10 10 M 87.222071
1 448 112.41 26.27 0.01286 2021-06-18 17:08:40.001952 13 14 Florian 87.234931
2 225 38.48 26.70 0.007429 2021-06-18 17:08:40.009381 14 73 CarloCosmicWatch 87.24236

0 51 15.86 26.91 0.028555 2021-06-18 17:09:01.326378 11 11 M 108.559357
1 76 19.69 26.05 0.000154 2021-06-18 17:09:01.326532 18 19 Florian 108.559511
2 158 27.53 26.59 0.341558 2021-06-18 17:09:01.297823 19 92 CarloCosmicWatch 108.530802

0 156 27.28 27.13 1.104255 2021-06-18 17:09:02.715341 12 12 M 109.94832
1 499 141.24 26.05 0.013734 2021-06-18 17:09:02.729075 19 20 Florian 109.962054
2 227 38.83 26.70 0.007569 2021-06-18 17:09:02.736644 20 94 CarloCosmicWatch 109.969623

0 319 57.64 27.24 1.403179 2021-06-18 17:09:04.395354 13 13 M 111.628333
1 131 24.54 26.05 0.013753 2021-06-18 17:09:04.409107 20 21 Florian 111.642086
2 112 22.94 26.70 0.006595 2021-06-18 17:09:04.415702 21 96 CarloCosmicWatch 111.648681

0 79 20.03 26.91 2.735681 2021-06-18 17:09:10.324105 14 14 M 117.557084
1 140 25.42 26.05 0.023758 2021-06-18 17:09:10.360448 21 22 Florian 117.593427
2 206 35.07 26.70 0.012585 2021-06-18 17:09:10.336690 22 101 CarloCosmicWatch 117.569669

0 158 27.53 26.70 0.521913 2021-06-18 17:09:31.850679 17 17 M 139.083658
1 432 101.61 26.16 0.013443 2021-06-18 17:09:31.864122 23 24 Florian 139.097101
2 185 31.51 26.70 0.007469 2021-06-18 17:09:31.871591 26 119 CarloCosmicWatch 139.10457

0 83 20.46 27.34 0.022261 2021-06-18 17:10:48.526674 19 19 M 215.759653
1 92 21.32 26.05 1.819445 2021-06-18 17:10:48.484681 29 30 Florian 215.71766
2 227 38.83 26.91 0.019732 2021-06-18 17:10:48.504413 33 181 CarloCosmicWatch 215.737392

0 83 20.46 27.34 0.029162 2021-06-18 17:11:00.925807 20 20 M 228.158786
1 103 22.23 26.16 0.000142 2021-06-18 17:11:00.925949 31 32 Florian 228.158928
2 179 30.55 26.91 0.778231 2021-06-18 17:11:00.896645 35 187 CarloCosmicWatch 228.129624

0 83 20.46 27.34 0.334603 2021-06-18 17:11:43.354492 21 21 M 270.587471
1 88 20.96 26.05 0.01342 2021-06-18 17:11:43.367912 33 34 Florian 270.600891
2 241 41.39 27.13 0.006308 2021-06-18 17:11:43.374220 37 216 CarloCosmicWatch 270.607199

0 71 19.06 27.34 0.009546 2021-06-18 17:11:48.588122 22 22 M 275.821101
1 194 33.00 26.05 0.662119 2021-06-18 17:11:48.557774 35 36 Florian 275.790753
2 306 54.23 27.13 0.020802 2021-06-18 17:11:48.578576 39 223 CarloCosmicWatch 275.811555

0 71 19.06 27.34 0.033476 2021-06-18 17:11:56.119434 24 24 M 283.352413
1 70 18.93 26.16 0.000171 2021-06-18 17:11:56.119605 38 39 Florian 283.352584
2 49 15.48 27.13 0.675524 2021-06-18 17:11:56.085958 43 231 CarloCosmicWatch 283.318937

0 188 32.01 27.34 0.687414 2021-06-18 17:12:08.936077 25 25 M 296.169056
1 103 22.23 26.27 0.014617 2021-06-18 17:12:08.950694 40 41 Florian 296.183673
2 179 30.55 27.34 0.007407 2021-06-18 17:12:08.958101 45 248 CarloCosmicWatch 296.19108

0 56 16.76 27.13 0.030213 2021-06-18 17:12:25.623231 26 26 M 312.85621
1 115 23.18 26.05 0.00015 2021-06-18 17:12:25.623381 42 43 Florian 312.85636
2 284 49.41 27.34 1.088511 2021-06-18 17:12:25.593018 47 259 CarloCosmicWatch 312.825997

0 143 25.74 27.34 0.742011 2021-06-18 17:12:59.890521 27 27 M 347.1235
1 255 43.96 26.59 0.016022 2021-06-18 17:12:59.906543 45 46 Florian 347.139522
2 143 25.74 27.13 0.006178 2021-06-18 17:12:59.912721 50 287 CarloCosmicWatch 347.1457

0 195 33.17 27.34 2.655683 2021-06-18 17:13:11.007706 28 28 M 358.240685
1 158 27.53 26.27 0.01594 2021-06-18 17:13:11.023646 47 48 Florian 358.256625
2 103 22.23 27.34 0.0064 2021-06-18 17:13:11.030046 52 295 CarloCosmicWatch 358.263025

0 249 42.85 27.13 0.031435 2021-06-18 17:13:18.559971 29 29 M 365.79295
1 161 27.93 26.48 0.011733 2021-06-18 17:13:18.571704 48 49 Florian 365.804683
2 455 117.03 27.34 2.500381 2021-06-18 17:13:18.528536 53 300 CarloCosmicWatch 365.761515

0 127 24.18 27.34 0.030351 2021-06-18 17:13:22.236875 30 30 M 369.469854
1 97 21.75 26.27 0.00015 2021-06-18 17:13:22.237025 49 50 Florian 369.470004
2 255 43.96 27.13 0.595019 2021-06-18 17:13:22.206524 54 304 CarloCosmicWatch 369.439503

0 60 17.43 27.34 0.009241 2021-06-18 17:13:25.803746 31 31 M 373.036725
1 99 21.91 26.48 0.759304 2021-06-18 17:13:25.773301 50 51 Florian 373.00628
2 287 50.23 27.34 0.021204 2021-06-18 17:13:25.794505 55 308 CarloCosmicWatch 373.027484

0 71 19.06 27.34 0.030596 2021-06-18 17:13:29.902027 32 32 M 377.135006
1 125 24.00 26.48 0.000149 2021-06-18 17:13:29.902176 51 53 Florian 377.135155
2 159 27.66 27.34 2.515857 2021-06-18 17:13:29.871431 56 310 CarloCosmicWatch 377.10441

0 92 21.32 27.34 0.988395 2021-06-18 17:14:02.254185 33 33 M 409.487164
1 399 87.30 26.16 0.014838 2021-06-18 17:14:02.269023 56 57 Florian 409.502002
2 513 148.53 27.34 0.007105 2021-06-18 17:14:02.276128 61 337 CarloCosmicWatch 409.509107

0 57 16.93 27.34 0.793939 2021-06-18 17:14:07.251690 35 35 M 414.484669
1 194 33.00 26.91 0.014864 2021-06-18 17:14:07.266554 59 61 Florian 414.499533
2 238 40.82 27.34 0.007347 2021-06-18 17:14:07.273901 63 342 CarloCosmicWatch 414.50688

0 51 15.86 27.34 0.358555 2021-06-18 17:14:14.181753 36 36 M 421.414732
1 99 21.91 26.70 0.014829 2021-06-18 17:14:14.196582 61 62 Florian 421.429561
2 177 30.25 27.34 0.006221 2021-06-18 17:14:14.202803 65 350 CarloCosmicWatch 421.435782

0 115 23.18 27.34 2.213111 2021-06-18 17:14:30.739439 37 37 M 437.972418
1 67 18.51 26.59 0.015965 2021-06-18 17:14:30.755404 62 63 Florian 437.988383
2 248 42.69 27.34 0.005267 2021-06-18 17:14:30.760671 66 362 CarloCosmicWatch 437.99365

0 140 25.42 27.34 0.030459 2021-06-18 17:14:48.231763 39 39 M 455.464742
1 115 23.18 26.27 0.000152 2021-06-18 17:14:48.231915 64 65 Florian 455.464894
2 108 22.63 27.34 4.16412 2021-06-18 17:14:48.201304 69 375 CarloCosmicWatch 455.434283

0 63 17.91 27.34 0.030508 2021-06-18 17:14:54.743179 40 40 M 461.976158
1 270 46.71 26.38 0.000149 2021-06-18 17:14:54.743328 65 66 Florian 461.976307
2 287 50.23 27.34 0.924715 2021-06-18 17:14:54.712671 70 383 CarloCosmicWatch 461.94565

0 159 27.66 27.34 0.03042 2021-06-18 17:14:57.197616 41 41 M 464.430595
1 441 109.77 26.70 0.000151 2021-06-18 17:14:57.197767 66 67 Florian 464.430746
2 313 56.02 27.34 0.445203 2021-06-18 17:14:57.167196 71 389 CarloCosmicWatch 464.400175

0 62 17.75 27.34 0.009267 2021-06-18 17:15:04.821546 42 42 M 472.054525
1 89 21.05 26.59 1.196854 2021-06-18 17:15:04.791012 70 71 Florian 472.023991
2 359 69.86 27.34 0.021267 2021-06-18 17:15:04.812279 75 395 CarloCosmicWatch 472.045258

0 57 16.93 27.34 0.009374 2021-06-18 17:15:10.877293 43 43 M 478.110272
1 94 21.50 26.27 3.847748 2021-06-18 17:15:10.846718 71 72 Florian 478.079697
2 177 30.25 27.34 0.021201 2021-06-18 17:15:10.867919 76 399 CarloCosmicWatch 478.100898

0 227 38.83 27.34 0.030318 2021-06-18 17:15:16.118691 44 44 M 483.35167
1 312 55.68 26.70 0.000152 2021-06-18 17:15:16.118843 72 73 Florian 483.351822
2 318 57.28 27.34 3.357366 2021-06-18 17:15:16.088373 77 402 CarloCosmicWatch 483.321352

0 225 38.48 27.34 2.429525 2021-06-18 17:15:20.563662 45 45 M 487.796641
1 344 64.67 26.70 0.015891 2021-06-18 17:15:20.579553 74 75 Florian 487.812532
2 352 66.89 27.34 0.006298 2021-06-18 17:15:20.585851 79 407 CarloCosmicWatch 487.81883

0 284 49.41 27.34 0.033591 2021-06-18 17:15:33.508076 46 46 M 500.741055
1 192 32.67 26.91 0.000151 2021-06-18 17:15:33.508227 75 76 Florian 500.741206
2 179 30.55 27.34 0.21246 2021-06-18 17:15:33.474485 80 418 CarloCosmicWatch 500.707464

0 56 16.76 27.34 0.008297 2021-06-18 17:15:38.000129 47 48 M 505.233108
1 103 22.23 26.70 0.986592 2021-06-18 17:15:37.969605 76 77 Florian 505.202584
2 159 27.66 27.34 0.022227 2021-06-18 17:15:37.991832 81 420 CarloCosmicWatch 505.224811

0 110 22.78 27.34 0.112539 2021-06-18 17:15:38.112668 48 48 M 505.345647
1 455 117.03 26.70 0.016024 2021-06-18 17:15:38.128692 77 78 Florian 505.361671
2 295 51.75 27.34 0.007281 2021-06-18 17:15:38.135973 82 422 CarloCosmicWatch 505.368952

0 127 24.18 27.34 0.030241 2021-06-18 17:15:45.967383 49 49 M 513.200362
1 193 32.84 26.70 0.000234 2021-06-18 17:15:45.967617 78 79 Florian 513.200596
2 159 27.66 27.34 1.213351 2021-06-18 17:15:45.937142 83 428 CarloCosmicWatch 513.170121

0 167 28.76 27.34 0.462494 2021-06-18 17:15:51.501504 50 50 M 518.734483
1 78 19.92 26.70 0.01585 2021-06-18 17:15:51.517354 79 80 Florian 518.750333
2 97 21.75 27.34 0.005252 2021-06-18 17:15:51.522606 84 434 CarloCosmicWatch 518.755585

0 92 21.32 27.34 0.073914 2021-06-18 17:16:21.812476 51 51 M 549.045455
1 113 23.02 26.48 0.014919 2021-06-18 17:16:21.827395 82 83 Florian 549.060374
2 236 40.44 27.34 0.007449 2021-06-18 17:16:21.834844 87 459 CarloCosmicWatch 549.067823

0 291 50.97 27.34 2.429922 2021-06-18 17:16:41.097937 53 53 M 568.330916
1 259 44.69 26.38 0.015784 2021-06-18 17:16:41.113721 84 85 Florian 568.3467
2 268 46.26 27.34 0.006538 2021-06-18 17:16:41.120259 90 478 CarloCosmicWatch 568.353238

0 50 15.67 27.34 1.619751 2021-06-18 17:16:50.811237 54 54 M 578.044216
1 89 21.05 26.70 0.014943 2021-06-18 17:16:50.826180 85 86 Florian 578.059159
2 105 22.39 27.34 0.006241 2021-06-18 17:16:50.832421 91 488 CarloCosmicWatch 578.0654

0 96 21.67 27.34 1.29436 2021-06-18 17:17:01.238172 55 55 M 588.471151
1 56 16.76 26.70 0.014822 2021-06-18 17:17:01.252994 87 88 Florian 588.485973
2 185 31.51 27.34 0.006577 2021-06-18 17:17:01.259571 93 497 CarloCosmicWatch 588.49255

0 543 164.77 27.34 0.008361 2021-06-18 17:17:10.169710 56 56 M 597.402689
1 255 43.96 26.91 1.383112 2021-06-18 17:17:10.139193 88 90 Florian 597.372172
2 332 61.17 27.34 0.022156 2021-06-18 17:17:10.161349 94 505 CarloCosmicWatch 597.394328

0 224 38.29 27.34 0.029365 2021-06-18 17:17:11.685359 57 57 M 598.918338
1 290 50.82 26.91 0.000166 2021-06-18 17:17:11.685525 90 91 Florian 598.918504
2 79 20.03 27.34 1.217992 2021-06-18 17:17:11.655994 96 508 CarloCosmicWatch 598.888973

0 70 18.93 27.34 0.030262 2021-06-18 17:17:23.506236 58 58 M 610.739215
1 124 23.92 26.91 0.00015 2021-06-18 17:17:23.506386 92 93 Florian 610.739365
2 195 33.17 27.34 0.39758 2021-06-18 17:17:23.475974 98 516 CarloCosmicWatch 610.708953

0 103 22.23 27.34 0.340293 2021-06-18 17:17:24.071394 59 59 M 611.304373
1 120 23.58 26.81 0.015879 2021-06-18 17:17:24.087273 93 94 Florian 611.320252
2 231 39.55 27.34 0.006538 2021-06-18 17:17:24.093811 99 518 CarloCosmicWatch 611.32679

0 348 65.64 27.34 0.892415 2021-06-18 17:17:26.383835 60 60 M 613.616814
1 159 27.66 26.91 0.015769 2021-06-18 17:17:26.399604 94 95 Florian 613.632583
2 172 29.49 27.34 0.006514 2021-06-18 17:17:26.406118 100 520 CarloCosmicWatch 613.639097

0 108 22.63 27.34 0.030356 2021-06-18 17:17:36.321019 61 61 M 623.553998
1 88 20.96 26.91 0.000152 2021-06-18 17:17:36.321171 97 98 Florian 623.55415
2 176 30.09 27.34 0.237734 2021-06-18 17:17:36.290663 103 535 CarloCosmicWatch 623.523642

0 112 22.94 27.34 0.030411 2021-06-18 17:17:41.265240 62 62 M 628.498219
1 83 20.46 26.70 0.000153 2021-06-18 17:17:41.265393 98 99 Florian 628.498372
2 217 37.04 27.34 0.16997 2021-06-18 17:17:41.234829 104 539 CarloCosmicWatch 628.467808

0 63 17.91 27.34 0.031659 2021-06-18 17:17:43.892072 63 63 M 631.125051
1 71 19.06 26.70 0.000163 2021-06-18 17:17:43.892235 99 100 Florian 631.125214
2 448 112.41 27.34 2.59502 2021-06-18 17:17:43.860413 105 540 CarloCosmicWatch 631.093392

0 78 19.92 27.34 3.99237 2021-06-18 17:18:01.213745 64 64 M 648.446724
1 230 39.39 26.48 0.014947 2021-06-18 17:18:01.228692 101 102 Florian 648.461671
2 121 23.66 27.34 0.008483 2021-06-18 17:18:01.237175 107 550 CarloCosmicWatch 648.470154

0 92 21.32 27.34 0.030636 2021-06-18 17:18:02.983271 65 65 M 650.21625
1 79 20.03 26.59 0.000149 2021-06-18 17:18:02.983420 102 103 Florian 650.216399
2 414 93.93 27.34 1.151345 2021-06-18 17:18:02.952635 108 552 CarloCosmicWatch 650.185614

0 135 24.92 27.34 0.008371 2021-06-18 17:18:39.808263 66 66 M 687.041242
1 99 21.91 26.91 1.662254 2021-06-18 17:18:39.777938 107 108 Florian 687.010917
2 127 24.18 27.34 0.021954 2021-06-18 17:18:39.799892 113 586 CarloCosmicWatch 687.032871

0 83 20.46 27.34 0.030184 2021-06-18 17:19:09.727615 67 67 M 716.960594
1 176 30.09 26.70 0.000144 2021-06-18 17:19:09.727759 110 111 Florian 716.960738
2 103 22.23 27.34 1.269085 2021-06-18 17:19:09.697431 116 613 CarloCosmicWatch 716.93041

0 89 21.05 27.34 1.507762 2021-06-18 17:19:19.038389 68 68 M 726.271368
1 103 22.23 26.70 0.014519 2021-06-18 17:19:19.052908 111 112 Florian 726.285887
2 108 22.63 27.34 0.00862 2021-06-18 17:19:19.061528 117 620 CarloCosmicWatch 726.294507

0 268 46.26 27.34 0.03028 2021-06-18 17:19:33.852952 69 69 M 741.085931
1 312 55.68 26.81 0.000165 2021-06-18 17:19:33.853117 113 114 Florian 741.086096
2 353 67.64 27.34 0.073613 2021-06-18 17:19:33.822672 119 633 CarloCosmicWatch 741.055651

0 76 19.69 27.34 0.030138 2021-06-18 17:19:55.361984 70 70 M 762.594963
1 92 21.32 26.70 0.000167 2021-06-18 17:19:55.362151 115 116 Florian 762.59513
2 177 30.25 27.34 0.306454 2021-06-18 17:19:55.331846 121 645 CarloCosmicWatch 762.564825

0 67 18.51 27.34 0.030194 2021-06-18 17:20:03.842334 71 71 M 771.075313
1 134 24.82 26.91 0.000169 2021-06-18 17:20:03.842503 116 117 Florian 771.075482
2 185 31.51 27.34 0.214005 2021-06-18 17:20:03.812140 122 660 CarloCosmicWatch 771.045119

0 156 27.28 27.34 2.457441 2021-06-18 17:20:22.004373 72 72 M 789.237352
1 335 61.77 27.13 0.015579 2021-06-18 17:20:22.019952 118 120 Florian 789.252931
2 248 42.69 27.34 0.007327 2021-06-18 17:20:22.027279 124 670 CarloCosmicWatch 789.260258

0 124 23.92 27.34 0.030235 2021-06-18 17:20:22.254615 73 73 M 789.487594
1 204 34.73 27.13 0.000199 2021-06-18 17:20:22.254814 119 121 Florian 789.487793
2 185 31.51 27.34 0.197101 2021-06-18 17:20:22.224380 125 671 CarloCosmicWatch 789.457359

0 76 19.69 27.34 1.674032 2021-06-18 17:20:27.851592 74 74 M 795.084571
1 204 34.73 26.81 0.014564 2021-06-18 17:20:27.866156 120 122 Florian 795.099135
2 162 28.06 27.34 0.008448 2021-06-18 17:20:27.874604 126 675 CarloCosmicWatch 795.107583

0 152 26.78 27.34 0.033434 2021-06-18 17:20:32.269861 76 76 M 799.50284
1 92 21.32 27.13 0.000168 2021-06-18 17:20:32.270029 122 124 Florian 799.503008
2 185 31.51 27.34 1.724956 2021-06-18 17:20:32.236427 129 683 CarloCosmicWatch 799.469406

0 66 18.36 27.34 0.008338 2021-06-18 17:20:40.847628 77 77 M 808.080607
1 85 20.67 26.70 1.720332 2021-06-18 17:20:40.817384 123 125 Florian 808.050363
2 249 42.85 27.34 0.021906 2021-06-18 17:20:40.839290 130 692 CarloCosmicWatch 808.072269

0 385 80.11 27.34 1.59851 2021-06-18 17:20:47.797851 78 79 M 815.03083
1 158 27.53 27.34 0.015601 2021-06-18 17:20:47.813452 124 126 Florian 815.046431
2 263 45.37 27.45 0.007407 2021-06-18 17:20:47.820859 131 696 CarloCosmicWatch 815.053838

0 169 29.05 27.34 0.631479 2021-06-18 17:20:48.452338 79 79 M 815.685317
1 176 30.09 27.13 0.015547 2021-06-18 17:20:48.467885 125 127 Florian 815.700864
2 50 15.67 27.34 0.007432 2021-06-18 17:20:48.475317 132 698 CarloCosmicWatch 815.708296

0 176 30.09 27.34 0.187072 2021-06-18 17:21:04.610924 80 80 M 831.843903
1 319 57.64 27.13 0.015484 2021-06-18 17:21:04.626408 126 128 Florian 831.859387
2 492 134.92 27.34 0.007407 2021-06-18 17:21:04.633815 133 708 CarloCosmicWatch 831.866794

0 241 41.39 27.34 0.030257 2021-06-18 17:21:07.608729 81 81 M 834.841708
1 391 82.35 27.34 0.00017 2021-06-18 17:21:07.608899 127 129 Florian 834.841878
2 184 31.36 27.34 1.772785 2021-06-18 17:21:07.578472 134 712 CarloCosmicWatch 834.811451

0 108 22.63 27.34 2.67521 2021-06-18 17:21:12.281555 82 82 M 839.514534
1 126 24.09 26.91 0.015557 2021-06-18 17:21:12.297112 128 130 Florian 839.530091
2 271 46.93 27.45 0.007571 2021-06-18 17:21:12.304683 135 714 CarloCosmicWatch 839.537662

0 57 16.93 27.34 0.030219 2021-06-18 17:21:14.297396 83 83 M 841.530375
1 230 39.39 26.91 0.00017 2021-06-18 17:21:14.297566 130 132 Florian 841.530545
2 211 35.96 27.34 0.921172 2021-06-18 17:21:14.267177 137 717 CarloCosmicWatch 841.500156

0 134 24.82 27.34 0.007283 2021-06-18 17:21:17.678190 84 84 M 844.911169
1 354 67.99 27.34 1.773873 2021-06-18 17:21:17.648008 131 133 Florian 844.880987
2 329 59.91 27.34 0.022899 2021-06-18 17:21:17.670907 138 719 CarloCosmicWatch 844.903886

0 131 24.54 27.34 0.006344 2021-06-18 17:21:24.027727 85 86 M 851.260706
1 220 37.58 26.91 1.961859 2021-06-18 17:21:23.998521 132 134 Florian 851.2315
2 63 17.91 27.34 0.022862 2021-06-18 17:21:24.021383 139 728 CarloCosmicWatch 851.254362

0 691 332.16 27.34 2.837446 2021-06-18 17:21:26.865173 86 86 M 854.098152
1 396 85.28 27.13 0.016652 2021-06-18 17:21:26.881825 133 135 Florian 854.114804
2 287 50.23 27.34 0.006239 2021-06-18 17:21:26.888064 140 730 CarloCosmicWatch 854.121043

0 56 16.76 27.34 0.03347 2021-06-18 17:21:29.221070 87 87 M 856.454049
1 63 17.91 26.91 0.000149 2021-06-18 17:21:29.221219 134 136 Florian 856.454198
2 195 33.17 27.34 1.245534 2021-06-18 17:21:29.187600 141 734 CarloCosmicWatch 856.420579

0 81 20.25 27.34 0.377822 2021-06-18 17:21:30.494463 88 88 M 857.727442
1 57 16.93 27.34 0.014566 2021-06-18 17:21:30.509029 135 137 Florian 857.742008
2 79 20.03 27.34 0.024795 2021-06-18 17:21:30.533824 142 736 CarloCosmicWatch 857.766803

0 227 38.83 27.34 0.825764 2021-06-18 17:21:31.712403 89 89 M 858.945382
1 199 33.86 27.13 0.015702 2021-06-18 17:21:31.728105 136 138 Florian 858.961084
2 243 41.74 27.34 0.00716 2021-06-18 17:21:31.735265 143 739 CarloCosmicWatch 858.968244

0 71 19.06 27.34 0.689404 2021-06-18 17:22:27.666102 90 90 M 914.899081
1 188 32.01 26.70 0.014655 2021-06-18 17:22:27.680757 141 143 Florian 914.913736
2 291 50.97 27.34 0.008401 2021-06-18 17:22:27.689158 148 788 CarloCosmicWatch 914.922137

0 57 16.93 27.34 0.030504 2021-06-18 17:22:36.422768 92 92 M 923.655747
1 99 21.91 27.34 0.000147 2021-06-18 17:22:36.422915 142 144 Florian 923.655894
2 326 59.13 27.45 2.949617 2021-06-18 17:22:36.392264 150 792 CarloCosmicWatch 923.625243

0 71 19.06 27.34 0.030194 2021-06-18 17:22:55.244293 94 94 M 942.477272
1 103 22.23 27.34 0.000205 2021-06-18 17:22:55.244498 144 146 Florian 942.477477
2 345 64.98 27.34 0.544824 2021-06-18 17:22:55.214099 151 807 CarloCosmicWatch 942.447078

0 71 19.06 27.34 0.030308 2021-06-18 17:23:16.014892 95 95 M 963.247871
1 120 23.58 27.24 0.000151 2021-06-18 17:23:16.015043 145 147 Florian 963.248022
2 197 33.52 27.34 0.408455 2021-06-18 17:23:15.984584 152 817 CarloCosmicWatch 963.217563

0 399 87.30 27.34 0.328625 2021-06-18 17:23:50.270248 96 96 M 997.503227
1 147 26.19 27.13 0.015575 2021-06-18 17:23:50.285823 148 150 Florian 997.518802
2 184 31.36 27.34 0.00852 2021-06-18 17:23:50.294343 155 844 CarloCosmicWatch 997.527322

0 103 22.23 27.34 0.940304 2021-06-18 17:23:56.476924 97 97 M 1003.709903
1 120 23.58 27.13 0.016726 2021-06-18 17:23:56.493650 149 151 Florian 1003.726629
2 184 31.36 27.45 0.007482 2021-06-18 17:23:56.501132 156 848 CarloCosmicWatch 1003.734111

0 56 16.76 27.34 0.033494 2021-06-18 17:24:04.752571 98 99 M 1011.98555
1 82 20.36 27.34 0.000147 2021-06-18 17:24:04.752718 151 153 Florian 1011.985697
2 152 26.78 27.34 0.206446 2021-06-18 17:24:04.719077 158 857 CarloCosmicWatch 1011.952056

0 51 15.86 27.34 0.947493 2021-06-18 17:24:05.700369 99 99 M 1012.933348
1 89 21.05 27.24 0.015747 2021-06-18 17:24:05.716116 152 154 Florian 1012.949095
2 217 37.04 27.34 0.007276 2021-06-18 17:24:05.723392 159 859 CarloCosmicWatch 1012.956371

0 387 81.05 27.34 0.380584 2021-06-18 17:24:34.652079 101 102 M 1041.885058
1 275 47.73 27.13 0.017731 2021-06-18 17:24:34.669810 155 157 Florian 1041.902789
2 96 21.67 27.34 0.006421 2021-06-18 17:24:34.676231 161 878 CarloCosmicWatch 1041.90921

0 204 34.73 27.34 1.399726 2021-06-18 17:24:36.075957 102 102 M 1043.308936
1 261 45.09 27.34 0.017833 2021-06-18 17:24:36.093790 156 158 Florian 1043.326769
2 192 32.67 27.34 0.006335 2021-06-18 17:24:36.100125 162 880 CarloCosmicWatch 1043.333104

0 312 55.68 27.34 0.031408 2021-06-18 17:24:42.813842 103 103 M 1050.046821
1 176 30.09 27.34 0.000153 2021-06-18 17:24:42.813995 157 159 Florian 1050.046974
2 312 55.68 27.34 0.636379 2021-06-18 17:24:42.782434 163 890 CarloCosmicWatch 1050.015413

0 71 19.06 27.34 0.006176 2021-06-18 17:24:50.482060 104 104 M 1057.715039
1 110 22.78 27.34 0.329112 2021-06-18 17:24:50.451889 159 161 Florian 1057.684868
2 96 21.67 27.34 0.023995 2021-06-18 17:24:50.475884 165 899 CarloCosmicWatch 1057.708863

0 103 22.23 27.34 0.03123 2021-06-18 17:24:55.642353 105 105 M 1062.875332
1 192 32.67 27.34 0.000163 2021-06-18 17:24:55.642516 160 162 Florian 1062.875495
2 387 81.05 27.34 1.636083 2021-06-18 17:24:55.611123 166 903 CarloCosmicWatch 1062.844102

0 56 16.76 27.34 0.008412 2021-06-18 17:24:58.258002 106 106 M 1065.490981
1 96 21.67 27.34 0.748081 2021-06-18 17:24:58.226641 161 163 Florian 1065.45962
2 121 23.66 27.34 0.022949 2021-06-18 17:24:58.249590 167 907 CarloCosmicWatch 1065.482569

0 51 15.86 27.34 0.550718 2021-06-18 17:25:36.478566 107 107 M 1103.711545
1 172 29.49 27.34 0.016577 2021-06-18 17:25:36.495143 168 170 Florian 1103.728122
2 83 20.46 27.34 0.00739 2021-06-18 17:25:36.502533 174 939 CarloCosmicWatch 1103.735512

0 81 20.25 27.34 0.77775 2021-06-18 17:25:37.471161 108 108 M 1104.70414
1 590 200.72 27.34 0.016564 2021-06-18 17:25:37.487725 169 171 Florian 1104.720704
2 271 46.93 27.34 0.008455 2021-06-18 17:25:37.496180 175 941 CarloCosmicWatch 1104.729159

0 167 28.76 27.34 1.557168 2021-06-18 17:25:42.554678 109 109 M 1109.787657
1 211 35.96 27.34 0.017701 2021-06-18 17:25:42.572379 170 172 Florian 1109.805358
2 291 50.97 27.34 0.00626 2021-06-18 17:25:42.578639 176 945 CarloCosmicWatch 1109.811618

0 69 18.79 27.45 0.694067 2021-06-18 17:25:47.399322 110 110 M 1114.632301
1 73 19.32 27.34 0.016693 2021-06-18 17:25:47.416015 172 174 Florian 1114.648994
2 135 24.92 27.45 0.006192 2021-06-18 17:25:47.422207 178 950 CarloCosmicWatch 1114.655186

0 51 15.86 27.34 3.138459 2021-06-18 17:25:55.935760 111 111 M 1123.168739
1 67 18.51 27.34 0.016596 2021-06-18 17:25:55.952356 173 176 Florian 1123.185335
2 481 129.57 27.34 0.017061 2021-06-18 17:25:55.969417 179 958 CarloCosmicWatch 1123.202396

0 57 16.93 27.34 0.436638 2021-06-18 17:26:01.499955 112 112 M 1128.732934
1 114 23.10 27.34 0.016706 2021-06-18 17:26:01.516661 174 178 Florian 1128.74964
2 224 38.29 27.34 0.00724 2021-06-18 17:26:01.523901 180 961 CarloCosmicWatch 1128.75688

