# layer adc volt temp timediff time detector_muon_count detector_count detector_name
0 96 21.67 26.70 1.010648 2021-06-21 19:17:33.823123 1 1 Niels 1087.935389
1 156 27.28 12.52 0.020065 2021-06-21 19:17:33.843188 28 28 rens 1087.955454
2 31 12.01 26.59 0.002115 2021-06-21 19:17:33.845303 30 199 MattiaCosmicWatch 1087.957569

0 455 117.03 27.24 0.033628 2021-06-21 19:24:44.544819 1 1 Florian 1518.657085
1 398 85.63 65.37 0.000185 2021-06-21 19:24:44.545004 33 33 rens 1518.65727
2 181 30.87 26.59 2.0843 2021-06-21 19:24:44.511191 35 273 MattiaCosmicWatch 1518.623457

0 158 27.53 26.70 1.720439 2021-06-21 19:27:42.717231 3 3 Niels 1696.829497
1 117 23.34 2.53 0.021103 2021-06-21 19:27:42.738334 37 37 rens 1696.8506
2 224 38.29 26.59 0.000173 2021-06-21 19:27:42.738507 38 309 MattiaCosmicWatch 1696.850773

0 207 35.26 26.16 8.081684 2021-06-21 19:47:30.303817 5 5 Niels 2884.416083
1 492 134.92 86.32 0.021099 2021-06-21 19:47:30.324916 60 63 rens 2884.437182
2 79 20.03 26.59 0.002432 2021-06-21 19:47:30.327348 62 527 MattiaCosmicWatch 2884.439614

0 62 17.75 27.34 0.033708 2021-06-21 19:47:38.799709 2 2 Florian 2892.911975
1 473 126.29 74.72 0.000181 2021-06-21 19:47:38.799890 61 64 rens 2892.912156
2 127 24.18 26.38 0.816641 2021-06-21 19:47:38.766001 63 531 MattiaCosmicWatch 2892.878267

0 31 12.01 27.24 0.010588 2021-06-21 20:15:10.621789 3 3 Florian 4544.734055
1 216 36.85 11.88 0.171943 2021-06-21 20:15:10.589036 86 90 rens 4544.701302
2 61 17.60 26.59 0.022165 2021-06-21 20:15:10.611201 89 856 MattiaCosmicWatch 4544.723467

0 94 21.50 26.05 1.623379 2021-06-21 20:18:10.805842 7 7 Niels 4724.918108
1 158 27.53 16.39 0.020949 2021-06-21 20:18:10.826791 88 92 rens 4724.939057
2 71 19.06 26.48 0.001118 2021-06-21 20:18:10.827909 91 889 MattiaCosmicWatch 4724.940175

0 103 22.23 27.34 21.409334 2021-06-21 20:34:45.362089 5 5 Florian 5719.474355
1 273 47.25 37.01 0.024143 2021-06-21 20:34:45.386232 104 109 rens 5719.498498
2 113 23.02 26.38 0.000175 2021-06-21 20:34:45.386407 109 1072 MattiaCosmicWatch 5719.498673

0 58 17.10 26.16 0.186311 2021-06-21 20:40:45.610160 9 9 Niels 6079.722426
1 241 41.39 22.19 0.022087 2021-06-21 20:40:45.632247 106 113 rens 6079.744513
2 56 16.76 26.27 0.002273 2021-06-21 20:40:45.634520 112 1135 MattiaCosmicWatch 6079.746786

0 184 31.36 26.05 6.752538 2021-06-21 20:44:12.083478 10 10 Niels 6286.195744
1 172 29.49 19.93 0.024242 2021-06-21 20:44:12.107720 113 120 rens 6286.219986
2 124 23.92 26.27 0.000174 2021-06-21 20:44:12.107894 119 1167 MattiaCosmicWatch 6286.22016

0 35 12.75 26.70 0.010832 2021-06-21 20:51:03.494372 6 6 Florian 6697.606638
1 332 61.17 50.55 1.455018 2021-06-21 20:51:03.459466 120 126 rens 6697.571732
2 60 17.43 26.27 0.024074 2021-06-21 20:51:03.483540 126 1257 MattiaCosmicWatch 6697.595806

0 67 18.51 26.05 0.033695 2021-06-21 21:02:23.963034 12 14 Niels 7378.0753
1 455 117.03 76.01 0.000176 2021-06-21 21:02:23.963210 132 139 rens 7378.075476
2 211 35.96 26.48 2.504 2021-06-21 21:02:23.929339 142 1394 MattiaCosmicWatch 7378.041605

0 268 46.26 26.05 0.00748 2021-06-21 21:32:13.437115 14 17 Niels 9167.549381
1 617 223.47 112.74 1.966897 2021-06-21 21:32:13.403417 153 163 rens 9167.515683
2 140 25.42 26.27 0.026218 2021-06-21 21:32:13.429635 164 1714 MattiaCosmicWatch 9167.541901

0 49 15.48 26.05 0.033464 2021-06-21 21:32:32.878025 15 18 Niels 9186.990291
1 271 46.93 38.62 0.000177 2021-06-21 21:32:32.878202 156 165 rens 9186.990468
2 107 22.55 26.27 2.467782 2021-06-21 21:32:32.844561 167 1722 MattiaCosmicWatch 9186.956827

0 96 21.67 26.70 0.034689 2021-06-21 21:32:34.742593 7 7 Florian 9188.854859
1 301 53.09 47.97 0.000197 2021-06-21 21:32:34.742790 157 166 rens 9188.855056
2 39 13.53 26.38 1.829702 2021-06-21 21:32:34.707904 168 1723 MattiaCosmicWatch 9188.82017

0 177 30.25 26.05 2.178795 2021-06-21 21:33:40.575542 16 19 Niels 9254.687808
1 141 25.53 14.13 0.024309 2021-06-21 21:33:40.599851 160 169 rens 9254.712117
2 35 12.75 26.16 0.001161 2021-06-21 21:33:40.601012 172 1742 MattiaCosmicWatch 9254.713278

0 96 21.67 27.34 15.85037 2021-06-21 21:39:21.155010 8 9 Cecile 9595.267276
1 117 23.34 9.30 0.023151 2021-06-21 21:39:21.178161 163 172 rens 9595.290427
2 568 189.84 26.38 0.001114 2021-06-21 21:39:21.179275 175 1823 MattiaCosmicWatch 9595.291541

0 156 27.28 26.05 4.181402 2021-06-21 21:40:12.494133 17 21 Niels 9646.606399
1 194 33.00 7.04 0.024234 2021-06-21 21:40:12.518367 164 173 rens 9646.630633
2 44 14.51 26.16 0.000187 2021-06-21 21:40:12.518554 177 1833 MattiaCosmicWatch 9646.63082

0 46 14.91 26.05 10.457196 2021-06-21 21:47:12.999576 19 23 Niels 10067.111842
1 121 23.66 6.93 0.024281 2021-06-21 21:47:13.023857 175 184 rens 10067.136123
2 240 41.21 26.48 0.001234 2021-06-21 21:47:13.025091 190 1905 MattiaCosmicWatch 10067.137357

0 114 23.10 27.34 1.659261 2021-06-21 21:52:26.923291 11 12 Cecile 10381.035557
1 423 97.36 73.75 0.026164 2021-06-21 21:52:26.949455 183 192 rens 10381.061721
2 62 17.75 26.16 0.000187 2021-06-21 21:52:26.949642 199 1962 MattiaCosmicWatch 10381.061908

0 38 13.33 26.05 3.964486 2021-06-21 22:08:03.823111 21 25 Niels 11317.935377
1 218 37.23 12.20 0.02427 2021-06-21 22:08:03.847381 201 211 rens 11317.959647
2 71 19.06 26.16 0.002156 2021-06-21 22:08:03.849537 217 2146 MattiaCosmicWatch 11317.961803

0 114 23.10 26.05 0.008378 2021-06-21 22:10:18.694006 22 26 Niels 11452.806272
1 74 19.44 -4.88 3.745679 2021-06-21 22:10:18.660306 209 219 rens 11452.772572
2 88 20.96 26.16 0.025322 2021-06-21 22:10:18.685628 225 2185 MattiaCosmicWatch 11452.797894

0 49 15.48 26.70 4.309613 2021-06-21 22:10:26.910237 8 8 Florian 11461.022503
1 655 252.34 121.12 0.025253 2021-06-21 22:10:26.935490 210 220 rens 11461.047756
2 88 20.96 26.16 0.003328 2021-06-21 22:10:26.938818 226 2189 MattiaCosmicWatch 11461.051084

0 42 14.12 26.70 20.884218 2021-06-21 22:11:04.297589 9 9 Florian 11498.409855
1 166 28.62 16.60 0.025247 2021-06-21 22:11:04.322836 211 221 rens 11498.435102
2 74 19.44 26.16 0.001179 2021-06-21 22:11:04.324015 227 2193 MattiaCosmicWatch 11498.436281

0 114 23.10 26.70 0.036554 2021-06-21 22:11:11.831504 10 10 Florian 11505.94377
1 280 48.67 16.92 0.000197 2021-06-21 22:11:11.831701 212 222 rens 11505.943967
2 176 30.09 26.38 1.456279 2021-06-21 22:11:11.794950 228 2196 MattiaCosmicWatch 11505.907216

0 152 26.78 26.05 1.042057 2021-06-21 22:16:46.186402 23 27 Niels 11840.298668
1 117 23.34 3.82 0.025345 2021-06-21 22:16:46.211747 218 228 rens 11840.324013
2 57 16.93 26.38 0.000183 2021-06-21 22:16:46.211930 234 2254 MattiaCosmicWatch 11840.324196

0 60 17.43 27.34 0.033709 2021-06-21 22:17:09.653166 12 13 Cecile 11863.765432
1 140 25.42 10.69 0.000183 2021-06-21 22:17:09.653349 220 230 rens 11863.765615
2 46 14.91 26.16 9.134007 2021-06-21 22:17:09.619457 236 2259 MattiaCosmicWatch 11863.731723

0 163 28.20 26.05 4.99185 2021-06-21 22:22:34.704395 24 28 Niels 12188.816661
1 121 23.66 11.88 0.025263 2021-06-21 22:22:34.729658 224 235 rens 12188.841924
2 71 19.06 26.27 0.001298 2021-06-21 22:22:34.730956 240 2310 MattiaCosmicWatch 12188.843222

0 33 12.37 26.05 0.033707 2021-06-21 22:37:26.315770 26 30 Niels 13080.428036
1 305 53.88 42.17 0.00018 2021-06-21 22:37:26.315950 251 263 rens 13080.428216
2 90 21.14 26.16 1.288753 2021-06-21 22:37:26.282063 268 2497 MattiaCosmicWatch 13080.394329

0 199 33.86 26.05 4.500846 2021-06-21 22:44:16.693307 27 31 Niels 13490.805573
1 349 66.33 57.64 0.025257 2021-06-21 22:44:16.718564 258 270 rens 13490.83083
2 368 72.93 26.16 0.001102 2021-06-21 22:44:16.719666 276 2574 MattiaCosmicWatch 13490.831932

0 56 16.76 26.05 3.441789 2021-06-21 22:49:24.252116 28 33 Niels 13798.364382
1 112 22.94 6.83 0.024303 2021-06-21 22:49:24.276419 265 277 rens 13798.388685
2 53 16.22 26.38 0.001105 2021-06-21 22:49:24.277524 283 2644 MattiaCosmicWatch 13798.38979

0 35 12.75 26.05 0.033521 2021-06-21 22:53:58.002236 29 34 Niels 14072.114502
1 403 88.99 73.75 0.000178 2021-06-21 22:53:58.002414 271 284 rens 14072.11468
2 39 13.53 26.16 16.937443 2021-06-21 22:53:57.968715 290 2705 MattiaCosmicWatch 14072.080981

0 143 25.74 26.70 0.69755 2021-06-21 23:11:01.083158 12 12 Florian 15095.195424
1 345 64.98 56.67 0.027234 2021-06-21 23:11:01.110392 286 300 rens 15095.222658
2 291 50.97 26.05 0.000187 2021-06-21 23:11:01.110579 308 2917 MattiaCosmicWatch 15095.222845

0 51 15.86 26.70 2.415866 2021-06-21 23:12:42.556479 13 13 Florian 15196.668745
1 575 187.30 105.01 0.026376 2021-06-21 23:12:42.582855 289 303 rens 15196.695121
2 489 138.11 26.16 0.002135 2021-06-21 23:12:42.584990 311 2936 MattiaCosmicWatch 15196.697256

0 46 14.91 26.05 0.674955 2021-06-21 23:22:28.565108 33 38 Niels 15782.677374
1 170 29.19 20.90 0.024281 2021-06-21 23:22:28.589389 305 321 rens 15782.701655
2 133 24.73 26.16 0.002092 2021-06-21 23:22:28.591481 329 3077 MattiaCosmicWatch 15782.703747

0 458 117.59 26.05 0.010328 2021-06-21 23:34:58.151101 36 41 Niels 16532.263367
1 194 33.00 22.19 8.885838 2021-06-21 23:34:58.114482 319 335 rens 16532.226748
2 158 27.53 26.16 0.026291 2021-06-21 23:34:58.140773 343 3224 MattiaCosmicWatch 16532.253039

0 368 72.93 26.70 0.006494 2021-06-21 23:38:20.892653 14 15 Florian 16735.004919
1 444 109.09 67.52 4.830969 2021-06-21 23:38:20.858871 321 337 rens 16734.971137
2 60 17.43 26.16 0.027288 2021-06-21 23:38:20.886159 347 3263 MattiaCosmicWatch 16734.998425

0 51 15.86 26.59 0.036614 2021-06-21 23:42:47.823793 15 16 Florian 17001.936059
1 655 252.34 118.87 0.000196 2021-06-21 23:42:47.823989 328 344 rens 17001.936255
2 107 22.55 26.16 12.726193 2021-06-21 23:42:47.787179 356 3309 MattiaCosmicWatch 17001.899445

0 135 24.92 27.34 0.036567 2021-06-21 23:59:12.095379 17 18 Cecile 17986.207645
1 153 26.90 17.46 0.000202 2021-06-21 23:59:12.095581 344 361 rens 17986.207847
2 184 31.36 26.27 20.171034 2021-06-21 23:59:12.058812 375 3486 MattiaCosmicWatch 17986.171078

0 280 48.67 26.05 0.027248 2021-06-22 00:05:52.778853 43 48 Niels 18386.891119
1 671 277.06 124.99 0.000178 2021-06-22 00:05:52.779031 350 367 rens 18386.891297
2 465 122.12 26.16 0.000785 2021-06-22 00:05:52.779816 382 3573 MattiaCosmicWatch 18386.892082

0 207 35.26 26.48 0.033859 2021-06-22 00:14:27.041308 17 19 Florian 18901.153574
1 259 44.69 32.18 0.000198 2021-06-22 00:14:27.041506 358 375 rens 18901.153772
2 37 13.14 26.16 14.842379 2021-06-22 00:14:27.007449 392 3658 MattiaCosmicWatch 18901.119715

0 39 13.53 26.05 9.524411 2021-06-22 00:24:52.306547 46 51 Niels 19526.418813
1 335 61.77 38.62 0.024229 2021-06-22 00:24:52.330776 371 389 rens 19526.443042
2 142 25.64 26.16 0.002069 2021-06-22 00:24:52.332845 407 3793 MattiaCosmicWatch 19526.445111

0 57 16.93 26.70 0.033673 2021-06-22 00:30:08.074913 18 20 Florian 19842.187179
1 480 130.21 65.91 0.000188 2021-06-22 00:30:08.075101 372 390 rens 19842.187367
2 99 21.91 26.05 0.778313 2021-06-22 00:30:08.041240 408 3836 MattiaCosmicWatch 19842.153506

0 159 27.66 26.05 0.4016 2021-06-22 00:31:59.442541 48 53 Niels 19953.554807
1 316 56.81 31.53 0.025261 2021-06-22 00:31:59.467802 373 391 rens 19953.580068
2 71 19.06 26.16 0.001152 2021-06-22 00:31:59.468954 411 3860 MattiaCosmicWatch 19953.58122

0 35 12.75 26.70 0.036559 2021-06-22 00:37:30.096715 19 21 Florian 20284.208981
1 285 49.78 45.07 0.000195 2021-06-22 00:37:30.096910 376 394 rens 20284.209176
2 143 25.74 26.27 2.000731 2021-06-22 00:37:30.060156 415 3928 MattiaCosmicWatch 20284.172422

0 109 22.70 26.48 0.007531 2021-06-22 00:38:23.765068 20 22 Florian 20337.877334
1 371 73.82 62.15 0.451292 2021-06-22 00:38:23.731171 378 397 rens 20337.843437
2 35 12.75 26.16 0.026366 2021-06-22 00:38:23.757537 417 3937 MattiaCosmicWatch 20337.869803

0 131 24.54 26.05 0.036654 2021-06-22 01:05:27.340204 50 55 Niels 21961.45247
1 112 22.94 11.88 0.000187 2021-06-22 01:05:27.340391 401 421 rens 21961.452657
2 159 27.66 26.05 1.70781 2021-06-22 01:05:27.303550 443 4223 MattiaCosmicWatch 21961.415816

0 216 36.85 26.05 11.774687 2021-06-22 01:06:10.241021 51 56 Niels 22004.353287
1 574 181.47 98.89 0.025136 2021-06-22 01:06:10.266157 404 424 rens 22004.378423
2 146 26.08 26.05 0.002396 2021-06-22 01:06:10.268553 446 4229 MattiaCosmicWatch 22004.380819

0 70 18.93 26.05 0.036569 2021-06-22 01:17:48.151311 52 57 Niels 22702.263577
1 259 44.69 40.45 0.000193 2021-06-22 01:17:48.151504 416 437 rens 22702.26377
2 159 27.66 26.16 13.218841 2021-06-22 01:17:48.114742 459 4365 MattiaCosmicWatch 22702.227008

0 89 21.05 26.05 1.932536 2021-06-22 01:18:40.845496 53 58 Niels 22754.957762
1 143 25.74 15.42 0.024319 2021-06-22 01:18:40.869815 418 439 rens 22754.982081
2 88 20.96 26.05 0.002107 2021-06-22 01:18:40.871922 461 4381 MattiaCosmicWatch 22754.984188

0 71 19.06 26.70 0.033732 2021-06-22 01:39:01.964011 23 26 Florian 23976.076277
1 335 61.77 54.09 0.000188 2021-06-22 01:39:01.964199 441 463 rens 23976.076465
2 44 14.51 26.16 4.952611 2021-06-22 01:39:01.930279 487 4591 MattiaCosmicWatch 23976.042545

0 31 12.01 26.05 1.210423 2021-06-22 01:42:21.690401 54 59 Niels 24175.802667
1 227 38.83 28.31 0.0243 2021-06-22 01:42:21.714701 443 465 rens 24175.826967
2 81 20.25 26.16 0.002202 2021-06-22 01:42:21.716903 489 4624 MattiaCosmicWatch 24175.829169

0 31 12.01 26.05 0.00755 2021-06-22 01:47:00.365811 55 60 Niels 24454.478077
1 192 32.67 24.44 5.992368 2021-06-22 01:47:00.331958 449 471 rens 24454.444224
2 35 12.75 26.05 0.026303 2021-06-22 01:47:00.358261 496 4675 MattiaCosmicWatch 24454.470527

0 197 33.52 26.70 0.037672 2021-06-22 01:54:16.741217 24 27 Florian 24890.853483
1 664 270.86 120.48 0.000189 2021-06-22 01:54:16.741406 457 479 rens 24890.853672
2 444 109.09 26.16 0.825402 2021-06-22 01:54:16.703545 506 4750 MattiaCosmicWatch 24890.815811

0 35 12.75 26.91 0.007381 2021-06-22 02:12:30.847707 25 28 Florian 25984.959973
1 199 33.86 24.44 20.77228 2021-06-22 02:12:30.813898 479 504 rens 25984.926164
2 31 12.01 26.16 0.026428 2021-06-22 02:12:30.840326 528 4963 MattiaCosmicWatch 25984.952592

0 62 17.75 26.70 0.010469 2021-06-22 02:15:00.671732 26 29 Florian 26134.783998
1 419 97.20 73.75 20.919679 2021-06-22 02:15:00.634973 481 506 rens 26134.747239
2 120 23.58 26.05 0.02629 2021-06-22 02:15:00.661263 530 4986 MattiaCosmicWatch 26134.773529

0 167 28.76 26.05 1.25963 2021-06-22 02:25:15.924128 59 64 Niels 26750.036394
1 188 32.01 19.61 0.025169 2021-06-22 02:25:15.949297 491 516 rens 26750.061563
2 66 18.36 26.05 0.0012 2021-06-22 02:25:15.950497 541 5109 MattiaCosmicWatch 26750.062763

0 71 19.06 26.70 0.036669 2021-06-22 02:25:18.033786 27 30 Florian 26752.146052
1 449 112.05 76.01 0.000198 2021-06-22 02:25:18.033984 492 517 rens 26752.14625
2 423 97.36 26.16 2.04662 2021-06-22 02:25:17.997117 542 5110 MattiaCosmicWatch 26752.109383

0 63 17.91 26.70 0.033762 2021-06-22 02:27:42.952215 28 31 Florian 26897.064481
1 231 39.55 32.18 0.000191 2021-06-22 02:27:42.952406 499 524 rens 26897.064672
2 53 16.22 26.05 1.769884 2021-06-22 02:27:42.918453 549 5150 MattiaCosmicWatch 26897.030719

0 37 13.14 26.70 0.033659 2021-06-22 02:36:47.509094 29 32 Florian 27441.62136
1 608 202.86 112.42 0.000187 2021-06-22 02:36:47.509281 507 533 rens 27441.621547
2 46 14.91 26.05 0.989228 2021-06-22 02:36:47.475435 558 5259 MattiaCosmicWatch 27441.587701

0 94 21.50 26.05 0.033547 2021-06-22 02:37:09.842780 60 65 Niels 27463.955046
1 301 53.09 46.68 0.000178 2021-06-22 02:37:09.842958 508 534 rens 27463.955224
2 53 16.22 26.05 8.80058 2021-06-22 02:37:09.809233 559 5262 MattiaCosmicWatch 27463.921499

0 527 155.96 26.70 0.04063 2021-06-22 02:45:39.975739 30 33 Florian 27974.088005
1 376 76.43 61.18 8.850576 2021-06-22 02:45:39.908690 516 542 rens 27974.020956
2 275 47.73 26.05 0.026419 2021-06-22 02:45:39.935109 568 5354 MattiaCosmicWatch 27974.047375

0 327 59.28 27.34 10.849819 2021-06-22 03:15:26.315799 28 29 Cecile 29760.428065
1 551 164.56 100.18 0.026313 2021-06-22 03:15:26.342112 549 579 rens 29760.454378
2 224 38.29 26.05 0.002159 2021-06-22 03:15:26.344271 606 5682 MattiaCosmicWatch 29760.456537

0 48 15.29 26.48 0.033744 2021-06-22 03:24:51.913549 33 37 Florian 30326.025815
1 284 49.41 43.78 0.000189 2021-06-22 03:24:51.913738 563 593 rens 30326.026004
2 39 13.53 25.30 1.942758 2021-06-22 03:24:51.879805 620 5796 MattiaCosmicWatch 30325.992071

0 403 88.99 24.66 3.570666 2021-06-22 03:36:03.826245 66 71 Niels 30997.938511
1 255 43.96 23.80 0.025342 2021-06-22 03:36:03.851587 573 603 rens 30997.963853
2 71 19.06 24.44 0.001157 2021-06-22 03:36:03.852744 632 5945 MattiaCosmicWatch 30997.96501

0 286 49.78 26.05 0.007289 2021-06-22 03:38:59.815184 34 38 Florian 31173.92745
1 355 68.30 60.86 3.371929 2021-06-22 03:38:59.781428 578 608 rens 31173.893694
2 92 21.32 24.44 0.026467 2021-06-22 03:38:59.807895 637 5972 MattiaCosmicWatch 31173.920161

0 88 20.96 24.44 1.130582 2021-06-22 04:24:27.965292 37 41 Florian 33902.077558
1 172 29.49 23.15 0.026284 2021-06-22 04:24:27.991576 610 642 rens 33902.103842
2 533 158.05 23.15 0.000214 2021-06-22 04:24:27.991790 675 6478 MattiaCosmicWatch 33902.104056

0 29 11.66 23.37 0.878321 2021-06-22 04:42:23.184221 69 75 Niels 34977.296487
1 157 27.40 16.60 0.024241 2021-06-22 04:42:23.208462 633 665 rens 34977.320728
2 35 12.75 23.15 0.002073 2021-06-22 04:42:23.210535 702 6683 MattiaCosmicWatch 34977.322801

0 102 22.15 23.69 3.199595 2021-06-22 04:56:23.667348 71 77 Niels 35817.779614
1 433 104.37 76.01 0.025217 2021-06-22 04:56:23.692565 648 682 rens 35817.804831
2 29 11.66 23.15 0.002267 2021-06-22 04:56:23.694832 718 6833 MattiaCosmicWatch 35817.807098

0 83 20.46 24.12 0.033706 2021-06-22 05:09:35.963716 39 43 Florian 36610.075982
1 513 148.53 89.22 0.000186 2021-06-22 05:09:35.963902 660 694 rens 36610.076168
2 38 13.33 23.15 1.73655 2021-06-22 05:09:35.930010 730 6984 MattiaCosmicWatch 36610.042276

0 51 15.86 24.44 4.810924 2021-06-22 05:26:23.384860 37 38 Cecile 37617.497126
1 430 101.41 64.40 0.025134 2021-06-22 05:26:23.409994 677 711 rens 37617.52226
2 49 15.48 23.15 0.002053 2021-06-22 05:26:23.412047 752 7140 MattiaCosmicWatch 37617.524313

0 60 17.43 23.15 0.036663 2021-06-22 05:27:42.858575 74 80 Niels 37696.970841
1 152 26.78 18.00 0.000184 2021-06-22 05:27:42.858759 681 715 rens 37696.971025
2 113 23.02 23.15 0.283269 2021-06-22 05:27:42.821912 756 7156 MattiaCosmicWatch 37696.934178

0 96 21.67 23.80 26.976965 2021-06-22 05:44:29.078100 77 83 Niels 38703.190366
1 176 30.09 20.90 0.024151 2021-06-22 05:44:29.102251 699 733 rens 38703.214517
2 61 17.60 24.12 0.002338 2021-06-22 05:44:29.104589 776 7339 MattiaCosmicWatch 38703.216855

0 110 22.78 24.12 0.512265 2021-06-22 05:58:08.756008 78 84 Niels 39522.868274
1 124 23.92 0.49 0.025415 2021-06-22 05:58:08.781423 720 755 rens 39522.893689
2 63 17.91 24.44 0.000192 2021-06-22 05:58:08.781615 799 7503 MattiaCosmicWatch 39522.893881

0 34 12.56 24.44 8.083195 2021-06-22 06:09:23.561571 42 48 Florian 40197.673837
1 287 50.23 45.07 0.026376 2021-06-22 06:09:23.587947 733 768 rens 40197.700213
2 63 17.91 24.44 0.000182 2021-06-22 06:09:23.588129 814 7623 MattiaCosmicWatch 40197.700395

0 189 32.16 24.34 2.592427 2021-06-22 06:12:19.055215 79 85 Niels 40373.167481
1 143 25.74 11.88 0.025198 2021-06-22 06:12:19.080413 736 772 rens 40373.192679
2 71 19.06 24.44 0.001342 2021-06-22 06:12:19.081755 817 7667 MattiaCosmicWatch 40373.194021

0 451 113.08 24.44 0.033766 2021-06-22 06:18:45.846461 80 86 Niels 40759.958727
1 163 28.20 20.68 0.000193 2021-06-22 06:18:45.846654 742 778 rens 40759.95892
2 79 20.03 24.44 4.008711 2021-06-22 06:18:45.812695 823 7726 MattiaCosmicWatch 40759.924961

0 31 12.01 24.44 0.033743 2021-06-22 06:39:45.611764 81 87 Niels 42019.72403
1 83 20.46 1.24 0.00018 2021-06-22 06:39:45.611944 760 797 rens 42019.72421
2 39 13.53 24.66 1.126224 2021-06-22 06:39:45.578021 843 7945 MattiaCosmicWatch 42019.690287

0 31 12.01 24.44 0.010382 2021-06-22 06:45:12.184340 83 89 Niels 42346.296606
1 338 62.67 56.99 8.361047 2021-06-22 06:45:12.147651 766 803 rens 42346.259917
2 202 34.38 24.98 0.026307 2021-06-22 06:45:12.173958 850 7998 MattiaCosmicWatch 42346.286224

0 271 46.93 26.70 0.007417 2021-06-22 06:57:14.048540 45 51 Florian 43068.160806
1 319 57.64 50.87 12.961471 2021-06-22 06:57:14.014842 781 818 rens 43068.127108
2 56 16.76 25.84 0.026281 2021-06-22 06:57:14.041123 865 8134 MattiaCosmicWatch 43068.153389

0 435 104.92 25.09 18.017955 2021-06-22 07:01:10.986964 84 90 Niels 43305.09923
1 97 21.75 3.82 0.027338 2021-06-22 07:01:11.014302 786 823 rens 43305.126568
2 97 21.75 26.05 0.000176 2021-06-22 07:01:11.014478 870 8177 MattiaCosmicWatch 43305.126744

0 63 17.91 27.34 0.007431 2021-06-22 07:04:24.402629 46 52 Florian 43498.514895
1 422 97.97 65.37 42.193661 2021-06-22 07:04:24.368970 790 827 rens 43498.481236
2 60 17.43 26.05 0.026228 2021-06-22 07:04:24.395198 874 8213 MattiaCosmicWatch 43498.507464

0 31 12.01 28.31 0.033716 2021-06-22 07:09:49.305786 47 53 Florian 43823.418052
1 252 43.42 29.92 0.000188 2021-06-22 07:09:49.305974 795 832 rens 43823.41824
2 85 20.67 26.16 2.176295 2021-06-22 07:09:49.272070 881 8268 MattiaCosmicWatch 43823.384336

0 444 109.09 28.31 0.036649 2021-06-22 07:24:57.791712 49 55 Florian 44731.903978
1 419 97.20 60.86 0.0002 2021-06-22 07:24:57.791912 805 842 rens 44731.904178
2 207 35.26 27.13 3.956375 2021-06-22 07:24:57.755063 894 8447 MattiaCosmicWatch 44731.867329

0 56 16.76 28.31 0.033774 2021-06-22 07:37:59.887782 50 56 Florian 45514.000048
1 127 24.18 11.98 0.000187 2021-06-22 07:37:59.887969 825 863 rens 45514.000235
2 46 14.91 28.10 2.860706 2021-06-22 07:37:59.854008 916 8611 MattiaCosmicWatch 45513.966274

0 85 20.67 28.31 0.101797 2021-06-22 07:39:02.555888 51 57 Florian 45576.668154
1 205 34.91 27.34 0.026252 2021-06-22 07:39:02.582140 827 865 rens 45576.694406
2 35 12.75 28.31 0.00018 2021-06-22 07:39:02.582320 918 8627 MattiaCosmicWatch 45576.694586

0 31 12.01 27.34 0.033664 2021-06-22 07:43:10.174998 87 93 Niels 45824.287264
1 295 51.75 43.78 0.000181 2021-06-22 07:43:10.175179 834 872 rens 45824.287445
2 78 19.92 29.28 4.282426 2021-06-22 07:43:10.141334 925 8683 MattiaCosmicWatch 45824.2536

0 31 12.01 27.34 0.036636 2021-06-22 07:51:37.434911 88 94 Niels 46331.547177
1 120 23.58 7.69 0.00019 2021-06-22 07:51:37.435101 846 885 rens 46331.547367
2 253 43.55 29.28 0.585195 2021-06-22 07:51:37.398275 937 8784 MattiaCosmicWatch 46331.510541

0 462 120.87 27.67 0.03656 2021-06-22 07:54:39.677285 89 95 Niels 46513.789551
1 216 36.85 26.05 0.00019 2021-06-22 07:54:39.677475 850 889 rens 46513.789741
2 176 30.09 28.31 3.735007 2021-06-22 07:54:39.640725 941 8820 MattiaCosmicWatch 46513.752991

0 114 23.10 30.14 0.007512 2021-06-22 07:56:45.410732 52 58 Florian 46639.522998
1 401 87.91 57.96 5.206659 2021-06-22 07:56:45.377030 854 893 rens 46639.489296
2 56 16.76 28.31 0.02619 2021-06-22 07:56:45.403220 945 8845 MattiaCosmicWatch 46639.515486

0 312 55.68 28.31 2.551187 2021-06-22 07:59:47.776499 91 97 Niels 46821.888765
1 147 26.19 10.59 0.026307 2021-06-22 07:59:47.802806 859 898 rens 46821.915072
2 35 12.75 28.31 0.000183 2021-06-22 07:59:47.802989 951 8880 MattiaCosmicWatch 46821.915255

0 110 22.78 28.31 7.876297 2021-06-22 08:03:44.281055 92 98 Niels 47058.393321
1 204 34.73 27.34 0.026333 2021-06-22 08:03:44.307388 865 904 rens 47058.419654
2 62 17.75 29.28 0.000187 2021-06-22 08:03:44.307575 958 8924 MattiaCosmicWatch 47058.419841

0 88 20.96 32.18 0.007415 2021-06-22 08:08:04.356198 54 60 Florian 47318.468464
1 413 94.40 71.17 8.89668 2021-06-22 08:08:04.322444 872 911 rens 47318.43471
2 76 19.69 29.92 0.026339 2021-06-22 08:08:04.348783 967 8974 MattiaCosmicWatch 47318.461049

0 249 42.85 28.31 6.840093 2021-06-22 08:14:35.786026 48 50 Cecile 47709.898292
1 48 15.29 -3.92 0.026243 2021-06-22 08:14:35.812269 876 916 rens 47709.924535
2 35 12.75 30.89 0.00018 2021-06-22 08:14:35.812449 972 9060 MattiaCosmicWatch 47709.924715

0 31 12.01 28.31 8.76995 2021-06-22 08:17:29.912145 95 101 Niels 47884.024411
1 485 135.76 83.74 0.026328 2021-06-22 08:17:29.938473 880 920 rens 47884.050739
2 67 18.51 31.32 0.000986 2021-06-22 08:17:29.939459 976 9099 MattiaCosmicWatch 47884.051725

0 167 28.76 31.21 0.033801 2021-06-22 08:23:04.836097 55 61 Florian 48218.948363
1 332 61.17 50.55 0.000191 2021-06-22 08:23:04.836288 889 929 rens 48218.948554
2 44 14.51 31.21 3.387316 2021-06-22 08:23:04.802296 985 9166 MattiaCosmicWatch 48218.914562

0 34 12.56 33.47 0.033784 2021-06-22 08:31:05.419656 56 62 Florian 48699.531922
1 569 185.56 105.65 0.000188 2021-06-22 08:31:05.419844 898 938 rens 48699.53211
2 78 19.92 31.43 5.140848 2021-06-22 08:31:05.385872 996 9259 MattiaCosmicWatch 48699.498138

0 69 18.79 32.18 0.033765 2021-06-22 08:41:10.980108 59 65 Florian 49305.092374
1 387 81.05 63.44 0.000188 2021-06-22 08:41:10.980296 904 946 rens 49305.092562
2 88 20.96 28.53 8.485065 2021-06-22 08:41:10.946343 1004 9388 MattiaCosmicWatch 49305.058609

0 35 12.75 32.18 0.033716 2021-06-22 08:49:11.914356 60 66 Florian 49786.026622
1 295 51.75 36.37 0.000196 2021-06-22 08:49:11.914552 914 955 rens 49786.026818
2 79 20.03 27.45 2.100891 2021-06-22 08:49:11.880640 1015 9487 MattiaCosmicWatch 49785.992906

0 220 37.58 28.85 4.416639 2021-06-22 09:02:56.067364 61 67 Florian 50610.17963
1 432 101.61 73.75 0.027496 2021-06-22 09:02:56.094860 930 973 rens 50610.207126
2 169 29.05 26.70 0.000184 2021-06-22 09:02:56.095044 1032 9658 MattiaCosmicWatch 50610.20731

0 385 80.11 27.56 0.03663 2021-06-22 09:19:44.931914 62 68 Florian 51619.04418
1 403 88.99 68.59 0.000201 2021-06-22 09:19:44.932115 949 992 rens 51619.044381
2 176 30.09 26.05 0.436519 2021-06-22 09:19:44.895284 1053 9843 MattiaCosmicWatch 51619.00755

0 76 19.69 26.05 2.727305 2021-06-22 09:33:40.859257 102 109 Niels 52454.971523
1 216 36.85 29.92 0.026258 2021-06-22 09:33:40.885515 963 1007 rens 52454.997781
2 35 12.75 24.98 0.001112 2021-06-22 09:33:40.886627 1069 10008 MattiaCosmicWatch 52454.998893

0 96 21.67 26.05 1.849851 2021-06-22 09:40:02.415881 103 110 Niels 52836.528147
1 300 52.79 40.56 0.026301 2021-06-22 09:40:02.442182 970 1014 rens 52836.554448
2 48 15.29 24.98 0.001198 2021-06-22 09:40:02.443380 1077 10077 MattiaCosmicWatch 52836.555646

0 48 15.29 26.05 1.447151 2021-06-22 09:41:31.182147 104 111 Niels 52925.294413
1 184 31.36 19.61 0.026324 2021-06-22 09:41:31.208471 974 1018 rens 52925.320737
2 124 23.92 24.66 0.001074 2021-06-22 09:41:31.209545 1081 10098 MattiaCosmicWatch 52925.321811

0 158 27.53 27.34 3.381364 2021-06-22 09:47:41.361334 63 69 Florian 53295.4736
1 211 35.96 34.76 0.027362 2021-06-22 09:47:41.388696 979 1023 rens 53295.500962
2 31 12.01 24.87 0.000184 2021-06-22 09:47:41.388880 1087 10169 MattiaCosmicWatch 53295.501146

0 39 13.53 26.05 11.427582 2021-06-22 09:49:39.258872 106 113 Niels 53413.371138
1 261 45.09 38.62 0.026174 2021-06-22 09:49:39.285046 980 1025 rens 53413.397312
2 67 18.51 24.77 0.001492 2021-06-22 09:49:39.286538 1088 10191 MattiaCosmicWatch 53413.398804

0 89 21.05 26.05 3.114119 2021-06-22 10:01:39.652220 108 115 Niels 54133.764486
1 434 104.89 75.79 0.026319 2021-06-22 10:01:39.678539 997 1042 rens 54133.790805
2 42 14.12 24.44 0.003191 2021-06-22 10:01:39.681730 1109 10337 MattiaCosmicWatch 54133.793996

0 38 13.33 25.73 0.009206 2021-06-22 10:07:28.702147 109 116 Niels 54482.814413
1 174 29.79 19.61 1.953671 2021-06-22 10:07:28.664237 1003 1048 rens 54482.776503
2 56 16.76 24.66 0.028704 2021-06-22 10:07:28.692941 1115 10401 MattiaCosmicWatch 54482.805207

0 48 15.29 25.73 7.500131 2021-06-22 10:34:16.254184 112 119 Niels 56090.36645
1 185 31.51 22.51 0.027154 2021-06-22 10:34:16.281338 1027 1073 rens 56090.393604
2 31 12.01 24.98 0.001401 2021-06-22 10:34:16.282739 1143 10669 MattiaCosmicWatch 56090.395005

0 83 20.46 24.98 7.875402 2021-06-22 10:40:31.032234 113 120 Niels 56465.1445
1 270 46.71 36.37 0.027218 2021-06-22 10:40:31.059452 1036 1082 rens 56465.171718
2 63 17.91 24.44 0.001368 2021-06-22 10:40:31.060820 1152 10735 MattiaCosmicWatch 56465.173086

0 46 14.91 26.70 0.038415 2021-06-22 11:00:00.218847 67 74 Florian 57634.331113
1 486 135.98 86.21 0.000196 2021-06-22 11:00:00.219043 1059 1106 rens 57634.331309
2 159 27.66 24.77 1.900958 2021-06-22 11:00:00.180432 1177 10935 MattiaCosmicWatch 57634.292698

