# layer adc volt temp timediff time detector_muon_count detector_count detector_name
0 274 47.52 27.56 0.04017 2021-06-23 16:32:53.821766 13 90 Carlo 118.084848
1 92 21.32 27.67 0.014541 2021-06-23 16:32:53.781596 9 57 Florian 118.044678
2 179 30.55 27.34 0.348539 2021-06-23 16:32:53.767055 5 53 Noor 118.030137

0 83 20.46 27.67 0.278875 2021-06-23 16:33:48.268846 16 126 Carlo 172.531928
1 78 19.92 27.77 0.033408 2021-06-23 16:33:48.343409 11 77 Florian 172.606491
2 103 22.23 27.34 0.041155 2021-06-23 16:33:48.310001 7 76 Noor 172.573083

0 197 33.52 27.67 0.014519 2021-06-23 16:34:30.671069 19 164 Carlo 214.934151
1 193 32.84 27.67 0.002074 2021-06-23 16:34:30.673143 14 89 Florian 214.936225
2 167 28.76 27.34 0.06531 2021-06-23 16:34:30.656550 10 92 Noor 214.919632

0 96 21.67 27.77 0.028856 2021-06-23 16:35:31.605877 27 210 Carlo 275.868959
1 89 21.05 27.67 1.168971 2021-06-23 16:35:31.559261 22 116 Florian 275.822343
2 252 43.42 27.34 0.01776 2021-06-23 16:35:31.577021 13 117 Noor 275.840103

0 113 23.02 27.67 0.576358 2021-06-23 16:36:13.539485 35 245 Carlo 317.802567
1 120 23.58 27.77 0.014869 2021-06-23 16:36:13.585767 28 139 Florian 317.848849
2 83 20.46 27.34 0.031413 2021-06-23 16:36:13.570898 20 136 Noor 317.83398

0 185 31.51 27.67 0.014791 2021-06-23 16:36:36.674812 37 267 Carlo 340.937894
1 195 33.17 27.77 0.003086 2021-06-23 16:36:36.677898 30 150 Florian 340.94098
2 79 20.03 27.34 0.242677 2021-06-23 16:36:36.660021 21 141 Noor 340.923103

0 135 24.92 27.67 0.015568 2021-06-23 16:40:38.568663 52 468 Carlo 582.831745
1 85 20.67 27.88 0.002289 2021-06-23 16:40:38.570952 41 239 Florian 582.834034
2 76 19.69 27.34 0.968912 2021-06-23 16:40:38.553095 36 227 Noor 582.816177

0 71 19.06 27.67 0.093269 2021-06-23 16:40:41.985225 53 473 Carlo 586.248307
1 355 68.30 27.88 0.038935 2021-06-23 16:40:42.024160 42 242 Florian 586.287242
2 236 40.44 27.34 0.019749 2021-06-23 16:40:42.043909 37 232 Noor 586.306991

0 483 132.60 27.67 0.016667 2021-06-23 16:43:21.994476 63 592 Carlo 746.257558
1 92 21.32 27.67 0.012465 2021-06-23 16:43:22.006941 53 304 Florian 746.270023
2 103 22.23 27.34 0.289531 2021-06-23 16:43:21.977809 49 313 Noor 746.240891

0 384 80.08 27.67 0.078341 2021-06-23 16:43:51.030316 69 614 Carlo 775.293398
1 496 144.49 27.67 0.017659 2021-06-23 16:43:51.047975 57 315 Florian 775.311057
2 345 64.98 27.34 0.007036 2021-06-23 16:43:51.055011 54 332 Noor 775.318093

0 188 32.01 27.67 0.277915 2021-06-23 16:47:15.781227 83 773 Carlo 980.044309
1 79 20.03 27.67 0.025125 2021-06-23 16:47:15.806352 75 407 Florian 980.069434
2 63 17.91 27.34 0.018778 2021-06-23 16:47:15.825130 65 414 Noor 980.088212

0 185 31.51 27.77 0.016881 2021-06-23 16:53:32.897319 105 1044 Carlo 1357.160401
1 240 41.21 27.67 0.003232 2021-06-23 16:53:32.900551 97 569 Florian 1357.163633
2 88 20.96 27.45 1.642968 2021-06-23 16:53:32.880438 86 582 Noor 1357.14352

0 159 27.66 27.67 0.997049 2021-06-23 16:53:45.773853 110 1056 Carlo 1370.036935
1 62 17.75 27.67 0.019964 2021-06-23 16:53:45.793817 102 576 Florian 1370.056899
2 63 17.91 27.34 0.000173 2021-06-23 16:53:45.793990 87 585 Noor 1370.057072

0 225 38.48 27.67 0.047904 2021-06-23 16:55:10.783014 114 1128 Carlo 1455.046096
1 74 19.44 27.99 0.019933 2021-06-23 16:55:10.802947 107 608 Florian 1455.066029
2 391 82.35 27.34 0.915486 2021-06-23 16:55:10.735110 91 622 Noor 1454.998192

0 263 45.37 27.67 0.000161 2021-06-23 16:56:37.858109 122 1211 Carlo 1542.121191
1 79 20.03 27.99 0.109367 2021-06-23 16:56:37.838169 115 652 Florian 1542.101251
2 112 22.94 27.34 0.019779 2021-06-23 16:56:37.857948 96 651 Noor 1542.12103

0 163 28.20 27.67 0.016577 2021-06-23 16:57:14.499125 126 1243 Carlo 1578.762207
1 74 19.44 27.77 0.003151 2021-06-23 16:57:14.502276 119 668 Florian 1578.765358
2 88 20.96 27.34 0.444165 2021-06-23 16:57:14.482548 99 667 Noor 1578.74563

0 56 16.76 27.67 0.447871 2021-06-23 16:59:31.069542 135 1336 Carlo 1715.332624
1 57 16.93 27.67 0.030723 2021-06-23 16:59:31.118940 129 723 Florian 1715.382022
2 71 19.06 27.34 0.018675 2021-06-23 16:59:31.088217 111 726 Noor 1715.351299

0 312 55.68 27.67 0.131831 2021-06-23 16:59:42.937931 136 1345 Carlo 1727.201013
1 71 19.06 27.99 0.019699 2021-06-23 16:59:42.957630 130 727 Florian 1727.220712
2 133 24.73 27.34 0.015838 2021-06-23 16:59:42.973468 112 730 Noor 1727.23655

0 338 62.67 27.67 0.016684 2021-06-23 17:00:18.415769 139 1373 Carlo 1762.678851
1 82 20.36 27.77 0.003058 2021-06-23 17:00:18.418827 136 745 Florian 1762.681909
2 51 15.86 27.34 0.468488 2021-06-23 17:00:18.399085 116 747 Noor 1762.662167

0 53 16.22 27.67 0.224559 2021-06-23 17:05:33.987717 163 1646 Carlo 2078.250799
1 51 15.86 27.67 0.018969 2021-06-23 17:05:34.006686 154 884 Florian 2078.269768
2 51 15.86 27.34 0.013563 2021-06-23 17:05:34.020249 131 884 Noor 2078.283331

0 319 57.64 27.67 0.190963 2021-06-23 17:08:42.707242 178 1787 Carlo 2266.970324
1 112 22.94 27.77 0.049383 2021-06-23 17:08:42.776387 169 957 Florian 2267.039469
2 287 50.23 27.34 0.019762 2021-06-23 17:08:42.727004 144 960 Noor 2266.990086

0 432 101.61 27.56 0.62175 2021-06-23 17:10:17.836086 184 1853 Carlo 2362.099168
1 88 20.96 27.77 0.020833 2021-06-23 17:10:17.856919 173 994 Florian 2362.120001
2 83 20.46 27.34 0.00016 2021-06-23 17:10:17.857079 149 1004 Noor 2362.120161

0 120 23.58 27.67 0.018737 2021-06-23 17:11:23.730149 193 1914 Carlo 2427.993231
1 76 19.69 27.77 0.002328 2021-06-23 17:11:23.732477 184 1025 Florian 2427.995559
2 185 31.51 27.34 0.342581 2021-06-23 17:11:23.711412 158 1041 Noor 2427.974494

0 266 46.00 27.77 1.815946 2021-06-23 17:15:15.541548 208 2112 Carlo 2659.80463
1 159 27.66 27.67 0.020772 2021-06-23 17:15:15.562320 203 1118 Florian 2659.825402
2 284 49.41 27.34 0.009271 2021-06-23 17:15:15.571591 167 1130 Noor 2659.834673

