# layer adc volt temp timediff time detector_muon_count detector_count detector_name
2 63 17.91 27.67 10 2021-06-18 13:34:57.741429 0 1 CarloCosmicWatch 0.558836
2 82 20.36 27.67 0.127185 2021-06-18 13:34:57.868614 0 2 CarloCosmicWatch 0.686021
2 290 50.82 27.67 1.14606 2021-06-18 13:34:59.014674 0 3 CarloCosmicWatch 1.832081
1 195 33.17 32.18 0.102234 2021-06-18 13:34:59.116908 0 1 rens 1.934315
2 207 35.26 27.56 0.011745 2021-06-18 13:34:59.128653 0 4 CarloCosmicWatch 1.94606
2 207 35.26 27.56 0.417306 2021-06-18 13:34:59.545959 1 5 CarloCosmicWatch 2.363366
2 163 28.20 27.45 2.495235 2021-06-18 13:35:02.041194 1 6 CarloCosmicWatch 4.858601
2 167 28.76 27.56 1.784776 2021-06-18 13:35:03.825970 1 7 CarloCosmicWatch 6.643377
2 76 19.69 27.56 0.572319 2021-06-18 13:35:04.398289 1 8 CarloCosmicWatch 7.215696
2 121 23.66 27.56 0.110653 2021-06-18 13:35:04.508942 1 9 CarloCosmicWatch 7.326349
2 327 59.28 27.67 2.237111 2021-06-18 13:35:06.746053 1 10 CarloCosmicWatch 9.56346
1 60 17.43 6.72 0.214494 2021-06-18 13:35:06.960547 1 2 rens 9.777954
2 332 61.17 27.67 0.010764 2021-06-18 13:35:06.971311 1 11 CarloCosmicWatch 9.788718
2 56 16.76 27.45 2.45136 2021-06-18 13:35:09.422671 2 12 CarloCosmicWatch 12.240078
2 51 15.86 27.67 0.099285 2021-06-18 13:35:09.521956 2 13 CarloCosmicWatch 12.339363
2 259 44.69 27.67 1.494345 2021-06-18 13:35:11.016301 2 14 CarloCosmicWatch 13.833708
2 125 24.00 27.45 0.288126 2021-06-18 13:35:11.304427 2 15 CarloCosmicWatch 14.121834
2 88 20.96 27.34 0.287504 2021-06-18 13:35:11.591931 2 16 CarloCosmicWatch 14.409338
2 193 32.84 27.34 1.745627 2021-06-18 13:35:13.337558 2 17 CarloCosmicWatch 16.154965
2 124 23.92 27.56 0.24233 2021-06-18 13:35:13.579888 2 18 CarloCosmicWatch 16.397295
2 428 101.58 27.45 5.08749 2021-06-18 13:35:18.667378 2 19 CarloCosmicWatch 21.484785
2 348 65.64 27.45 3.160918 2021-06-18 13:35:21.828296 2 20 CarloCosmicWatch 24.645703
1 450 114.31 86.32 0.027408 2021-06-18 13:35:21.855704 2 3 rens 24.673111
2 67 18.51 27.56 1.206094 2021-06-18 13:35:23.061798 3 21 CarloCosmicWatch 25.879205
1 63 17.91 7.26 6.595801 2021-06-18 13:35:29.657599 3 4 rens 32.475006
2 89 21.05 27.45 0.00026 2021-06-18 13:35:29.657859 3 22 CarloCosmicWatch 32.475266
2 96 21.67 27.34 0.000181 2021-06-18 13:35:29.658040 4 23 CarloCosmicWatch 32.475447
2 254 43.77 27.45 0.000165 2021-06-18 13:35:29.658205 4 24 CarloCosmicWatch 32.475612
2 94 21.50 27.45 0.000178 2021-06-18 13:35:29.658383 4 25 CarloCosmicWatch 32.47579
2 131 24.54 27.34 0.171288 2021-06-18 13:35:29.829671 4 26 CarloCosmicWatch 32.647078
2 199 33.86 27.34 0.092422 2021-06-18 13:35:29.922093 4 27 CarloCosmicWatch 32.7395
1 131 24.54 19.93 0.02737 2021-06-18 13:35:29.949463 4 5 rens 32.76687
2 78 19.92 27.34 4.262518 2021-06-18 13:35:34.211981 5 28 CarloCosmicWatch 37.029388
2 62 17.75 27.34 1.698792 2021-06-18 13:35:35.910773 5 29 CarloCosmicWatch 38.72818
2 595 212.63 27.45 1.369918 2021-06-18 13:35:37.280691 5 30 CarloCosmicWatch 40.098098
1 240 41.21 41.52 0.028324 2021-06-18 13:35:37.309015 5 6 rens 40.126422
2 63 17.91 27.34 2.146386 2021-06-18 13:35:39.455401 6 31 CarloCosmicWatch 42.272808
2 319 57.64 27.34 1.22332 2021-06-18 13:35:40.678721 6 32 CarloCosmicWatch 43.496128
2 167 28.76 27.45 1.964185 2021-06-18 13:35:42.642906 6 33 CarloCosmicWatch 45.460313
2 344 64.67 27.45 1.418573 2021-06-18 13:35:44.061479 6 34 CarloCosmicWatch 46.878886
1 252 43.42 32.18 0.027252 2021-06-18 13:35:44.088731 6 7 rens 46.906138
2 137 25.12 27.56 1.058971 2021-06-18 13:35:45.147702 7 35 CarloCosmicWatch 47.965109
1 63 17.91 6.83 0.027392 2021-06-18 13:35:45.175094 7 8 rens 47.992501
2 159 27.66 27.45 0.234944 2021-06-18 13:35:45.410038 8 36 CarloCosmicWatch 48.227445
1 357 68.97 63.87 0.748441 2021-06-18 13:35:46.158479 8 9 rens 48.975886
2 159 27.66 27.45 0.015856 2021-06-18 13:35:46.174335 8 37 CarloCosmicWatch 48.991742
2 60 17.43 27.56 0.472755 2021-06-18 13:35:46.647090 9 38 CarloCosmicWatch 49.464497
2 51 15.86 27.56 0.304133 2021-06-18 13:35:46.951223 9 39 CarloCosmicWatch 49.76863
2 184 31.36 27.34 0.219227 2021-06-18 13:35:47.170450 9 40 CarloCosmicWatch 49.987857
2 105 22.39 27.56 0.250057 2021-06-18 13:35:47.420507 9 41 CarloCosmicWatch 50.237914
2 102 22.15 27.45 1.234791 2021-06-18 13:35:48.655298 9 42 CarloCosmicWatch 51.472705
2 110 22.78 27.45 0.305261 2021-06-18 13:35:48.960559 9 43 CarloCosmicWatch 51.777966
2 51 15.86 27.45 0.763266 2021-06-18 13:35:49.723825 9 44 CarloCosmicWatch 52.541232
1 178 30.40 28.31 0.093505 2021-06-18 13:35:49.817330 9 10 rens 52.634737
2 295 51.75 27.34 0.016026 2021-06-18 13:35:49.833356 9 45 CarloCosmicWatch 52.650763
2 78 19.92 27.56 0.259681 2021-06-18 13:35:50.093037 10 46 CarloCosmicWatch 52.910444
2 88 20.96 27.56 0.400948 2021-06-18 13:35:50.493985 10 47 CarloCosmicWatch 53.311392
2 263 45.37 27.45 0.326685 2021-06-18 13:35:50.820670 10 48 CarloCosmicWatch 53.638077
2 291 50.97 27.45 0.679575 2021-06-18 13:35:51.500245 10 49 CarloCosmicWatch 54.317652
2 79 20.03 27.56 2.3361 2021-06-18 13:35:53.836345 10 50 CarloCosmicWatch 56.653752
1 51 15.86 3.71 0.026376 2021-06-18 13:35:53.862721 10 11 rens 56.680128
2 63 17.91 27.45 0.033526 2021-06-18 13:35:53.896247 11 51 CarloCosmicWatch 56.713654
1 79 20.03 -0.69 1.604417 2021-06-18 13:35:55.500664 11 12 rens 58.318071
2 254 43.77 27.56 0.01473 2021-06-18 13:35:55.515394 11 52 CarloCosmicWatch 58.332801
2 179 30.55 27.45 0.256698 2021-06-18 13:35:55.772092 12 53 CarloCosmicWatch 58.589499
2 83 20.46 27.45 1.548783 2021-06-18 13:35:57.320875 12 54 CarloCosmicWatch 60.138282
2 280 48.67 27.67 0.085708 2021-06-18 13:35:57.406583 12 55 CarloCosmicWatch 60.22399
2 96 21.67 27.45 0.469872 2021-06-18 13:35:57.876455 12 56 CarloCosmicWatch 60.693862
2 179 30.55 27.56 3.86442 2021-06-18 13:36:01.740875 12 57 CarloCosmicWatch 64.558282
1 74 19.44 9.30 0.027486 2021-06-18 13:36:01.768361 12 13 rens 64.585768
2 147 26.19 27.67 0.851782 2021-06-18 13:36:02.620143 13 58 CarloCosmicWatch 65.43755
1 120 23.58 16.71 0.037818 2021-06-18 13:36:02.657961 13 14 rens 65.475368
1 217 37.04 30.14 0.254068 2021-06-18 13:36:02.912029 14 15 rens 65.729436
2 152 26.78 27.67 0.016022 2021-06-18 13:36:02.928051 14 59 CarloCosmicWatch 65.745458
2 135 24.92 27.56 0.017791 2021-06-18 13:36:02.945842 15 60 CarloCosmicWatch 65.763249
1 103 22.23 1.24 0.051883 2021-06-18 13:36:02.997725 15 16 rens 65.815132
1 98 21.83 13.49 2.407304 2021-06-18 13:36:05.405029 15 17 rens 68.222436
2 192 32.67 27.45 0.014753 2021-06-18 13:36:05.419782 15 61 CarloCosmicWatch 68.237189
2 135 24.92 27.34 0.538725 2021-06-18 13:36:05.958507 16 62 CarloCosmicWatch 68.775914
2 284 49.41 27.56 1.377658 2021-06-18 13:36:07.336165 16 63 CarloCosmicWatch 70.153572
1 327 59.28 55.92 2.209182 2021-06-18 13:36:09.545347 16 18 rens 72.362754
2 271 46.93 27.45 0.015897 2021-06-18 13:36:09.561244 16 64 CarloCosmicWatch 72.378651
1 162 28.06 26.91 3.135497 2021-06-18 13:36:12.696741 17 19 rens 75.514148
2 238 40.82 27.45 0.015945 2021-06-18 13:36:12.712686 17 65 CarloCosmicWatch 75.530093
2 131 24.54 27.34 1.64353 2021-06-18 13:36:14.356216 18 66 CarloCosmicWatch 77.173623
2 71 19.06 27.45 0.415265 2021-06-18 13:36:14.771481 18 67 CarloCosmicWatch 77.588888
2 179 30.55 27.45 0.86081 2021-06-18 13:36:15.632291 18 68 CarloCosmicWatch 78.449698
2 172 29.49 27.34 0.408878 2021-06-18 13:36:16.041169 18 69 CarloCosmicWatch 78.858576
2 67 18.51 27.34 3.766833 2021-06-18 13:36:19.808002 18 70 CarloCosmicWatch 82.625409
1 199 33.86 31.86 0.51727 2021-06-18 13:36:20.325272 18 20 rens 83.142679
2 199 33.86 27.34 0.01593 2021-06-18 13:36:20.341202 18 71 CarloCosmicWatch 83.158609
1 316 56.81 55.38 0.551377 2021-06-18 13:36:20.892579 19 21 rens 83.709986
2 291 50.97 27.45 0.015902 2021-06-18 13:36:20.908481 19 72 CarloCosmicWatch 83.725888
2 78 19.92 27.45 1.686096 2021-06-18 13:36:22.594577 20 73 CarloCosmicWatch 85.411984
1 227 38.83 39.16 0.255768 2021-06-18 13:36:22.850345 20 22 rens 85.667752
2 261 45.09 27.45 0.015951 2021-06-18 13:36:22.866296 20 74 CarloCosmicWatch 85.683703
2 102 22.15 27.34 0.498027 2021-06-18 13:36:23.364323 21 75 CarloCosmicWatch 86.18173
2 62 17.75 27.45 3.018023 2021-06-18 13:36:26.382346 21 76 CarloCosmicWatch 89.199753
2 115 23.18 27.34 4.029498 2021-06-18 13:36:30.411844 21 77 CarloCosmicWatch 93.229251
1 147 26.19 23.15 0.103218 2021-06-18 13:36:30.515062 21 23 rens 93.332469
2 63 17.91 27.34 0.01591 2021-06-18 13:36:30.530972 21 78 CarloCosmicWatch 93.348379
2 152 26.78 27.34 0.573777 2021-06-18 13:36:31.104749 22 79 CarloCosmicWatch 93.922156
1 124 23.92 15.74 0.027477 2021-06-18 13:36:31.132226 22 24 rens 93.949633
2 159 27.66 27.45 0.3663 2021-06-18 13:36:31.498526 23 80 CarloCosmicWatch 94.315933
2 188 32.01 27.34 2.221136 2021-06-18 13:36:33.719662 23 81 CarloCosmicWatch 96.537069
2 280 48.67 27.45 0.11692 2021-06-18 13:36:33.836582 23 82 CarloCosmicWatch 96.653989
1 450 114.31 85.89 0.027484 2021-06-18 13:36:33.864066 23 25 rens 96.681473
2 96 21.67 27.34 0.604493 2021-06-18 13:36:34.468559 24 83 CarloCosmicWatch 97.285966
2 56 16.76 27.45 0.84768 2021-06-18 13:36:35.316239 24 84 CarloCosmicWatch 98.133646
2 51 15.86 27.34 0.255612 2021-06-18 13:36:35.571851 24 85 CarloCosmicWatch 98.389258
2 63 17.91 27.45 0.260819 2021-06-18 13:36:35.832670 24 86 CarloCosmicWatch 98.650077
2 165 28.48 27.34 0.44547 2021-06-18 13:36:36.278140 24 87 CarloCosmicWatch 99.095547
2 227 38.83 27.45 0.554707 2021-06-18 13:36:36.832847 24 88 CarloCosmicWatch 99.650254
2 327 59.28 27.34 2.259262 2021-06-18 13:36:39.092109 24 89 CarloCosmicWatch 101.909516
1 300 52.79 52.80 0.028539 2021-06-18 13:36:39.120648 24 26 rens 101.938055
2 195 33.17 27.34 0.145993 2021-06-18 13:36:39.266641 25 90 CarloCosmicWatch 102.084048
1 121 23.66 14.13 0.028477 2021-06-18 13:36:39.295118 25 27 rens 102.112525
2 60 17.43 27.34 1.49438 2021-06-18 13:36:40.789498 26 91 CarloCosmicWatch 103.606905
2 112 22.94 27.34 0.303956 2021-06-18 13:36:41.093454 26 92 CarloCosmicWatch 103.910861
2 120 23.58 27.34 0.982967 2021-06-18 13:36:42.076421 26 93 CarloCosmicWatch 104.893828
2 63 17.91 27.34 0.18516 2021-06-18 13:36:42.261581 26 94 CarloCosmicWatch 105.078988
2 83 20.46 27.34 0.896291 2021-06-18 13:36:43.157872 26 95 CarloCosmicWatch 105.975279
2 553 176.67 27.34 2.327604 2021-06-18 13:36:45.485476 26 96 CarloCosmicWatch 108.302883
2 192 32.67 27.34 1.291841 2021-06-18 13:36:46.777317 26 97 CarloCosmicWatch 109.594724
1 60 17.43 6.07 0.028483 2021-06-18 13:36:46.805800 26 28 rens 109.623207
2 384 80.08 27.34 2.362518 2021-06-18 13:36:49.168318 27 98 CarloCosmicWatch 111.985725
2 51 15.86 27.45 0.090081 2021-06-18 13:36:49.258399 27 99 CarloCosmicWatch 112.075806
1 350 66.46 63.87 4.172888 2021-06-18 13:36:53.431287 27 29 rens 116.248694
2 281 48.90 27.45 0.016881 2021-06-18 13:36:53.448168 27 100 CarloCosmicWatch 116.265575
2 71 19.06 27.34 0.113205 2021-06-18 13:36:53.561373 28 101 CarloCosmicWatch 116.37878
2 135 24.92 27.34 1.026292 2021-06-18 13:36:54.587665 28 102 CarloCosmicWatch 117.405072
2 135 24.92 27.45 0.85316 2021-06-18 13:36:55.440825 28 103 CarloCosmicWatch 118.258232
2 76 19.69 27.34 1.111285 2021-06-18 13:36:56.552110 28 104 CarloCosmicWatch 119.369517
2 199 33.86 27.34 0.529057 2021-06-18 13:36:57.081167 28 105 CarloCosmicWatch 119.898574
2 335 61.77 27.34 0.582407 2021-06-18 13:36:57.663574 28 106 CarloCosmicWatch 120.480981
2 108 22.63 27.34 0.147748 2021-06-18 13:36:57.811322 28 107 CarloCosmicWatch 120.628729
2 99 21.91 27.34 0.9486 2021-06-18 13:36:58.759922 28 108 CarloCosmicWatch 121.577329
2 120 23.58 27.34 0.361581 2021-06-18 13:36:59.121503 28 109 CarloCosmicWatch 121.93891
2 179 30.55 27.34 5.05016 2021-06-18 13:37:04.171663 28 110 CarloCosmicWatch 126.98907
1 56 16.76 3.82 2.165854 2021-06-18 13:37:06.337517 28 30 rens 129.154924
2 487 132.65 27.34 0.014927 2021-06-18 13:37:06.352444 28 111 CarloCosmicWatch 129.169851
1 112 22.94 14.13 0.790694 2021-06-18 13:37:07.143138 29 31 rens 129.960545
2 124 23.92 27.34 0.016785 2021-06-18 13:37:07.159923 29 112 CarloCosmicWatch 129.97733
2 57 16.93 27.34 0.386184 2021-06-18 13:37:07.546107 30 113 CarloCosmicWatch 130.363514
2 255 43.96 27.34 2.256789 2021-06-18 13:37:09.802896 30 114 CarloCosmicWatch 132.620303
1 121 23.66 15.74 0.029503 2021-06-18 13:37:09.832399 30 32 rens 132.649806
1 156 27.28 16.92 0.241345 2021-06-18 13:37:10.073744 31 33 rens 132.891151
2 252 43.42 27.34 0.016868 2021-06-18 13:37:10.090612 31 115 CarloCosmicWatch 132.908019
2 108 22.63 27.34 0.564732 2021-06-18 13:37:10.655344 32 116 CarloCosmicWatch 133.472751
1 103 22.23 3.82 1.902889 2021-06-18 13:37:12.558233 32 34 rens 135.37564
2 167 28.76 27.45 0.015871 2021-06-18 13:37:12.574104 32 117 CarloCosmicWatch 135.391511
2 222 37.96 27.34 0.018791 2021-06-18 13:37:12.592895 33 118 CarloCosmicWatch 135.410302
1 62 17.75 -11.33 0.066568 2021-06-18 13:37:12.659463 33 35 rens 135.47687
2 67 18.51 27.34 0.000152 2021-06-18 13:37:12.659615 33 119 CarloCosmicWatch 135.477022
2 172 29.49 27.34 1.050673 2021-06-18 13:37:13.710288 34 120 CarloCosmicWatch 136.527695
2 231 39.55 27.34 0.747161 2021-06-18 13:37:14.457449 34 121 CarloCosmicWatch 137.274856
1 172 29.49 27.99 2.317396 2021-06-18 13:37:16.774845 34 36 rens 139.592252
2 135 24.92 27.34 0.017022 2021-06-18 13:37:16.791867 34 122 CarloCosmicWatch 139.609274
1 48 15.29 1.56 0.705956 2021-06-18 13:37:17.497823 35 37 rens 140.31523
2 92 21.32 27.34 0.014868 2021-06-18 13:37:17.512691 35 123 CarloCosmicWatch 140.330098
2 83 20.46 27.34 0.162159 2021-06-18 13:37:17.674850 36 124 CarloCosmicWatch 140.492257
2 65 18.22 27.34 0.033643 2021-06-18 13:37:17.708493 36 125 CarloCosmicWatch 140.5259
2 112 22.94 27.45 1.842979 2021-06-18 13:37:19.551472 36 126 CarloCosmicWatch 142.368879
2 120 23.58 27.34 0.728769 2021-06-18 13:37:20.280241 36 127 CarloCosmicWatch 143.097648
2 62 17.75 27.34 1.829418 2021-06-18 13:37:22.109659 36 128 CarloCosmicWatch 144.927066
2 88 20.96 27.34 0.350919 2021-06-18 13:37:22.460578 36 129 CarloCosmicWatch 145.277985
2 108 22.63 27.34 0.535796 2021-06-18 13:37:22.996374 36 130 CarloCosmicWatch 145.813781
2 376 76.43 27.34 3.793287 2021-06-18 13:37:26.789661 36 131 CarloCosmicWatch 149.607068
1 236 40.44 40.23 0.029426 2021-06-18 13:37:26.819087 36 38 rens 149.636494
2 76 19.69 27.34 3.557651 2021-06-18 13:37:30.376738 37 132 CarloCosmicWatch 153.194145
2 57 16.93 27.34 5.099924 2021-06-18 13:37:35.476662 37 133 CarloCosmicWatch 158.294069
2 304 53.73 27.34 0.541813 2021-06-18 13:37:36.018475 37 134 CarloCosmicWatch 158.835882
1 261 45.09 45.07 0.029515 2021-06-18 13:37:36.047990 37 39 rens 158.865397
2 352 66.89 27.34 0.965008 2021-06-18 13:37:37.012998 38 135 CarloCosmicWatch 159.830405
1 275 47.73 48.83 0.029487 2021-06-18 13:37:37.042485 38 40 rens 159.859892
2 63 17.91 27.34 0.287756 2021-06-18 13:37:37.330241 39 136 CarloCosmicWatch 160.147648
2 71 19.06 27.34 1.924889 2021-06-18 13:37:39.255130 39 137 CarloCosmicWatch 162.072537
2 335 61.77 27.45 0.868641 2021-06-18 13:37:40.123771 39 138 CarloCosmicWatch 162.941178
2 316 56.81 27.34 0.470542 2021-06-18 13:37:40.594313 39 139 CarloCosmicWatch 163.41172
1 304 53.73 54.09 0.029574 2021-06-18 13:37:40.623887 39 41 rens 163.441294
2 199 33.86 27.34 2.131345 2021-06-18 13:37:42.755232 40 140 CarloCosmicWatch 165.572639
1 216 36.85 34.76 0.02951 2021-06-18 13:37:42.784742 40 42 rens 165.602149
1 97 21.75 11.88 0.610533 2021-06-18 13:37:43.395275 41 43 rens 166.212682
2 176 30.09 27.45 0.017044 2021-06-18 13:37:43.412319 41 141 CarloCosmicWatch 166.229726
2 97 21.75 27.34 0.230741 2021-06-18 13:37:43.643060 42 142 CarloCosmicWatch 166.460467
2 207 35.26 27.34 0.971145 2021-06-18 13:37:44.614205 42 143 CarloCosmicWatch 167.431612
2 56 16.76 27.34 0.476321 2021-06-18 13:37:45.090526 42 144 CarloCosmicWatch 167.907933
2 364 71.71 27.34 2.589657 2021-06-18 13:37:47.680183 42 145 CarloCosmicWatch 170.49759
2 499 141.24 27.34 2.014925 2021-06-18 13:37:49.695108 42 146 CarloCosmicWatch 172.512515
2 96 21.67 27.45 0.642588 2021-06-18 13:37:50.337696 42 147 CarloCosmicWatch 173.155103
2 67 18.51 27.34 1.925278 2021-06-18 13:37:52.262974 42 148 CarloCosmicWatch 175.080381
2 398 85.63 27.34 0.061746 2021-06-18 13:37:52.324720 42 149 CarloCosmicWatch 175.142127
1 120 23.58 18.00 0.02959 2021-06-18 13:37:52.354310 42 44 rens 175.171717
2 316 56.81 27.34 0.472062 2021-06-18 13:37:52.826372 43 150 CarloCosmicWatch 175.643779
2 185 31.51 27.34 0.401579 2021-06-18 13:37:53.227951 43 151 CarloCosmicWatch 176.045358
1 101 22.08 12.41 0.02955 2021-06-18 13:37:53.257501 43 45 rens 176.074908
2 108 22.63 27.34 0.347095 2021-06-18 13:37:53.604596 44 152 CarloCosmicWatch 176.422003
2 284 49.41 27.34 0.412721 2021-06-18 13:37:54.017317 44 153 CarloCosmicWatch 176.834724
2 56 16.76 27.34 3.137945 2021-06-18 13:37:57.155262 44 154 CarloCosmicWatch 179.972669
2 209 35.61 27.34 4.773869 2021-06-18 13:38:01.929131 44 155 CarloCosmicWatch 184.746538
2 216 36.85 27.34 2.098787 2021-06-18 13:38:04.027918 44 156 CarloCosmicWatch 186.845325
2 60 17.43 27.34 0.814798 2021-06-18 13:38:04.842716 44 157 CarloCosmicWatch 187.660123
1 319 57.64 58.60 1.198441 2021-06-18 13:38:06.041157 44 46 rens 188.858564
2 206 35.07 27.34 0.041664 2021-06-18 13:38:06.082821 44 158 CarloCosmicWatch 188.900228
1 92 21.32 9.30 0.156922 2021-06-18 13:38:06.239743 45 47 rens 189.05715
2 127 24.18 27.34 0.015913 2021-06-18 13:38:06.255656 45 159 CarloCosmicWatch 189.073063
2 79 20.03 27.34 2.008092 2021-06-18 13:38:08.263748 46 160 CarloCosmicWatch 191.081155
2 94 21.50 27.45 0.732499 2021-06-18 13:38:08.996247 46 161 CarloCosmicWatch 191.813654
2 57 16.93 27.34 0.428793 2021-06-18 13:38:09.425040 46 162 CarloCosmicWatch 192.242447
2 48 15.29 27.34 0.180128 2021-06-18 13:38:09.605168 46 163 CarloCosmicWatch 192.422575
2 121 23.66 27.34 0.293076 2021-06-18 13:38:09.898244 46 164 CarloCosmicWatch 192.715651
2 67 18.51 27.34 1.244839 2021-06-18 13:38:11.143083 46 165 CarloCosmicWatch 193.96049
2 51 15.86 27.34 0.378425 2021-06-18 13:38:11.521508 46 166 CarloCosmicWatch 194.338915
1 92 21.32 11.98 0.885026 2021-06-18 13:38:12.406534 46 48 rens 195.223941
2 199 33.86 27.45 0.016907 2021-06-18 13:38:12.423441 46 167 CarloCosmicWatch 195.240848
1 307 54.48 52.27 3.060516 2021-06-18 13:38:15.483957 47 49 rens 198.301364
2 236 40.44 27.34 0.017966 2021-06-18 13:38:15.501923 47 168 CarloCosmicWatch 198.31933
2 225 38.48 27.34 0.015861 2021-06-18 13:38:15.517784 48 169 CarloCosmicWatch 198.335191
2 63 17.91 27.34 0.936889 2021-06-18 13:38:16.454673 48 170 CarloCosmicWatch 199.27208
2 60 17.43 27.45 1.848024 2021-06-18 13:38:18.302697 48 171 CarloCosmicWatch 201.120104
2 67 18.51 27.34 0.841977 2021-06-18 13:38:19.144674 48 172 CarloCosmicWatch 201.962081
1 152 26.78 23.69 0.081805 2021-06-18 13:38:19.226479 48 50 rens 202.043886
2 575 187.30 27.34 0.018049 2021-06-18 13:38:19.244528 48 173 CarloCosmicWatch 202.061935
2 71 19.06 27.34 2.018163 2021-06-18 13:38:21.262691 49 174 CarloCosmicWatch 204.080098
2 113 23.02 27.34 0.153342 2021-06-18 13:38:21.416033 49 175 CarloCosmicWatch 204.23344
2 172 29.49 27.34 1.183636 2021-06-18 13:38:22.599669 49 176 CarloCosmicWatch 205.417076
2 133 24.73 27.34 0.161571 2021-06-18 13:38:22.761240 49 177 CarloCosmicWatch 205.578647
2 112 22.94 27.34 1.021427 2021-06-18 13:38:23.782667 49 178 CarloCosmicWatch 206.600074
2 56 16.76 27.34 0.181026 2021-06-18 13:38:23.963693 49 179 CarloCosmicWatch 206.7811
1 156 27.28 24.44 0.319976 2021-06-18 13:38:24.283669 49 51 rens 207.101076
2 231 39.55 27.45 0.01802 2021-06-18 13:38:24.301689 49 180 CarloCosmicWatch 207.119096
2 60 17.43 27.34 0.179209 2021-06-18 13:38:24.480898 50 181 CarloCosmicWatch 207.298305
2 332 61.17 27.34 3.245797 2021-06-18 13:38:27.726695 50 182 CarloCosmicWatch 210.544102
1 133 24.73 20.90 0.029509 2021-06-18 13:38:27.756204 50 52 rens 210.573611
2 140 25.42 27.34 0.78164 2021-06-18 13:38:28.537844 51 183 CarloCosmicWatch 211.355251
2 217 37.04 27.34 0.324345 2021-06-18 13:38:28.862189 51 184 CarloCosmicWatch 211.679596
1 294 51.51 47.97 0.029502 2021-06-18 13:38:28.891691 51 53 rens 211.709098
2 261 45.09 27.34 2.142102 2021-06-18 13:38:31.033793 52 185 CarloCosmicWatch 213.8512
1 103 22.23 7.90 0.539705 2021-06-18 13:38:31.573498 52 54 rens 214.390905
2 71 19.06 27.34 0.016999 2021-06-18 13:38:31.590497 52 186 CarloCosmicWatch 214.407904
1 243 41.74 26.05 0.065823 2021-06-18 13:38:31.656320 53 55 rens 214.473727
2 499 141.24 27.34 0.017969 2021-06-18 13:38:31.674289 53 187 CarloCosmicWatch 214.491696
2 217 37.04 27.34 1.342801 2021-06-18 13:38:33.017090 54 188 CarloCosmicWatch 215.834497
2 56 16.76 27.34 0.63384 2021-06-18 13:38:33.650930 54 189 CarloCosmicWatch 216.468337
2 127 24.18 27.34 2.949523 2021-06-18 13:38:36.600453 54 190 CarloCosmicWatch 219.41786
2 67 18.51 27.34 0.784585 2021-06-18 13:38:37.385038 54 191 CarloCosmicWatch 220.202445
2 56 16.76 27.34 1.087471 2021-06-18 13:38:38.472509 54 192 CarloCosmicWatch 221.289916
2 188 32.01 27.34 0.384237 2021-06-18 13:38:38.856746 54 193 CarloCosmicWatch 221.674153
2 56 16.76 27.45 0.278707 2021-06-18 13:38:39.135453 54 194 CarloCosmicWatch 221.95286
2 207 35.26 27.34 0.589999 2021-06-18 13:38:39.725452 54 195 CarloCosmicWatch 222.542859
1 102 22.15 13.81 0.029467 2021-06-18 13:38:39.754919 54 56 rens 222.572326
2 304 53.73 27.34 1.383749 2021-06-18 13:38:41.138668 55 196 CarloCosmicWatch 223.956075
2 167 28.76 27.34 0.458547 2021-06-18 13:38:41.597215 55 197 CarloCosmicWatch 224.414622
2 344 64.67 27.34 4.75246 2021-06-18 13:38:46.349675 55 198 CarloCosmicWatch 229.167082
1 79 20.03 9.40 0.029477 2021-06-18 13:38:46.379152 55 57 rens 229.196559
2 163 28.20 27.34 1.070518 2021-06-18 13:38:47.449670 56 199 CarloCosmicWatch 230.267077
2 195 33.17 27.34 0.317128 2021-06-18 13:38:47.766798 56 200 CarloCosmicWatch 230.584205
1 353 67.64 63.97 0.063579 2021-06-18 13:38:47.830377 56 58 rens 230.647784
2 467 121.56 27.34 0.018049 2021-06-18 13:38:47.848426 56 201 CarloCosmicWatch 230.665833
2 48 15.29 27.34 0.328949 2021-06-18 13:38:48.177375 57 202 CarloCosmicWatch 230.994782
2 67 18.51 27.34 1.017453 2021-06-18 13:38:49.194828 57 203 CarloCosmicWatch 232.012235
2 71 19.06 27.34 3.786574 2021-06-18 13:38:52.981402 57 204 CarloCosmicWatch 235.798809
2 115 23.18 27.34 0.693921 2021-06-18 13:38:53.675323 57 205 CarloCosmicWatch 236.49273
1 110 22.78 14.45 0.045154 2021-06-18 13:38:53.720477 57 59 rens 236.537884
2 211 35.96 27.34 0.43299 2021-06-18 13:38:54.153467 58 206 CarloCosmicWatch 236.970874
2 71 19.06 27.34 2.309883 2021-06-18 13:38:56.463350 58 207 CarloCosmicWatch 239.280757
2 112 22.94 27.34 0.884473 2021-06-18 13:38:57.347823 58 208 CarloCosmicWatch 240.16523
1 159 27.66 24.87 1.183191 2021-06-18 13:38:58.531014 58 60 rens 241.348421
2 121 23.66 27.45 0.017789 2021-06-18 13:38:58.548803 58 209 CarloCosmicWatch 241.36621
2 143 25.74 27.34 0.39836 2021-06-18 13:38:58.947163 59 210 CarloCosmicWatch 241.76457
2 79 20.03 27.34 0.033777 2021-06-18 13:38:58.980940 59 211 CarloCosmicWatch 241.798347
2 62 17.75 27.45 1.145046 2021-06-18 13:39:00.125986 59 212 CarloCosmicWatch 242.943393
2 60 17.43 27.34 0.820179 2021-06-18 13:39:00.946165 59 213 CarloCosmicWatch 243.763572
2 79 20.03 27.34 1.709206 2021-06-18 13:39:02.655371 59 214 CarloCosmicWatch 245.472778
2 56 16.76 27.34 0.669376 2021-06-18 13:39:03.324747 59 215 CarloCosmicWatch 246.142154
2 49 15.48 27.34 0.517 2021-06-18 13:39:03.841747 59 216 CarloCosmicWatch 246.659154
2 176 30.09 27.34 1.529598 2021-06-18 13:39:05.371345 59 217 CarloCosmicWatch 248.188752
1 193 32.84 31.75 2.159349 2021-06-18 13:39:07.530694 59 61 rens 250.348101
2 199 33.86 27.34 0.017969 2021-06-18 13:39:07.548663 59 218 CarloCosmicWatch 250.36607
2 108 22.63 27.13 0.771372 2021-06-18 13:39:08.320035 60 219 CarloCosmicWatch 251.137442
2 71 19.06 27.34 2.965201 2021-06-18 13:39:11.285236 60 220 CarloCosmicWatch 254.102643
2 448 112.41 27.34 0.38856 2021-06-18 13:39:11.673796 60 221 CarloCosmicWatch 254.491203
2 56 16.76 27.34 2.885161 2021-06-18 13:39:14.558957 60 222 CarloCosmicWatch 257.376364
2 419 97.20 27.45 1.058158 2021-06-18 13:39:15.617115 60 223 CarloCosmicWatch 258.434522
2 179 30.55 27.45 0.991463 2021-06-18 13:39:16.608578 60 224 CarloCosmicWatch 259.425985
1 154 27.02 23.05 0.030572 2021-06-18 13:39:16.639150 60 62 rens 259.456557
1 192 32.67 12.63 0.509352 2021-06-18 13:39:17.148502 61 63 rens 259.965909
2 240 41.21 27.34 0.017839 2021-06-18 13:39:17.166341 61 225 CarloCosmicWatch 259.983748
2 56 16.76 27.34 0.730163 2021-06-18 13:39:17.896504 62 226 CarloCosmicWatch 260.713911
2 89 21.05 27.34 0.865164 2021-06-18 13:39:18.761668 62 227 CarloCosmicWatch 261.579075
2 120 23.58 27.34 4.83778 2021-06-18 13:39:23.599448 62 228 CarloCosmicWatch 266.416855
1 199 33.86 31.21 0.363387 2021-06-18 13:39:23.962835 62 64 rens 266.780242
2 159 27.66 27.34 0.018092 2021-06-18 13:39:23.980927 62 229 CarloCosmicWatch 266.798334
2 96 21.67 27.34 1.782364 2021-06-18 13:39:25.763291 63 230 CarloCosmicWatch 268.580698
2 79 20.03 27.34 1.21881 2021-06-18 13:39:26.982101 63 231 CarloCosmicWatch 269.799508
2 120 23.58 27.34 1.264841 2021-06-18 13:39:28.246942 63 232 CarloCosmicWatch 271.064349
2 217 37.04 27.45 0.405629 2021-06-18 13:39:28.652571 63 233 CarloCosmicWatch 271.469978
1 312 55.68 51.94 2.595397 2021-06-18 13:39:31.247968 63 65 rens 274.065375
2 231 39.55 27.45 0.017957 2021-06-18 13:39:31.265925 63 234 CarloCosmicWatch 274.083332
2 126 24.09 27.34 1.114731 2021-06-18 13:39:32.380656 64 235 CarloCosmicWatch 275.198063
2 88 20.96 27.45 0.778102 2021-06-18 13:39:33.158758 64 236 CarloCosmicWatch 275.976165
2 89 21.05 27.45 0.21299 2021-06-18 13:39:33.371748 64 237 CarloCosmicWatch 276.189155
2 249 42.85 27.34 0.03359 2021-06-18 13:39:33.405338 64 238 CarloCosmicWatch 276.222745
1 255 43.96 44.75 0.057211 2021-06-18 13:39:33.462549 64 66 rens 276.279956
2 82 20.36 27.34 1.329341 2021-06-18 13:39:34.791890 64 239 CarloCosmicWatch 277.609297
1 135 24.92 19.61 0.029572 2021-06-18 13:39:34.821462 64 67 rens 277.638869
2 56 16.76 27.34 0.505321 2021-06-18 13:39:35.326783 65 240 CarloCosmicWatch 278.14419
2 159 27.66 27.34 0.306498 2021-06-18 13:39:35.633281 65 241 CarloCosmicWatch 278.450688
2 51 15.86 27.34 1.571133 2021-06-18 13:39:37.204414 65 242 CarloCosmicWatch 280.021821
2 126 24.09 27.34 2.747949 2021-06-18 13:39:39.952363 65 243 CarloCosmicWatch 282.76977
2 355 68.30 27.34 0.189628 2021-06-18 13:39:40.141991 65 244 CarloCosmicWatch 282.959398
1 275 47.73 42.17 0.030383 2021-06-18 13:39:40.172374 65 68 rens 282.989781
2 76 19.69 27.34 0.157142 2021-06-18 13:39:40.329516 66 245 CarloCosmicWatch 283.146923
2 304 53.73 27.34 3.548608 2021-06-18 13:39:43.878124 66 246 CarloCosmicWatch 286.695531
1 83 20.46 10.05 0.030496 2021-06-18 13:39:43.908620 66 69 rens 286.726027
1 127 24.18 9.30 0.171816 2021-06-18 13:39:44.080436 67 70 rens 286.897843
2 302 53.30 27.34 0.040455 2021-06-18 13:39:44.120891 67 247 CarloCosmicWatch 286.938298
2 135 24.92 27.34 1.274191 2021-06-18 13:39:45.395082 68 248 CarloCosmicWatch 288.212489
2 71 19.06 27.34 0.631096 2021-06-18 13:39:46.026178 68 249 CarloCosmicWatch 288.843585
2 204 34.73 27.34 1.38134 2021-06-18 13:39:47.407518 68 250 CarloCosmicWatch 290.224925
2 124 23.92 27.34 1.138215 2021-06-18 13:39:48.545733 68 251 CarloCosmicWatch 291.36314
2 62 17.75 27.34 1.891728 2021-06-18 13:39:50.437461 68 252 CarloCosmicWatch 293.254868
2 231 39.55 27.34 0.033796 2021-06-18 13:39:50.471257 68 253 CarloCosmicWatch 293.288664
1 306 54.23 55.27 0.057108 2021-06-18 13:39:50.528365 68 71 rens 293.345772
2 67 18.51 27.34 4.97648 2021-06-18 13:39:55.504845 68 254 CarloCosmicWatch 298.322252
2 121 23.66 27.34 4.785925 2021-06-18 13:40:00.290770 68 255 CarloCosmicWatch 303.108177
2 63 17.91 27.34 0.597101 2021-06-18 13:40:00.887871 68 256 CarloCosmicWatch 303.705278
2 487 132.65 27.34 2.464112 2021-06-18 13:40:03.351983 68 257 CarloCosmicWatch 306.16939
1 204 34.73 32.18 1.466811 2021-06-18 13:40:04.818794 68 72 rens 307.636201
2 275 47.73 27.34 0.018954 2021-06-18 13:40:04.837748 68 258 CarloCosmicWatch 307.655155
2 99 21.91 27.34 0.137618 2021-06-18 13:40:04.975366 69 259 CarloCosmicWatch 307.792773
1 90 21.14 11.88 0.840271 2021-06-18 13:40:05.815637 69 73 rens 308.633044
2 174 29.79 27.34 0.01798 2021-06-18 13:40:05.833617 69 260 CarloCosmicWatch 308.651024
2 92 21.32 27.34 2.894907 2021-06-18 13:40:08.728524 70 261 CarloCosmicWatch 311.545931
2 89 21.05 27.45 0.556137 2021-06-18 13:40:09.284661 70 262 CarloCosmicWatch 312.102068
2 176 30.09 27.34 1.492138 2021-06-18 13:40:10.776799 70 263 CarloCosmicWatch 313.594206
2 62 17.75 27.45 0.837571 2021-06-18 13:40:11.614370 70 264 CarloCosmicWatch 314.431777
2 199 33.86 27.34 0.033736 2021-06-18 13:40:11.648106 70 265 CarloCosmicWatch 314.465513
2 158 27.53 27.34 1.675288 2021-06-18 13:40:13.323394 70 266 CarloCosmicWatch 316.140801
1 172 29.49 27.34 4.548739 2021-06-18 13:40:17.872133 70 74 rens 320.68954
2 263 45.37 27.45 0.018725 2021-06-18 13:40:17.890858 70 267 CarloCosmicWatch 320.708265
2 271 46.93 27.34 0.604882 2021-06-18 13:40:18.495740 71 268 CarloCosmicWatch 321.313147
1 211 35.96 34.76 1.284496 2021-06-18 13:40:19.780236 71 75 rens 322.597643
2 240 41.21 27.34 0.018787 2021-06-18 13:40:19.799023 71 269 CarloCosmicWatch 322.61643
2 318 57.28 27.34 3.585216 2021-06-18 13:40:23.384239 72 270 CarloCosmicWatch 326.201646
2 99 21.91 27.34 1.563103 2021-06-18 13:40:24.947342 72 271 CarloCosmicWatch 327.764749
2 96 21.67 27.34 0.033787 2021-06-18 13:40:24.981129 72 272 CarloCosmicWatch 327.798536
2 56 16.76 27.34 0.72953 2021-06-18 13:40:25.710659 72 273 CarloCosmicWatch 328.528066
2 188 32.01 27.34 1.318788 2021-06-18 13:40:27.029447 72 274 CarloCosmicWatch 329.846854
1 142 25.64 20.90 0.030423 2021-06-18 13:40:27.059870 72 76 rens 329.877277
2 79 20.03 27.34 0.677842 2021-06-18 13:40:27.737712 73 275 CarloCosmicWatch 330.555119
2 76 19.69 27.34 2.567927 2021-06-18 13:40:30.305639 73 276 CarloCosmicWatch 333.123046
1 639 249.88 119.83 0.029402 2021-06-18 13:40:30.335041 73 77 rens 333.152448
2 185 31.51 27.34 0.699376 2021-06-18 13:40:31.034417 74 277 CarloCosmicWatch 333.851824
1 89 21.05 14.13 0.030542 2021-06-18 13:40:31.064959 74 78 rens 333.882366
2 60 17.43 27.34 0.477938 2021-06-18 13:40:31.542897 75 278 CarloCosmicWatch 334.360304
2 348 65.64 27.34 0.596742 2021-06-18 13:40:32.139639 75 279 CarloCosmicWatch 334.957046
1 115 23.18 16.28 0.030431 2021-06-18 13:40:32.170070 75 79 rens 334.987477
2 56 16.76 27.34 6.042566 2021-06-18 13:40:38.212636 76 280 CarloCosmicWatch 341.030043
1 60 17.43 5.43 1.091051 2021-06-18 13:40:39.303687 76 80 rens 342.121094
2 124 23.92 27.34 0.016914 2021-06-18 13:40:39.320601 76 281 CarloCosmicWatch 342.138008
2 167 28.76 27.34 0.670978 2021-06-18 13:40:39.991579 77 282 CarloCosmicWatch 342.808986
2 63 17.91 27.34 2.065342 2021-06-18 13:40:42.056921 77 283 CarloCosmicWatch 344.874328
1 361 70.62 65.16 2.002387 2021-06-18 13:40:44.059308 77 81 rens 346.876715
2 188 32.01 26.05 0.019015 2021-06-18 13:40:44.078323 77 284 CarloCosmicWatch 346.89573
1 194 33.00 31.32 1.58786 2021-06-18 13:40:45.666183 78 82 rens 348.48359
2 422 97.97 27.34 0.019106 2021-06-18 13:40:45.685289 78 285 CarloCosmicWatch 348.502696
2 57 16.93 27.45 0.941996 2021-06-18 13:40:46.627285 79 286 CarloCosmicWatch 349.444692
2 217 37.04 27.34 0.129929 2021-06-18 13:40:46.757214 79 287 CarloCosmicWatch 349.574621
2 49 15.48 27.34 0.804229 2021-06-18 13:40:47.561443 79 288 CarloCosmicWatch 350.37885
2 63 17.91 27.34 1.380478 2021-06-18 13:40:48.941921 79 289 CarloCosmicWatch 351.759328
2 184 31.36 27.34 3.20516 2021-06-18 13:40:52.147081 79 290 CarloCosmicWatch 354.964488
1 216 36.85 34.76 0.167183 2021-06-18 13:40:52.314264 79 83 rens 355.131671
2 368 72.93 27.34 0.019155 2021-06-18 13:40:52.333419 79 291 CarloCosmicWatch 355.150826
2 143 25.74 27.45 0.04453 2021-06-18 13:40:52.377949 80 292 CarloCosmicWatch 355.195356
1 124 23.92 16.49 0.679338 2021-06-18 13:40:53.057287 80 84 rens 355.874694
2 249 42.85 27.34 0.019063 2021-06-18 13:40:53.076350 80 293 CarloCosmicWatch 355.893757
2 591 188.65 27.34 0.099311 2021-06-18 13:40:53.175661 81 294 CarloCosmicWatch 355.993068
1 267 46.14 34.76 0.031514 2021-06-18 13:40:53.207175 81 85 rens 356.024582
1 423 97.36 78.26 0.82711 2021-06-18 13:40:54.034285 82 86 rens 356.851692
2 398 85.63 27.34 0.019092 2021-06-18 13:40:54.053377 82 295 CarloCosmicWatch 356.870784
2 316 56.81 27.34 1.36365 2021-06-18 13:40:55.417027 83 296 CarloCosmicWatch 358.234434
1 332 61.17 60.86 0.030419 2021-06-18 13:40:55.447446 83 87 rens 358.264853
2 121 23.66 27.34 4.307918 2021-06-18 13:40:59.755364 84 297 CarloCosmicWatch 362.572771
2 67 18.51 27.45 1.574298 2021-06-18 13:41:01.329662 84 298 CarloCosmicWatch 364.147069
2 71 19.06 27.45 0.304975 2021-06-18 13:41:01.634637 84 299 CarloCosmicWatch 364.452044
2 103 22.23 27.34 1.307442 2021-06-18 13:41:02.942079 84 300 CarloCosmicWatch 365.759486
2 76 19.69 27.45 4.843263 2021-06-18 13:41:07.785342 84 301 CarloCosmicWatch 370.602749
1 563 181.65 108.55 0.029432 2021-06-18 13:41:07.814774 84 88 rens 370.632181
2 83 20.46 27.45 0.523666 2021-06-18 13:41:08.338440 85 302 CarloCosmicWatch 371.155847
2 76 19.69 27.34 0.239193 2021-06-18 13:41:08.577633 85 303 CarloCosmicWatch 371.39504
2 49 15.48 27.45 0.435601 2021-06-18 13:41:09.013234 85 304 CarloCosmicWatch 371.830641
2 207 35.26 27.34 1.839239 2021-06-18 13:41:10.852473 85 305 CarloCosmicWatch 373.66988
1 113 23.02 7.15 0.030478 2021-06-18 13:41:10.882951 85 89 rens 373.700358
2 71 19.06 27.34 1.71062 2021-06-18 13:41:12.593571 86 306 CarloCosmicWatch 375.410978
2 204 34.73 27.34 1.565897 2021-06-18 13:41:14.159468 86 307 CarloCosmicWatch 376.976875
2 56 16.76 27.34 4.388486 2021-06-18 13:41:18.547954 86 308 CarloCosmicWatch 381.365361
2 192 32.67 27.45 0.36486 2021-06-18 13:41:18.912814 86 309 CarloCosmicWatch 381.730221
1 71 19.06 7.36 0.030297 2021-06-18 13:41:18.943111 86 90 rens 381.760518
2 319 57.64 27.34 1.696819 2021-06-18 13:41:20.639930 87 310 CarloCosmicWatch 383.457337
2 195 33.17 27.34 1.698788 2021-06-18 13:41:22.338718 87 311 CarloCosmicWatch 385.156125
1 82 20.36 9.40 0.030553 2021-06-18 13:41:22.369271 87 91 rens 385.186678
2 147 26.19 27.34 0.078856 2021-06-18 13:41:22.448127 88 312 CarloCosmicWatch 385.265534
2 83 20.46 27.45 0.42966 2021-06-18 13:41:22.877787 88 313 CarloCosmicWatch 385.695194
2 231 39.55 27.45 1.733854 2021-06-18 13:41:24.611641 88 314 CarloCosmicWatch 387.429048
2 113 23.02 27.34 0.033774 2021-06-18 13:41:24.645415 88 315 CarloCosmicWatch 387.462822
2 127 24.18 27.34 0.252218 2021-06-18 13:41:24.897633 88 316 CarloCosmicWatch 387.71504
1 124 23.92 17.68 0.030517 2021-06-18 13:41:24.928150 88 92 rens 387.745557
2 57 16.93 27.34 0.07934 2021-06-18 13:41:25.007490 89 317 CarloCosmicWatch 387.824897
2 50 15.67 27.45 0.701482 2021-06-18 13:41:25.708972 89 318 CarloCosmicWatch 388.526379
2 184 31.36 27.45 0.842312 2021-06-18 13:41:26.551284 89 319 CarloCosmicWatch 389.368691
1 83 20.46 6.72 0.030588 2021-06-18 13:41:26.581872 89 93 rens 389.399279
2 112 22.94 27.45 1.382864 2021-06-18 13:41:27.964736 90 320 CarloCosmicWatch 390.782143
2 399 87.30 27.34 2.809738 2021-06-18 13:41:30.774474 90 321 CarloCosmicWatch 393.591881
2 57 16.93 27.67 3.250099 2021-06-18 13:41:34.024573 90 322 CarloCosmicWatch 396.84198
2 103 22.23 27.45 0.860684 2021-06-18 13:41:34.885257 90 323 CarloCosmicWatch 397.702664
1 327 59.28 59.25 0.030565 2021-06-18 13:41:34.915822 90 94 rens 397.733229
2 48 15.29 27.34 2.861059 2021-06-18 13:41:37.776881 91 324 CarloCosmicWatch 400.594288
2 280 48.67 27.45 1.07955 2021-06-18 13:41:38.856431 91 325 CarloCosmicWatch 401.673838
2 236 40.44 27.45 1.04713 2021-06-18 13:41:39.903561 91 326 CarloCosmicWatch 402.720968
2 135 24.92 27.34 0.681087 2021-06-18 13:41:40.584648 91 327 CarloCosmicWatch 403.402055
2 56 16.76 27.45 1.418368 2021-06-18 13:41:42.003016 91 328 CarloCosmicWatch 404.820423
2 57 16.93 27.34 0.033665 2021-06-18 13:41:42.036681 91 329 CarloCosmicWatch 404.854088
1 220 37.58 36.90 0.056184 2021-06-18 13:41:42.092865 91 95 rens 404.910272
2 348 65.64 27.45 0.220485 2021-06-18 13:41:42.313350 91 330 CarloCosmicWatch 405.130757
2 207 35.26 27.34 0.381819 2021-06-18 13:41:42.695169 91 331 CarloCosmicWatch 405.512576
1 110 22.78 14.35 0.514313 2021-06-18 13:41:43.209482 91 96 rens 406.026889
2 435 104.92 27.34 0.019995 2021-06-18 13:41:43.229477 91 332 CarloCosmicWatch 406.046884
1 216 36.85 29.92 0.409909 2021-06-18 13:41:43.639386 92 97 rens 406.456793
2 305 53.88 27.34 0.020141 2021-06-18 13:41:43.659527 92 333 CarloCosmicWatch 406.476934
2 62 17.75 27.34 0.166043 2021-06-18 13:41:43.825570 93 334 CarloCosmicWatch 406.642977
2 126 24.09 27.34 0.61213 2021-06-18 13:41:44.437700 93 335 CarloCosmicWatch 407.255107
2 49 15.48 27.34 2.172182 2021-06-18 13:41:46.609882 93 336 CarloCosmicWatch 409.427289
2 56 16.76 27.45 0.205998 2021-06-18 13:41:46.815880 93 337 CarloCosmicWatch 409.633287
2 178 30.40 27.34 0.461184 2021-06-18 13:41:47.277064 93 338 CarloCosmicWatch 410.094471
1 227 38.83 37.33 0.030543 2021-06-18 13:41:47.307607 93 98 rens 410.125014
2 83 20.46 27.34 1.354955 2021-06-18 13:41:48.662562 94 339 CarloCosmicWatch 411.479969
2 103 22.23 27.34 0.878737 2021-06-18 13:41:49.541299 94 340 CarloCosmicWatch 412.358706
2 304 53.73 27.45 0.790185 2021-06-18 13:41:50.331484 94 341 CarloCosmicWatch 413.148891
2 56 16.76 27.34 0.130767 2021-06-18 13:41:50.462251 94 342 CarloCosmicWatch 413.279658
2 307 54.48 27.45 3.462167 2021-06-18 13:41:53.924418 94 343 CarloCosmicWatch 416.741825
2 126 24.09 27.34 1.841076 2021-06-18 13:41:55.765494 94 344 CarloCosmicWatch 418.582901
1 96 21.67 11.88 1.753141 2021-06-18 13:41:57.518635 94 99 rens 420.336042
2 127 24.18 27.45 0.019094 2021-06-18 13:41:57.537729 94 345 CarloCosmicWatch 420.355136
1 90 21.14 10.59 1.006948 2021-06-18 13:41:58.544677 95 100 rens 421.362084
2 179 30.55 27.34 0.019116 2021-06-18 13:41:58.563793 95 346 CarloCosmicWatch 421.3812
2 70 18.93 27.34 2.69131 2021-06-18 13:42:01.255103 96 347 CarloCosmicWatch 424.07251
2 135 24.92 27.34 0.240204 2021-06-18 13:42:01.495307 96 348 CarloCosmicWatch 424.312714
1 96 21.67 12.41 1.110718 2021-06-18 13:42:02.606025 96 101 rens 425.423432
2 143 25.74 27.34 0.018833 2021-06-18 13:42:02.624858 96 349 CarloCosmicWatch 425.442265
2 67 18.51 27.34 0.261349 2021-06-18 13:42:02.886207 97 350 CarloCosmicWatch 425.703614
2 142 25.64 27.34 0.443751 2021-06-18 13:42:03.329958 97 351 CarloCosmicWatch 426.147365
1 115 23.18 13.92 0.03055 2021-06-18 13:42:03.360508 97 102 rens 426.177915
2 67 18.51 27.34 0.148955 2021-06-18 13:42:03.509463 98 352 CarloCosmicWatch 426.32687
2 147 26.19 27.34 1.043193 2021-06-18 13:42:04.552656 98 353 CarloCosmicWatch 427.370063
1 83 20.46 7.04 1.977856 2021-06-18 13:42:06.530512 98 103 rens 429.347919
2 131 24.54 27.34 0.017956 2021-06-18 13:42:06.548468 98 354 CarloCosmicWatch 429.365875
2 184 31.36 27.45 1.275179 2021-06-18 13:42:07.823647 99 355 CarloCosmicWatch 430.641054
2 121 23.66 27.34 0.593522 2021-06-18 13:42:08.417169 99 356 CarloCosmicWatch 431.234576
1 121 23.66 16.60 0.03054 2021-06-18 13:42:08.447709 99 104 rens 431.265116
2 96 21.67 27.34 1.803626 2021-06-18 13:42:10.251335 100 357 CarloCosmicWatch 433.068742
2 63 17.91 27.45 0.033752 2021-06-18 13:42:10.285087 100 358 CarloCosmicWatch 433.102494
1 92 21.32 10.48 1.759596 2021-06-18 13:42:12.044683 100 105 rens 434.86209
2 473 126.29 27.34 0.019074 2021-06-18 13:42:12.063757 100 359 CarloCosmicWatch 434.881164
2 220 37.58 27.34 3.051284 2021-06-18 13:42:15.115041 101 360 CarloCosmicWatch 437.932448
1 213 36.33 22.19 1.113153 2021-06-18 13:42:16.228194 101 106 rens 439.045601
2 376 76.43 27.34 0.020164 2021-06-18 13:42:16.248358 101 361 CarloCosmicWatch 439.065765
2 60 17.43 27.34 1.746848 2021-06-18 13:42:17.995206 102 362 CarloCosmicWatch 440.812613
2 51 15.86 27.34 0.03378 2021-06-18 13:42:18.028986 102 363 CarloCosmicWatch 440.846393
