##########################################################################################
### CosmicWatch: The Desktop Muon Detector
### Questions? saxani@mit.edu
### Comp_date Comp_time Event Ardn_time[ms] ADC[0-1023] SiPM[mV] Deadtime[ms] Temp[C] Name
##########################################################################################
Noor
1 402 211 35.96 132 22.94
2 2039 224 38.29 1195 22.51
3 3608 211 35.96 2194 22.72
4 5187 211 35.96 3240 22.40
5 6762 216 36.85 4244 22.51
6 8386 207 35.26 5288 22.72
7 9982 211 35.96 6261 22.94
8 11587 207 35.26 7332 22.72
9 13177 207 35.26 8381 22.62
10 14766 211 35.96 9393 22.62
SET AMPLITUDE 0.02
11 17062 211 35.96 11193 22.62
12 18637 211 35.96 12207 22.40
13 20211 211 35.96 13250 22.62
14 21793 209 35.61 14259 22.94
15 23428 210 35.78 15307 22.72
16 25040 224 38.29 16376 22.83
17 26626 211 35.96 17412 22.40
18 28212 211 35.96 18459 22.51
19 29801 211 35.96 19477 22.83
20 31446 211 35.96 20530 22.72
SET AMPLITUDE 0.03
21 33697 319 57.64 22239 22.62
22 35278 323 58.48 23288 22.51
23 36911 318 57.28 24296 22.51
24 38508 319 57.64 25361 22.94
25 40106 323 58.48 26429 22.72
26 41690 319 57.64 27442 22.51
27 43277 319 57.64 28493 22.72
28 44909 316 56.81 29502 22.51
29 46514 319 57.64 30519 22.83
30 48108 323 58.48 31584 22.83
SET AMPLITUDE 0.04
31 50335 415 95.00 33279 22.72
32 51962 414 93.93 34288 22.72
33 53561 409 91.12 35357 22.40
34 55140 409 91.12 36405 22.40
35 56714 409 91.12 37412 22.29
36 58288 409 91.12 38456 22.40
37 59919 408 90.57 39466 22.72
38 61513 409 91.12 40480 22.72
39 63106 408 90.57 41547 22.62
40 64676 409 91.12 42551 22.51
SET AMPLITUDE 0.05
41 66962 530 159.82 44250 22.51
42 68573 531 160.62 45318 22.51
43 70164 527 155.96 46366 22.51
44 71744 527 155.96 47373 22.83
45 73332 527 155.96 48419 22.40
46 74969 527 155.96 49430 22.40
47 76583 524 150.73 50500 22.51
48 78167 527 155.96 51547 22.72
49 79740 526 158.17 52553 22.40
50 81318 527 155.96 53594 22.51
SET AMPLITUDE 0.060000000000000005
51 83606 639 249.88 55384 22.72
52 85178 636 231.85 56423 22.83
53 86749 633 241.23 57426 22.51
54 88323 636 231.85 58465 22.72
55 89947 639 249.88 59467 22.72
56 91543 638 261.42 60530 22.51
57 93117 639 249.88 61569 22.51
58 94694 633 241.23 62575 22.72
59 96268 639 249.88 63614 22.72
60 97841 638 261.42 64617 22.51
SET AMPLITUDE 0.07
61 100117 755 529.80 66395 22.51
62 101689 760 464.80 67400 22.40
63 103267 760 464.80 68442 22.51
64 104845 760 464.80 69448 22.83
65 106477 760 464.80 70491 22.40
66 108081 768 471.89 71558 22.40
67 109659 760 464.80 72564 22.40
68 111237 760 464.80 73605 22.51
69 112815 760 464.80 74613 22.51
70 114442 760 464.80 75654 22.83
SET AMPLITUDE 0.08
71 116669 880 1109.11 77346 22.83
72 118249 881 1204.97 78391 22.51
73 119830 881 1204.97 79401 22.51
74 121460 880 1109.11 80444 22.51
75 123060 878 988.09 81509 22.62
76 124637 880 1109.11 82521 22.51
77 126211 881 1204.97 83564 22.51
78 127782 871 942.15 84566 22.72
79 129352 878 988.09 85606 22.83
80 130977 880 1109.11 86609 22.83
SET AMPLITUDE 0.09
81 133203 1002 2406.98 88337 22.51
82 134779 1005 1896.26 89344 22.51
83 136350 1004 2482.81 90384 22.40
84 137977 1005 1896.26 91391 22.40
85 139573 1004 2482.81 92456 22.51
86 141142 999 1796.26 93494 22.51
87 142716 1004 2482.81 94498 22.40
88 144293 1004 2482.81 95542 22.72
89 145866 1005 1896.26 96546 22.72
90 147495 1008 2022.62 97588 22.62
SET AMPLITUDE 0.09999999999999999
91 149732 1023 2152.99 99290 22.40
92 151314 1023 2152.99 100336 22.51
93 152890 1023 2152.99 101352 23.05
94 154519 1023 2152.99 102398 22.72
95 156121 1023 2152.99 103465 22.62
96 157699 1023 2152.99 104474 22.51
97 159282 1023 2152.99 105521 22.51
98 160866 1023 2152.99 106550 22.40
99 162500 1023 2152.99 107597 22.62
100 164123 1023 2152.99 108685 22.51
SET AMPLITUDE 0.10999999999999999