# layer adc volt temp timediff time detector_muon_count detector_count detector_name
1 56 16.76 24.44 10 2021-06-23 18:44:16.070491 0 1 Niels 1.630904
2 204 34.73 24.44 1.692637 2021-06-23 18:44:17.763128 0 1 MattiaCosmicWatch 3.323541
0 152 26.78 26.70 2.205397 2021-06-23 18:44:19.968525 0 1 Cecile 5.528938
2 60 17.43 24.44 2.970878 2021-06-23 18:44:22.939403 0 2 MattiaCosmicWatch 8.499816
2 126 24.09 24.44 0.420226 2021-06-23 18:44:23.359629 0 3 MattiaCosmicWatch 8.920042
1 96 21.67 24.44 0.888573 2021-06-23 18:44:24.248202 0 2 Niels 9.808615
2 156 27.28 24.44 1.289141 2021-06-23 18:44:25.537343 0 4 MattiaCosmicWatch 11.097756
2 451 113.08 24.44 0.140034 2021-06-23 18:44:25.677377 0 5 MattiaCosmicWatch 11.23779
2 79 20.03 24.44 0.345239 2021-06-23 18:44:26.022616 0 6 MattiaCosmicWatch 11.583029
0 71 19.06 26.70 0.430882 2021-06-23 18:44:26.453498 0 2 Cecile 12.013911
0 192 32.67 26.91 7.002383 2021-06-23 18:44:33.455881 0 3 Cecile 19.016294
0 67 18.51 26.70 0.389549 2021-06-23 18:44:33.845430 0 4 Cecile 19.405843
1 415 95.00 24.44 1.01421 2021-06-23 18:44:34.859640 0 3 Niels 20.420053
2 58 17.10 24.44 1.052528 2021-06-23 18:44:35.912168 0 7 MattiaCosmicWatch 21.472581
0 135 24.92 26.91 0.253164 2021-06-23 18:44:36.165332 0 5 Cecile 21.725745
1 318 57.28 24.44 0.099601 2021-06-23 18:44:36.264933 0 4 Niels 21.825346
2 76 19.69 24.44 2.296487 2021-06-23 18:44:38.561420 0 8 MattiaCosmicWatch 24.121833
0 152 26.78 26.70 0.299119 2021-06-23 18:44:38.860539 0 6 Cecile 24.420952
0 173 29.64 26.91 0.230783 2021-06-23 18:44:39.091322 0 7 Cecile 24.651735
1 103 22.23 24.44 0.048051 2021-06-23 18:44:39.139373 0 5 Niels 24.699786
0 115 23.18 26.70 0.01459 2021-06-23 18:44:39.153963 1 8 Cecile 24.714376
2 149 26.42 24.44 0.283851 2021-06-23 18:44:39.437814 0 9 MattiaCosmicWatch 24.998227
2 83 20.46 24.44 2.112185 2021-06-23 18:44:41.549999 0 10 MattiaCosmicWatch 27.110412
0 79 20.03 26.70 0.243497 2021-06-23 18:44:41.793496 1 9 Cecile 27.353909
1 312 55.68 24.44 0.189322 2021-06-23 18:44:41.982818 1 6 Niels 27.543231
0 153 26.90 26.70 0.066926 2021-06-23 18:44:42.049744 1 10 Cecile 27.610157
2 97 21.75 24.44 0.886383 2021-06-23 18:44:42.936127 0 11 MattiaCosmicWatch 28.49654
0 231 39.55 26.70 0.598724 2021-06-23 18:44:43.534851 1 11 Cecile 29.095264
0 99 21.91 26.70 1.180038 2021-06-23 18:44:44.714889 1 12 Cecile 30.275302
0 243 41.74 26.70 6.11948 2021-06-23 18:44:50.834369 1 13 Cecile 36.394782
1 96 21.67 24.44 0.101169 2021-06-23 18:44:50.935538 1 7 Niels 36.495951
2 103 22.23 24.44 1.535952 2021-06-23 18:44:52.471490 0 12 MattiaCosmicWatch 38.031903
2 186 31.68 24.44 2.39305 2021-06-23 18:44:54.864540 0 13 MattiaCosmicWatch 40.424953
1 159 27.66 24.44 0.133582 2021-06-23 18:44:54.998122 1 8 Niels 40.558535
0 158 27.53 26.91 0.015681 2021-06-23 18:44:55.013803 1 14 Cecile 40.574216
2 51 15.86 24.44 1.468918 2021-06-23 18:44:56.482721 0 14 MattiaCosmicWatch 42.043134
2 79 20.03 24.44 0.612725 2021-06-23 18:44:57.095446 0 15 MattiaCosmicWatch 42.655859
0 60 17.43 26.70 1.833008 2021-06-23 18:44:58.928454 2 15 Cecile 44.488867
1 230 39.39 24.44 0.038271 2021-06-23 18:44:58.966725 2 9 Niels 44.527138
0 143 25.74 26.70 1.37528 2021-06-23 18:45:00.342005 3 16 Cecile 45.902418
2 167 28.76 24.44 1.713279 2021-06-23 18:45:02.055284 0 16 MattiaCosmicWatch 47.615697
1 143 25.74 24.44 0.359484 2021-06-23 18:45:02.414768 3 10 Niels 47.975181
0 51 15.86 26.81 0.735715 2021-06-23 18:45:03.150483 3 17 Cecile 48.710896
0 319 57.64 26.70 0.614385 2021-06-23 18:45:03.764868 3 18 Cecile 49.325281
2 70 18.93 24.44 3.853215 2021-06-23 18:45:07.618083 0 17 MattiaCosmicWatch 53.178496
0 57 16.93 26.70 1.539456 2021-06-23 18:45:09.157539 3 19 Cecile 54.717952
1 71 19.06 24.44 3.77566 2021-06-23 18:45:12.933199 3 11 Niels 58.493612
1 62 17.75 24.44 2.284 2021-06-23 18:45:15.217199 3 12 Niels 60.777612
1 88 20.96 24.44 2.721538 2021-06-23 18:45:17.938737 3 13 Niels 63.49915
1 60 17.43 24.44 0.252461 2021-06-23 18:45:18.191198 3 14 Niels 63.751611
1 75 19.57 24.44 0.557488 2021-06-23 18:45:18.748686 3 15 Niels 64.309099
0 165 28.48 26.91 0.871795 2021-06-23 18:45:19.620481 3 20 Cecile 65.180894
1 67 18.51 24.44 0.016568 2021-06-23 18:45:19.637049 3 16 Niels 65.197462
1 57 16.93 24.44 0.033953 2021-06-23 18:45:19.671002 4 17 Niels 65.231415
2 49 15.48 24.44 0.569654 2021-06-23 18:45:20.240656 0 18 MattiaCosmicWatch 65.801069
2 51 15.86 24.44 0.594927 2021-06-23 18:45:20.835583 0 19 MattiaCosmicWatch 66.395996
1 79 20.03 24.44 0.027109 2021-06-23 18:45:20.862692 4 18 Niels 66.423105
0 83 20.46 26.70 1.083697 2021-06-23 18:45:21.946389 4 21 Cecile 67.506802
0 319 57.64 26.70 0.370868 2021-06-23 18:45:22.317257 4 22 Cecile 67.87767
2 79 20.03 24.44 7.267191 2021-06-23 18:45:29.584448 1 20 MattiaCosmicWatch 75.144861
0 376 76.43 26.91 0.443753 2021-06-23 18:45:30.028201 4 23 Cecile 75.588614
1 63 17.91 24.44 0.016657 2021-06-23 18:45:30.044858 5 19 Niels 75.605271
