# layer adc volt temp timediff time detector_muon_count detector_count detector_name
0 42 14.12 24.44 10 2021-06-22 14:02:14.255571 0 1 Niels 0.870121
1 56 16.76 -2.73 0.321517 2021-06-22 14:02:14.577088 0 1 rens 1.191638
0 88 20.96 24.44 1.382616 2021-06-22 14:02:15.959704 0 2 Niels 2.574254
0 50 15.67 24.44 1.020595 2021-06-22 14:02:16.980299 0 3 Niels 3.594849
1 37 13.14 -6.49 0.012745 2021-06-22 14:02:16.993044 0 2 rens 3.607594
0 67 18.51 26.27 0.556362 2021-06-22 14:02:17.549406 0 1 Cecile 4.163956
1 216 36.85 26.05 0.138036 2021-06-22 14:02:17.687442 1 3 rens 4.301992
0 307 54.48 26.05 0.344762 2021-06-22 14:02:18.032204 0 2 Cecile 4.646754
0 199 33.86 24.44 0.174002 2021-06-22 14:02:18.206206 1 4 Niels 4.820756
0 135 24.92 24.44 0.38032 2021-06-22 14:02:18.586526 1 5 Niels 5.201076
0 195 33.17 26.16 0.089671 2021-06-22 14:02:18.676197 0 3 Cecile 5.290747
0 175 29.94 24.44 1.878384 2021-06-22 14:02:20.554581 1 6 Niels 7.169131
1 103 22.23 7.36 0.014644 2021-06-22 14:02:20.569225 1 4 rens 7.183775
1 35 12.75 -9.07 0.617809 2021-06-22 14:02:21.187034 2 5 rens 7.801584
1 96 21.67 4.57 1.341095 2021-06-22 14:02:22.528129 2 6 rens 9.142679
1 318 57.28 47.97 0.865601 2021-06-22 14:02:23.393730 2 7 rens 10.00828
1 108 22.63 7.69 1.416467 2021-06-22 14:02:24.810197 2 8 rens 11.424747
1 48 15.29 -14.23 0.132545 2021-06-22 14:02:24.942742 2 9 rens 11.557292
0 37 13.14 24.44 0.145921 2021-06-22 14:02:25.088663 2 7 Niels 11.703213
0 249 42.85 24.44 1.057578 2021-06-22 14:02:26.146241 2 8 Niels 12.760791
2 140 25.42 24.44 0.312216 2021-06-22 14:02:26.458457 0 1 MattiaCosmicWatch 13.073007
1 255 43.96 37.01 0.358502 2021-06-22 14:02:26.816959 2 10 rens 13.431509
1 220 37.58 24.34 0.076777 2021-06-22 14:02:26.893736 2 11 rens 13.508286
2 423 97.36 24.44 0.068307 2021-06-22 14:02:26.962043 0 2 MattiaCosmicWatch 13.576593
0 51 15.86 24.44 0.037792 2021-06-22 14:02:26.999835 2 9 Niels 13.614385
0 199 33.86 26.05 0.38562 2021-06-22 14:02:27.385455 0 4 Cecile 14.000005
