# layer adc volt temp timediff time detector_muon_count detector_count detector_name
0 220 37.58 27.67 0.29498 2021-06-18 22:11:50.373604 1 4051 Franko 5915.133219
1 88 20.96 9.62 0.023013 2021-06-18 22:11:50.396617 1 1 rens 5915.156232
2 103 22.23 27.67 0.000166 2021-06-18 22:11:50.396783 1 1 M 5915.156398

0 179 30.55 28.10 0.187742 2021-06-19 01:20:51.613216 5 11678 Franko 17256.372831
1 154 27.02 22.29 0.025224 2021-06-19 01:20:51.638440 2 2 rens 17256.398055
2 49 15.48 28.31 0.000186 2021-06-19 01:20:51.638626 3 3 M 17256.398241

0 384 80.08 28.31 1.69155 2021-06-19 02:42:54.734656 6 15057 Franko 22179.494271
1 71 19.06 28.31 0.025196 2021-06-19 02:42:54.759852 3 3 Cecile 22179.519467
2 102 22.15 28.31 0.000176 2021-06-19 02:42:54.760028 2 2 Noor 22179.519643

0 152 26.78 28.20 0.536004 2021-06-19 03:34:25.002803 7 17135 Franko 25269.762418
1 433 104.37 79.55 0.025202 2021-06-19 03:34:25.028005 3 3 rens 25269.78762
2 329 59.91 28.31 0.000182 2021-06-19 03:34:25.028187 4 4 M 25269.787802

0 408 90.57 26.70 0.727399 2021-06-19 05:13:31.088961 8 21134 Franko 31215.848576
1 134 24.82 16.49 0.026225 2021-06-19 05:13:31.115186 4 4 rens 31215.874801
2 57 16.93 27.34 0.000181 2021-06-19 05:13:31.115367 5 5 M 31215.874982

0 543 164.77 26.05 0.000163 2021-06-19 05:51:32.313935 9 22605 Franko 33497.07355
1 387 81.05 27.34 0.036555 2021-06-19 05:51:32.313435 4 4 Cecile 33497.07305
2 355 68.30 26.05 0.000182 2021-06-19 05:51:32.313617 6 6 M 33497.073232

0 487 132.65 26.27 0.036539 2021-06-19 06:05:19.907769 10 23178 Franko 34324.667384
1 177 30.25 27.77 0.000184 2021-06-19 06:05:19.907953 5 6 rens 34324.667568
2 211 35.96 26.05 0.000161 2021-06-19 06:05:19.908466 7 7 M 34324.668081

0 799 620.61 27.67 0.213152 2021-06-19 08:37:28.503904 13 29367 Franko 43453.263519
1 82 20.36 9.30 0.027465 2021-06-19 08:37:28.531369 6 7 rens 43453.290984
2 268 46.26 27.67 0.00018 2021-06-19 08:37:28.531549 4 8 Noor 43453.291164

0 135 24.92 29.92 0.223707 2021-06-19 13:19:59.208253 17 41739 Franko 60403.967868
1 332 61.17 57.96 0.033768 2021-06-19 13:19:59.242021 8 9 rens 60404.001636
2 142 25.64 29.92 0.017611 2021-06-19 13:19:59.259632 9 9 M 60404.019247

0 85 20.67 29.92 3.687289 2021-06-19 14:02:31.776062 18 43716 Franko 62956.535677
1 135 24.92 18.21 0.025207 2021-06-19 14:02:31.801269 9 10 rens 62956.560884
2 89 21.05 29.92 0.00018 2021-06-19 14:02:31.801449 10 10 M 62956.561064

