# layer adc volt temp timediff time detector_muon_count detector_count detector_name
2 127 24.18 25.52 10 2021-06-21 17:20:18.571277 0 1 Niels 1.698918
0 35 12.75 27.34 0.063976 2021-06-21 17:20:18.635253 0 1 Cecile 1.762894
0 83 20.46 27.24 0.593997 2021-06-21 17:20:19.229250 1 2 Cecile 2.356891
0 60 17.43 27.34 1.11012 2021-06-21 17:20:20.339370 1 3 Cecile 3.467011
0 313 56.02 27.34 0.107679 2021-06-21 17:20:20.447049 1 4 Cecile 3.57469
0 204 34.73 27.34 0.25144 2021-06-21 17:20:20.698489 1 5 Cecile 3.82613
1 35 12.75 26.05 0.014938 2021-06-21 17:20:20.713427 0 1 MattiaCosmicWatch 3.841068
0 70 18.93 27.13 0.631598 2021-06-21 17:20:21.345025 2 6 Cecile 4.472666
1 35 12.75 26.16 0.419643 2021-06-21 17:20:21.764668 1 2 MattiaCosmicWatch 4.892309
0 63 17.91 27.34 0.835219 2021-06-21 17:20:22.599887 2 7 Cecile 5.727528
0 103 22.23 27.13 0.079745 2021-06-21 17:20:22.679632 2 8 Cecile 5.807273
0 127 24.18 27.13 0.194637 2021-06-21 17:20:22.874269 2 9 Cecile 6.00191
0 145 25.96 26.70 2.526616 2021-06-21 17:20:25.400885 2 10 Cecile 8.528526
2 31 12.01 26.05 1.352232 2021-06-21 17:20:26.753117 1 2 Niels 9.880758
0 39 13.53 27.34 2.601086 2021-06-21 17:20:29.354203 2 11 Cecile 12.481844
0 96 21.67 26.91 0.798524 2021-06-21 17:20:30.152727 2 12 Cecile 13.280368
0 120 23.58 27.13 0.329774 2021-06-21 17:20:30.482501 2 13 Cecile 13.610142
0 56 16.76 27.34 0.932402 2021-06-21 17:20:31.414903 2 14 Cecile 14.542544
0 169 29.05 26.91 0.981052 2021-06-21 17:20:32.395955 2 15 Cecile 15.523596
0 70 18.93 27.02 0.312003 2021-06-21 17:20:32.707958 2 16 Cecile 15.835599
0 152 26.78 26.91 0.457016 2021-06-21 17:20:33.164974 2 17 Cecile 16.292615
0 192 32.67 27.13 1.418229 2021-06-21 17:20:34.583203 2 18 Cecile 17.710844
2 102 22.15 26.05 3.295002 2021-06-21 17:20:37.878205 1 3 Niels 21.005846
2 39 13.53 25.95 0.185512 2021-06-21 17:20:38.063717 1 4 Niels 21.191358
0 270 46.71 26.91 0.322179 2021-06-21 17:20:38.385896 2 19 Cecile 21.513537
0 39 13.53 26.70 0.105738 2021-06-21 17:20:38.491634 2 20 Cecile 21.619275
0 35 12.75 27.02 1.911395 2021-06-21 17:20:40.403029 2 21 Cecile 23.53067
2 255 43.96 25.73 1.514044 2021-06-21 17:20:41.917073 1 5 Niels 25.044714
0 135 24.92 27.13 0.418586 2021-06-21 17:20:42.335659 2 22 Cecile 25.4633
1 39 13.53 26.27 0.017016 2021-06-21 17:20:42.352675 1 3 MattiaCosmicWatch 25.480316
0 35 12.75 27.13 0.855833 2021-06-21 17:20:43.208508 3 23 Cecile 26.336149
2 35 12.75 26.05 0.660418 2021-06-21 17:20:43.868926 1 6 Niels 26.996567
0 105 22.39 26.91 0.410845 2021-06-21 17:20:44.279771 3 24 Cecile 27.407412
0 110 22.78 27.13 2.238886 2021-06-21 17:20:46.518657 3 25 Cecile 29.646298
2 76 19.69 25.95 2.278975 2021-06-21 17:20:48.797632 1 7 Niels 31.925273
1 329 59.91 26.05 0.355755 2021-06-21 17:20:49.153387 2 4 MattiaCosmicWatch 32.281028
0 51 15.86 27.24 1.006815 2021-06-21 17:20:50.160202 3 26 Cecile 33.287843
1 76 19.69 26.05 0.286953 2021-06-21 17:20:50.447155 2 5 MattiaCosmicWatch 33.574796
1 31 12.01 26.05 0.603523 2021-06-21 17:20:51.050678 2 6 MattiaCosmicWatch 34.178319
0 71 19.06 27.13 0.157096 2021-06-21 17:20:51.207774 3 27 Cecile 34.335415
0 56 16.76 26.91 0.199255 2021-06-21 17:20:51.407029 3 28 Cecile 34.53467
0 327 59.28 26.70 0.312197 2021-06-21 17:20:51.719226 3 29 Cecile 34.846867
0 31 12.01 27.34 1.560804 2021-06-21 17:20:53.280030 3 30 Cecile 36.407671
2 63 17.91 25.52 0.457271 2021-06-21 17:20:53.737301 1 8 Niels 36.864942
1 44 14.51 26.16 1.866613 2021-06-21 17:20:55.603914 2 7 MattiaCosmicWatch 38.731555
0 159 27.66 27.34 0.170594 2021-06-21 17:20:55.774508 3 31 Cecile 38.902149
0 46 14.91 27.34 0.851207 2021-06-21 17:20:56.625715 3 32 Cecile 39.753356
2 38 13.33 25.73 1.413017 2021-06-21 17:20:58.038732 1 9 Niels 41.166373
1 31 12.01 26.05 0.014936 2021-06-21 17:20:58.053668 2 8 MattiaCosmicWatch 41.181309
0 355 68.30 27.13 0.839541 2021-06-21 17:20:58.893209 3 33 Cecile 42.02085
1 31 12.01 26.05 1.634014 2021-06-21 17:21:00.527223 3 9 MattiaCosmicWatch 43.654864
0 51 15.86 26.91 0.627493 2021-06-21 17:21:01.154716 3 34 Cecile 44.282357
0 231 39.55 26.91 0.057423 2021-06-21 17:21:01.212139 3 35 Cecile 44.33978
0 133 24.73 26.91 0.341933 2021-06-21 17:21:01.554072 3 36 Cecile 44.681713
0 63 17.91 26.91 0.172069 2021-06-21 17:21:01.726141 3 37 Cecile 44.853782
2 110 22.78 25.95 0.347326 2021-06-21 17:21:02.073467 2 10 Niels 45.201108
1 48 15.29 26.16 0.01591 2021-06-21 17:21:02.089377 3 10 MattiaCosmicWatch 45.217018
0 51 15.86 27.13 0.242012 2021-06-21 17:21:02.331389 3 38 Cecile 45.45903
0 304 53.73 27.34 0.37811 2021-06-21 17:21:02.709499 3 39 Cecile 45.83714
2 71 19.06 26.05 1.136221 2021-06-21 17:21:03.845720 3 11 Niels 46.973361
0 384 80.08 27.13 0.01596 2021-06-21 17:21:03.861680 3 40 Cecile 46.989321
0 313 56.02 27.13 0.497319 2021-06-21 17:21:04.358999 4 41 Cecile 47.48664
