# layer adc volt temp timediff time detector_muon_count detector_count detector_name
1 63 17.91 27.34 0.953749 2021-06-21 17:55:23.366549 4 20 MattiaCosmicWatch 239.888199
2 77 19.81 26.05 0.73437 2021-06-21 17:55:24.100919 6 28 Niels 240.622569
0 96 21.67 27.34 0.265592 2021-06-21 17:55:24.366511 2 105 Cecile 240.888161
0 275 47.73 27.34 2.023042 2021-06-21 17:55:26.389553 2 106 Cecile 242.911203
0 28 11.49 27.34 3.180389 2021-06-21 17:55:29.569942 2 107 Cecile 246.091592
0 39 13.53 27.34 1.298279 2021-06-21 17:55:30.868221 2 108 Cecile 247.389871
0 56 16.76 27.45 1.761819 2021-06-21 17:55:32.630040 2 109 Cecile 249.15169
0 76 19.69 27.34 2.217527 2021-06-21 17:55:34.847567 2 110 Cecile 251.369217
1 56 16.76 27.34 2.737541 2021-06-21 17:55:37.585108 4 21 MattiaCosmicWatch 254.106758
0 135 24.92 27.34 0.638804 2021-06-21 17:55:38.223912 2 111 Cecile 254.745562
0 44 14.51 27.34 1.612327 2021-06-21 17:55:39.836239 2 112 Cecile 256.357889
0 124 23.92 27.34 1.503843 2021-06-21 17:55:41.340082 2 113 Cecile 257.861732
0 31 12.01 27.34 1.094626 2021-06-21 17:55:42.434708 2 114 Cecile 258.956358
0 35 12.75 27.34 1.898419 2021-06-21 17:55:44.333127 2 115 Cecile 260.854777
0 319 57.64 27.34 1.010746 2021-06-21 17:55:45.343873 2 116 Cecile 261.865523
0 217 37.04 27.34 2.267003 2021-06-21 17:55:47.610876 2 117 Cecile 264.132526
0 366 72.41 27.34 2.268502 2021-06-21 17:55:49.879378 2 118 Cecile 266.401028
0 31 12.01 27.34 3.395019 2021-06-21 17:55:53.274397 2 119 Cecile 269.796047
0 127 24.18 27.34 1.222818 2021-06-21 17:55:54.497215 2 120 Cecile 271.018865
0 83 20.46 27.34 6.788415 2021-06-21 17:56:01.285630 2 121 Cecile 277.80728
0 359 69.86 27.34 3.457311 2021-06-21 17:56:04.742941 2 122 Cecile 281.264591
0 35 12.75 27.34 2.976554 2021-06-21 17:56:07.719495 2 123 Cecile 284.241145
0 135 24.92 27.34 1.523538 2021-06-21 17:56:09.243033 2 124 Cecile 285.764683
0 88 20.96 27.34 3.044934 2021-06-21 17:56:12.287967 2 125 Cecile 288.809617
0 31 12.01 27.34 2.994859 2021-06-21 17:56:15.282826 2 126 Cecile 291.804476
2 63 17.91 26.05 1.354563 2021-06-21 17:56:16.637389 6 29 Niels 293.159039
0 304 53.73 27.34 0.018332 2021-06-21 17:56:16.655721 2 127 Cecile 293.177371
0 131 24.54 27.34 2.72713 2021-06-21 17:56:19.382851 3 128 Cecile 295.904501
1 51 15.86 27.34 0.34207 2021-06-21 17:56:19.724921 4 22 MattiaCosmicWatch 296.246571
0 57 16.93 27.34 0.738442 2021-06-21 17:56:20.463363 3 129 Cecile 296.985013
0 238 40.82 27.34 5.103869 2021-06-21 17:56:25.567232 3 130 Cecile 302.088882
0 97 21.75 27.34 1.620951 2021-06-21 17:56:27.188183 3 131 Cecile 303.709833
0 56 16.76 27.34 3.243807 2021-06-21 17:56:30.431990 3 132 Cecile 306.95364
1 88 20.96 27.34 3.45185 2021-06-21 17:56:33.883840 4 23 MattiaCosmicWatch 310.40549
0 70 18.93 27.34 0.033894 2021-06-21 17:56:33.917734 3 133 Cecile 310.439384
0 35 12.75 27.34 1.535349 2021-06-21 17:56:35.453083 4 134 Cecile 311.974733
0 371 73.82 27.34 2.035138 2021-06-21 17:56:37.488221 4 135 Cecile 314.009871
0 271 46.93 27.34 2.37891 2021-06-21 17:56:39.867131 4 136 Cecile 316.388781
0 62 17.75 27.34 1.863559 2021-06-21 17:56:41.730690 4 137 Cecile 318.25234
0 179 30.55 27.34 4.494074 2021-06-21 17:56:46.224764 4 138 Cecile 322.746414
0 31 12.01 27.34 1.330144 2021-06-21 17:56:47.554908 4 139 Cecile 324.076558
0 39 13.53 27.34 2.30109 2021-06-21 17:56:49.855998 4 140 Cecile 326.377648
1 181 30.87 27.34 2.101704 2021-06-21 17:56:51.957702 5 24 MattiaCosmicWatch 328.479352
1 122 23.75 27.56 0.277671 2021-06-21 17:56:52.235373 5 25 MattiaCosmicWatch 328.757023
0 31 12.01 27.34 0.055823 2021-06-21 17:56:52.291196 4 141 Cecile 328.812846
0 192 32.67 27.34 1.060281 2021-06-21 17:56:53.351477 4 142 Cecile 329.873127
0 34 12.56 27.34 2.001398 2021-06-21 17:56:55.352875 4 143 Cecile 331.874525
2 224 38.29 26.05 0.213017 2021-06-21 17:56:55.565892 7 30 Niels 332.087542
1 243 41.74 27.45 0.21042 2021-06-21 17:56:55.776312 5 26 MattiaCosmicWatch 332.297962
0 97 21.75 27.45 0.606908 2021-06-21 17:56:56.383220 4 144 Cecile 332.90487
