# layer adc volt temp timediff time detector_muon_count detector_count detector_name
0 60 17.43 27.34 10 2021-06-21 17:51:24.521753 0 1 Cecile 1.043403
0 263 45.37 27.34 2.925727 2021-06-21 17:51:27.447480 0 2 Cecile 3.96913
2 536 160.18 26.05 0.169609 2021-06-21 17:51:27.617089 0 1 Niels 4.138739
2 35 12.75 26.05 1.494479 2021-06-21 17:51:29.111568 0 2 Niels 5.633218
0 39 13.53 27.34 0.607323 2021-06-21 17:51:29.718891 0 3 Cecile 6.240541
0 271 46.93 27.34 1.563199 2021-06-21 17:51:31.282090 0 4 Cecile 7.80374
1 50 15.67 27.34 1.613539 2021-06-21 17:51:32.895629 0 1 MattiaCosmicWatch 9.417279
0 152 26.78 27.34 0.414176 2021-06-21 17:51:33.309805 0 5 Cecile 9.831455
1 31 12.01 27.34 1.232287 2021-06-21 17:51:34.542092 0 2 MattiaCosmicWatch 11.063742
0 167 28.76 27.34 0.098599 2021-06-21 17:51:34.640691 0 6 Cecile 11.162341
0 97 21.75 27.34 3.574401 2021-06-21 17:51:38.215092 0 7 Cecile 14.736742
0 127 24.18 27.34 6.516919 2021-06-21 17:51:44.732011 0 8 Cecile 21.253661
2 60 17.43 26.05 1.107785 2021-06-21 17:51:45.839796 0 3 Niels 22.361446
0 35 12.75 27.34 0.30178 2021-06-21 17:51:46.141576 0 9 Cecile 22.663226
0 195 33.17 27.34 2.205144 2021-06-21 17:51:48.346720 0 10 Cecile 24.86837
0 51 15.86 27.34 1.499054 2021-06-21 17:51:49.845774 0 11 Cecile 26.367424
0 35 12.75 27.34 1.406814 2021-06-21 17:51:51.252588 0 12 Cecile 27.774238
1 69 18.79 27.34 3.531113 2021-06-21 17:51:54.783701 0 3 MattiaCosmicWatch 31.305351
2 156 27.28 26.05 0.026668 2021-06-21 17:51:54.810369 0 4 Niels 31.332019
0 193 32.84 27.45 0.45759 2021-06-21 17:51:55.267959 0 13 Cecile 31.789609
0 88 20.96 27.34 1.994083 2021-06-21 17:51:57.262042 0 14 Cecile 33.783692
0 217 37.04 27.34 1.18617 2021-06-21 17:51:58.448212 0 15 Cecile 34.969862
1 69 18.79 27.34 1.135104 2021-06-21 17:51:59.583316 1 4 MattiaCosmicWatch 36.104966
0 63 17.91 27.34 0.165558 2021-06-21 17:51:59.748874 0 16 Cecile 36.270524
1 280 48.67 27.34 1.401728 2021-06-21 17:52:01.150602 1 5 MattiaCosmicWatch 37.672252
0 35 12.75 27.34 0.381686 2021-06-21 17:52:01.532288 0 17 Cecile 38.053938
0 33 12.37 27.34 3.187251 2021-06-21 17:52:04.719539 0 18 Cecile 41.241189
2 224 38.29 26.05 1.616849 2021-06-21 17:52:06.336388 1 5 Niels 42.858038
0 384 80.08 27.34 0.15086 2021-06-21 17:52:06.487248 0 19 Cecile 43.008898
2 48 15.29 26.05 3.271084 2021-06-21 17:52:09.758332 1 6 Niels 46.279982
1 476 129.76 27.34 0.167121 2021-06-21 17:52:09.925453 1 6 MattiaCosmicWatch 46.447103
1 127 24.18 27.34 0.231025 2021-06-21 17:52:10.156478 1 7 MattiaCosmicWatch 46.678128
0 31 12.01 27.34 0.144772 2021-06-21 17:52:10.301250 0 20 Cecile 46.8229
0 63 17.91 27.34 1.025035 2021-06-21 17:52:11.326285 0 21 Cecile 47.847935
0 174 29.79 27.34 2.141639 2021-06-21 17:52:13.467924 0 22 Cecile 49.989574
0 39 13.53 27.34 1.372361 2021-06-21 17:52:14.840285 0 23 Cecile 51.361935
1 50 15.67 27.34 1.129472 2021-06-21 17:52:15.969757 1 8 MattiaCosmicWatch 52.491407
0 35 12.75 27.34 0.192592 2021-06-21 17:52:16.162349 0 24 Cecile 52.683999
1 30 11.83 27.34 0.286917 2021-06-21 17:52:16.449266 1 9 MattiaCosmicWatch 52.970916
0 204 34.73 27.34 0.808494 2021-06-21 17:52:17.257760 0 25 Cecile 53.77941
0 31 12.01 27.34 1.232349 2021-06-21 17:52:18.490109 0 26 Cecile 55.011759
0 120 23.58 27.34 1.052009 2021-06-21 17:52:19.542118 0 27 Cecile 56.063768
2 492 134.92 26.05 4.285838 2021-06-21 17:52:23.827956 1 7 Niels 60.349606
0 287 50.23 27.34 0.578242 2021-06-21 17:52:24.406198 0 28 Cecile 60.927848
0 179 30.55 27.34 1.230906 2021-06-21 17:52:25.637104 0 29 Cecile 62.158754
0 143 25.74 27.34 1.652289 2021-06-21 17:52:27.289393 0 30 Cecile 63.811043
2 31 12.01 26.05 5.617929 2021-06-21 17:52:32.907322 1 8 Niels 69.428972
0 35 12.75 27.34 0.440485 2021-06-21 17:52:33.347807 0 31 Cecile 69.869457
0 51 15.86 27.34 4.061927 2021-06-21 17:52:37.409734 0 32 Cecile 73.931384
0 319 57.64 27.34 2.902464 2021-06-21 17:52:40.312198 0 33 Cecile 76.833848
