# layer adc volt temp timediff time detector_muon_count detector_count detector_name
0 60 17.43 27.34 0.190207 2021-06-21 17:54:06.741913 0 73 Cecile 163.263563
0 39 13.53 27.34 1.399878 2021-06-21 17:54:08.141791 0 74 Cecile 164.663441
0 96 21.67 27.34 1.737756 2021-06-21 17:54:09.879547 0 75 Cecile 166.401197
0 297 52.13 27.34 1.255412 2021-06-21 17:54:11.134959 0 76 Cecile 167.656609
0 103 22.23 27.34 1.631485 2021-06-21 17:54:12.766444 0 77 Cecile 169.288094
0 352 66.89 27.34 5.026405 2021-06-21 17:54:17.792849 0 78 Cecile 174.314499
2 159 27.66 26.05 0.78335 2021-06-21 17:54:18.576199 2 18 Niels 175.097849
0 318 57.28 27.34 0.282304 2021-06-21 17:54:18.858503 0 79 Cecile 175.380153
0 192 32.67 27.45 4.402086 2021-06-21 17:54:23.260589 0 80 Cecile 179.782239
0 449 112.05 27.34 1.010172 2021-06-21 17:54:24.270761 0 81 Cecile 180.792411
0 281 48.90 27.34 2.246479 2021-06-21 17:54:26.517240 0 82 Cecile 183.03889
1 29 11.66 27.45 0.538022 2021-06-21 17:54:27.055262 2 12 MattiaCosmicWatch 183.576912
0 355 68.30 27.34 0.683588 2021-06-21 17:54:27.738850 0 83 Cecile 184.2605
0 448 112.41 27.34 1.997078 2021-06-21 17:54:29.735928 0 84 Cecile 186.257578
0 199 33.86 27.34 4.131775 2021-06-21 17:54:33.867703 0 85 Cecile 190.389353
1 124 23.92 27.34 3.501139 2021-06-21 17:54:37.368842 2 13 MattiaCosmicWatch 193.890492
0 143 25.74 27.34 0.904937 2021-06-21 17:54:38.273779 0 86 Cecile 194.795429
0 127 24.18 27.34 2.357587 2021-06-21 17:54:40.631366 0 87 Cecile 197.153016
2 60 17.43 26.05 1.090591 2021-06-21 17:54:41.721957 2 19 Niels 198.243607
0 63 17.91 27.34 0.023472 2021-06-21 17:54:41.745429 0 88 Cecile 198.267079
0 102 22.15 27.34 3.144129 2021-06-21 17:54:44.889558 1 89 Cecile 201.411208
2 30 11.83 26.05 1.147852 2021-06-21 17:54:46.037410 3 20 Niels 202.55906
0 48 15.29 27.34 0.879383 2021-06-21 17:54:46.916793 1 90 Cecile 203.438443
1 111 22.86 27.34 0.78576 2021-06-21 17:54:47.702553 2 14 MattiaCosmicWatch 204.224203
2 31 12.01 26.05 0.031783 2021-06-21 17:54:47.734336 3 21 Niels 204.255986
0 448 112.41 27.34 0.968516 2021-06-21 17:54:48.702852 1 91 Cecile 205.224502
2 127 24.18 26.05 1.085061 2021-06-21 17:54:49.787913 4 22 Niels 206.309563
1 76 19.69 27.34 0.018545 2021-06-21 17:54:49.806458 3 15 MattiaCosmicWatch 206.328108
0 192 32.67 27.34 0.980985 2021-06-21 17:54:50.787443 1 92 Cecile 207.309093
2 48 15.29 26.05 2.664857 2021-06-21 17:54:53.452300 5 23 Niels 209.97395
1 61 17.60 27.34 0.073419 2021-06-21 17:54:53.525719 4 16 MattiaCosmicWatch 210.047369
1 423 97.36 27.34 0.441029 2021-06-21 17:54:53.966748 4 17 MattiaCosmicWatch 210.488398
0 207 35.26 27.34 0.485717 2021-06-21 17:54:54.452465 1 93 Cecile 210.974115
0 127 24.18 27.34 1.119344 2021-06-21 17:54:55.571809 1 94 Cecile 212.093459
0 172 29.49 27.34 1.782146 2021-06-21 17:54:57.353955 1 95 Cecile 213.875605
1 48 15.29 27.34 4.411747 2021-06-21 17:55:01.765702 4 18 MattiaCosmicWatch 218.287352
2 49 15.48 26.05 0.30339 2021-06-21 17:55:02.069092 5 24 Niels 218.590742
0 224 38.29 27.34 0.696925 2021-06-21 17:55:02.766017 1 96 Cecile 219.287667
2 192 32.67 26.05 2.86006 2021-06-21 17:55:05.626077 5 25 Niels 222.147727
0 255 43.96 27.34 0.929035 2021-06-21 17:55:06.555112 1 97 Cecile 223.076762
2 44 14.51 26.05 2.460779 2021-06-21 17:55:09.015891 5 26 Niels 225.537541
0 81 20.25 27.34 0.197696 2021-06-21 17:55:09.213587 1 98 Cecile 225.735237
0 39 13.53 27.34 1.549805 2021-06-21 17:55:10.763392 1 99 Cecile 227.285042
1 120 23.58 27.34 2.659232 2021-06-21 17:55:13.422624 4 19 MattiaCosmicWatch 229.944274
0 313 56.02 27.34 0.462838 2021-06-21 17:55:13.885462 1 100 Cecile 230.407112
0 448 112.41 27.34 1.368073 2021-06-21 17:55:15.253535 1 101 Cecile 231.775185
2 33 12.37 26.05 1.630468 2021-06-21 17:55:16.884003 5 27 Niels 233.405653
0 48 15.29 27.34 0.01896 2021-06-21 17:55:16.902963 1 102 Cecile 233.424613
0 158 27.53 27.34 2.254446 2021-06-21 17:55:19.157409 2 103 Cecile 235.679059
0 35 12.75 27.34 3.255391 2021-06-21 17:55:22.412800 2 104 Cecile 238.93445
