# layer adc volt temp timediff time detector_muon_count detector_count detector_name
0 46 14.91 27.34 2.585239 2021-06-21 17:52:42.897437 0 34 Cecile 79.419087
0 79 20.03 27.34 1.470349 2021-06-21 17:52:44.367786 0 35 Cecile 80.889436
0 193 32.84 27.34 1.770683 2021-06-21 17:52:46.138469 0 36 Cecile 82.660119
0 71 19.06 27.34 1.418276 2021-06-21 17:52:47.556745 0 37 Cecile 84.078395
0 198 33.69 27.34 1.332404 2021-06-21 17:52:48.889149 0 38 Cecile 85.410799
2 51 15.86 26.05 0.919739 2021-06-21 17:52:49.808888 1 9 Niels 86.330538
0 31 12.01 27.34 0.667076 2021-06-21 17:52:50.475964 0 39 Cecile 86.997614
2 120 23.58 26.05 0.809261 2021-06-21 17:52:51.285225 1 10 Niels 87.806875
0 103 22.23 27.34 0.818174 2021-06-21 17:52:52.103399 0 40 Cecile 88.625049
0 67 18.51 27.34 6.775336 2021-06-21 17:52:58.878735 0 41 Cecile 95.400385
0 240 41.21 27.34 1.308537 2021-06-21 17:53:00.187272 0 42 Cecile 96.708922
0 147 26.19 27.34 2.977099 2021-06-21 17:53:03.164371 0 43 Cecile 99.686021
0 121 23.66 27.34 1.388459 2021-06-21 17:53:04.552830 0 44 Cecile 101.07448
0 207 35.26 27.34 1.233741 2021-06-21 17:53:05.786571 0 45 Cecile 102.308221
0 33 12.37 27.34 1.733412 2021-06-21 17:53:07.519983 0 46 Cecile 104.041633
2 83 20.46 26.05 2.445051 2021-06-21 17:53:09.965034 1 11 Niels 106.486684
0 163 28.20 27.34 0.294624 2021-06-21 17:53:10.259658 0 47 Cecile 106.781308
0 103 22.23 27.34 1.013335 2021-06-21 17:53:11.272993 0 48 Cecile 107.794643
0 185 31.51 27.34 4.83476 2021-06-21 17:53:16.107753 0 49 Cecile 112.629403
2 38 13.33 26.05 0.540682 2021-06-21 17:53:16.648435 1 12 Niels 113.170085
0 156 27.28 27.34 0.922109 2021-06-21 17:53:17.570544 0 50 Cecile 114.092194
0 30 11.83 27.34 1.309207 2021-06-21 17:53:18.879751 0 51 Cecile 115.401401
0 193 32.84 27.34 3.626495 2021-06-21 17:53:22.506246 0 52 Cecile 119.027896
2 312 55.68 26.05 1.161685 2021-06-21 17:53:23.667931 1 13 Niels 120.189581
0 103 22.23 27.34 0.690317 2021-06-21 17:53:24.358248 0 53 Cecile 120.879898
0 31 12.01 27.34 1.195728 2021-06-21 17:53:25.553976 0 54 Cecile 122.075626
0 30 11.83 27.34 1.112021 2021-06-21 17:53:26.665997 0 55 Cecile 123.187647
1 39 13.53 27.34 0.133086 2021-06-21 17:53:26.799083 1 10 MattiaCosmicWatch 123.320733
0 287 50.23 27.45 1.0002 2021-06-21 17:53:27.799283 0 56 Cecile 124.320933
0 71 19.06 27.34 2.001613 2021-06-21 17:53:29.800896 0 57 Cecile 126.322546
0 48 15.29 27.34 1.075099 2021-06-21 17:53:30.875995 0 58 Cecile 127.397645
0 449 112.05 27.34 1.489511 2021-06-21 17:53:32.365506 0 59 Cecile 128.887156
0 33 12.37 27.34 5.050488 2021-06-21 17:53:37.415994 0 60 Cecile 133.937644
0 236 40.44 27.34 1.05689 2021-06-21 17:53:38.472884 0 61 Cecile 134.994534
0 34 12.56 27.34 3.720427 2021-06-21 17:53:42.193311 0 62 Cecile 138.714961
0 63 17.91 27.34 2.623168 2021-06-21 17:53:44.816479 0 63 Cecile 141.338129
0 49 15.48 27.34 1.623922 2021-06-21 17:53:46.440401 0 64 Cecile 142.962051
0 79 20.03 27.34 2.870438 2021-06-21 17:53:49.310839 0 65 Cecile 145.832489
2 81 20.25 26.05 1.435817 2021-06-21 17:53:50.746656 1 14 Niels 147.268306
1 159 27.66 27.34 0.018216 2021-06-21 17:53:50.764872 1 11 MattiaCosmicWatch 147.286522
0 63 17.91 27.34 0.113727 2021-06-21 17:53:50.878599 0 66 Cecile 147.400249
0 103 22.23 27.34 1.320605 2021-06-21 17:53:52.199204 0 67 Cecile 148.720854
2 335 61.77 26.05 4.306517 2021-06-21 17:53:56.505721 2 15 Niels 153.027371
0 56 16.76 27.34 0.310183 2021-06-21 17:53:56.815904 0 68 Cecile 153.337554
0 89 21.05 27.34 2.298525 2021-06-21 17:53:59.114429 0 69 Cecile 155.636079
0 89 21.05 27.34 1.093441 2021-06-21 17:54:00.207870 0 70 Cecile 156.72952
2 67 18.51 26.05 2.351791 2021-06-21 17:54:02.559661 2 16 Niels 159.081311
0 49 15.48 27.34 0.807883 2021-06-21 17:54:03.367544 0 71 Cecile 159.889194
0 39 13.53 27.34 2.225939 2021-06-21 17:54:05.593483 0 72 Cecile 162.115133
2 38 13.33 26.05 0.958223 2021-06-21 17:54:06.551706 2 17 Niels 163.073356
