# layer adc volt temp timediff time detector_muon_count detector_count detector_name
0 88 20.96 29.92 0.768477 2021-06-19 15:30:36.744217 1 1284 Franko 1644.912223
1 163 28.20 24.34 0.021059 2021-06-19 15:30:36.765276 1 1 rens 1644.933282
2 121 23.66 29.92 0.000178 2021-06-19 15:30:36.765454 1 1 M 1644.93346

0 117 23.34 29.92 0.017874 2021-06-19 15:42:21.084964 3 1819 Franko 2349.25297
1 163 28.20 20.90 0.004138 2021-06-19 15:42:21.089102 2 2 rens 2349.257108
2 99 21.91 29.92 2.611009 2021-06-19 15:42:21.067090 1 1 Noor 2349.235096

0 259 44.69 29.92 0.000149 2021-06-19 17:13:44.451722 6 5925 Franko 7832.619728
1 352 66.89 29.92 2.168555 2021-06-19 17:13:44.429187 2 2 Cecile 7832.597193
2 199 33.86 29.92 0.022229 2021-06-19 17:13:44.451416 2 2 M 7832.619422

0 192 32.67 29.92 4.616659 2021-06-19 17:22:44.939662 7 6325 Franko 8373.107668
1 353 67.64 63.44 0.023115 2021-06-19 17:22:44.962777 3 4 rens 8373.130783
2 231 39.55 29.92 0.01144 2021-06-19 17:22:44.974383 3 3 M 8373.142389

0 807 770.01 28.85 0.535872 2021-06-19 19:14:52.451999 10 11129 Franko 15100.620005
1 207 35.26 29.92 0.026094 2021-06-19 19:14:52.478093 3 3 Cecile 15100.646099
2 231 39.55 29.92 0.000176 2021-06-19 19:14:52.478269 4 5 Noor 15100.646275

0 167 28.76 28.31 0.926357 2021-06-19 23:15:15.446820 15 21206 Franko 29523.614826
1 127 24.18 17.25 0.02644 2021-06-19 23:15:15.473260 5 6 rens 29523.641266
2 79 20.03 28.31 0.00018 2021-06-19 23:15:15.473440 5 5 M 29523.641446

0 519 154.30 28.31 0.019998 2021-06-19 23:56:09.439968 16 22908 Franko 31977.607974
1 131 24.54 18.00 0.007563 2021-06-19 23:56:09.447531 6 7 rens 31977.615537
2 207 35.26 28.10 2.172241 2021-06-19 23:56:09.419970 6 6 M 31977.587976

0 126 24.09 26.05 0.000174 2021-06-20 02:23:07.474516 18 28879 Franko 40795.642522
1 49 15.48 -6.49 0.188323 2021-06-20 02:23:07.452199 7 8 rens 40795.620205
2 81 20.25 26.05 0.022143 2021-06-20 02:23:07.474342 8 8 M 40795.642348

0 517 151.05 25.95 0.000168 2021-06-20 02:34:06.142142 20 29304 Franko 41454.310148
1 428 101.58 26.48 1.185627 2021-06-20 02:34:06.115456 4 5 Cecile 41454.283462
2 193 32.84 26.05 0.026518 2021-06-20 02:34:06.141974 9 9 M 41454.30998

0 56 16.76 24.66 0.02012 2021-06-20 03:32:41.311528 21 31701 Franko 44969.479534
1 103 22.23 14.02 0.013729 2021-06-20 03:32:41.325257 8 9 rens 44969.493263
2 99 21.91 24.44 0.504993 2021-06-20 03:32:41.291408 10 10 M 44969.459414

0 719 344.94 29.92 1.778607 2021-06-20 10:47:49.739116 27 46103 Franko 71077.907122
1 224 38.29 36.37 0.027298 2021-06-20 10:47:49.766414 9 10 rens 71077.93442
2 294 51.51 28.31 0.000168 2021-06-20 10:47:49.777163 14 14 M 71077.945169

0 369 73.42 29.92 0.000155 2021-06-20 11:15:51.137697 28 47314 Franko 72759.305703
1 441 109.77 29.92 4.102713 2021-06-20 11:15:51.111072 6 8 Cecile 72759.279078
2 179 30.55 28.31 0.026297 2021-06-20 11:15:51.137369 15 15 M 72759.305375

0 135 24.92 29.92 0.000166 2021-06-20 11:47:46.838096 29 48781 Franko 74675.006102
1 185 31.51 26.91 0.744694 2021-06-20 11:47:46.812548 10 12 rens 74674.980554
2 99 21.91 28.31 0.025382 2021-06-20 11:47:46.837930 16 16 M 74675.005936

0 460 119.54 29.92 0.000157 2021-06-20 14:32:35.645703 31 56339 Franko 84563.813709
1 176 30.09 29.92 0.037714 2021-06-20 14:32:35.645204 7 9 Cecile 84563.81321
2 286 49.78 29.38 0.000174 2021-06-20 14:32:35.645378 17 17 M 84563.813384

0 748 436.69 29.92 1.092988 2021-06-20 14:59:47.884358 34 57586 Franko 86196.052364
1 551 164.56 96.63 0.027338 2021-06-20 14:59:47.911696 12 15 rens 86196.079702
2 588 183.26 28.85 0.00017 2021-06-20 14:59:47.923324 18 18 M 86196.09133

0 103 22.23 29.92 3.269513 2021-06-20 15:54:02.823229 36 60058 Franko 89450.991235
1 210 35.78 27.88 0.026308 2021-06-20 15:54:02.849537 6 13 MattiaCosmicWatch 89451.017543
2 140 25.42 29.92 0.012459 2021-06-20 15:54:02.861996 8 11 Noor 89451.030002

0 135 24.92 28.31 0.000169 2021-06-20 18:47:30.062789 40 67645 Franko 99858.230795
1 51 15.86 29.92 0.33682 2021-06-20 18:47:30.037380 9 12 Cecile 99858.205386
2 66 18.36 28.31 0.02524 2021-06-20 18:47:30.062620 19 19 M 99858.230626

0 115 23.18 29.92 0.139182 2021-06-20 19:12:05.840583 41 68688 Franko 101334.008589
1 81 20.25 9.30 0.027387 2021-06-20 19:12:05.867970 14 17 rens 101334.035976
2 60 17.43 28.31 0.012363 2021-06-20 19:12:05.880505 20 20 M 101334.048511

0 348 65.64 29.92 0.118887 2021-06-20 19:23:25.862705 42 69237 Franko 102014.030711
1 268 46.26 29.92 0.027283 2021-06-20 19:23:25.889988 10 13 Cecile 102014.057994
2 120 23.58 28.31 0.000183 2021-06-20 19:23:25.890171 21 21 M 102014.058177

0 473 126.29 28.85 0.022193 2021-06-20 19:40:49.624759 44 70018 Franko 103057.792765
1 83 20.46 9.30 0.007411 2021-06-20 19:40:49.632170 15 18 rens 103057.800176
2 79 20.03 28.31 0.381503 2021-06-20 19:40:49.602566 22 22 M 103057.770572

0 227 38.83 28.74 0.02347 2021-06-20 19:47:13.740962 45 70291 Franko 103441.908968
1 188 32.01 29.92 2.388123 2021-06-20 19:47:13.676691 11 14 Cecile 103441.844697
2 120 23.58 29.38 0.027359 2021-06-20 19:47:13.704050 12 15 Noor 103441.872056

0 334 61.44 28.53 0.518304 2021-06-20 19:49:30.387315 46 70384 Franko 103578.555321
1 70 18.93 6.72 0.028362 2021-06-20 19:49:30.415677 16 20 rens 103578.583683
2 113 23.02 28.31 0.000163 2021-06-20 19:49:30.416015 23 24 M 103578.584021

0 384 80.08 28.53 1.418343 2021-06-20 20:04:08.354112 47 71047 Franko 104456.522118
1 51 15.86 2.53 0.028452 2021-06-20 20:04:08.382564 17 21 rens 104456.55057
2 71 19.06 28.31 0.000187 2021-06-20 20:04:08.382751 24 25 M 104456.550757

0 286 49.78 29.06 0.000178 2021-06-20 20:54:49.173136 50 73285 Franko 107497.341142
1 355 68.30 27.67 0.450513 2021-06-20 20:54:49.133103 8 17 MattiaCosmicWatch 107497.301109
2 217 37.04 28.31 0.039855 2021-06-20 20:54:49.172958 25 26 M 107497.340964

0 184 31.36 28.31 0.02528 2021-06-20 22:21:23.623590 54 76881 Franko 112691.791596
1 99 21.91 12.20 0.00319 2021-06-20 22:21:23.626780 18 23 rens 112691.794786
2 49 15.48 28.31 4.123674 2021-06-20 22:21:23.598310 15 18 Noor 112691.766316

0 504 143.61 24.44 0.002351 2021-06-21 03:48:40.252279 57 89908 Franko 132328.420285
1 167 28.76 27.34 0.003974 2021-06-21 03:48:40.256253 21 27 rens 132328.424259
2 67 18.51 25.30 0.023044 2021-06-21 03:48:40.249928 16 19 Noor 132328.417934

0 103 22.23 24.44 0.932407 2021-06-21 04:12:02.764519 60 90807 Franko 133730.932525
1 240 41.21 40.66 0.028408 2021-06-21 04:12:02.792927 23 29 rens 133730.960933
2 97 21.75 24.44 0.000183 2021-06-21 04:12:02.793110 27 30 M 133730.961116

0 793 551.60 24.34 0.023204 2021-06-21 06:11:14.975533 64 95595 Franko 140883.143539
1 295 51.75 52.80 0.006209 2021-06-21 06:11:14.981742 25 31 rens 140883.149748
2 359 69.86 24.44 1.015767 2021-06-21 06:11:14.952329 30 33 M 140883.120335

0 240 41.21 26.16 0.026291 2021-06-21 08:04:40.457349 66 100264 Franko 147688.625355
1 185 31.51 28.10 0.003332 2021-06-21 08:04:40.460681 26 32 rens 147688.628687
2 385 80.11 26.05 4.003678 2021-06-21 08:04:40.431058 17 20 Noor 147688.599064

0 697 299.81 24.44 2.989968 2021-06-21 09:31:18.716235 70 103794 Franko 152886.884241
1 71 19.06 23.15 0.030518 2021-06-21 09:31:18.746753 11 21 MattiaCosmicWatch 152886.914759
2 142 25.64 24.44 0.008433 2021-06-21 09:31:18.755186 19 22 Noor 152886.923192

