# layer adc volt temp timediff time detector_muon_count detector_count detector_name
0 117 23.34 14.02 10 2021-06-24 19:22:45.264404 0 1 rens 0.316238
-5 31 12.01 27.99 0.136258 2021-06-24 19:22:45.400662 0 1 Franko 0.452496
1 127 24.18 28.31 0.440896 2021-06-24 19:22:45.841558 0 1 Florian 0.893392
2 108 22.63 28.31 0.20869 2021-06-24 19:22:46.050248 0 1 M 1.102082
0 124 23.92 9.30 0.554061 2021-06-24 19:22:46.604309 0 1 Oline 1.656143
1 70 18.93 27.56 0.040709 2021-06-24 19:22:46.645018 0 1 MattiaCosmicWatch 1.696852
0 166 28.62 24.44 0.051816 2021-06-24 19:22:46.696834 0 2 rens 1.748668
0 97 21.75 3.82 0.215809 2021-06-24 19:22:46.912643 0 3 rens 1.964477
5 48 15.29 27.45 0.322471 2021-06-24 19:22:47.235114 0 1 Niels 2.286948
-5 63 17.91 28.20 0.058143 2021-06-24 19:22:47.293257 0 2 Franko 2.345091
1 172 29.49 28.31 0.336202 2021-06-24 19:22:47.629459 0 2 Florian 2.681293
-5 102 22.15 28.31 0.196545 2021-06-24 19:22:47.826004 1 3 Franko 2.877838
-5 217 37.04 28.20 0.03369 2021-06-24 19:22:47.859694 1 4 Franko 2.911528
5 167 28.76 27.34 0.219063 2021-06-24 19:22:48.078757 1 2 Niels 3.130591
2 323 58.48 28.31 0.060288 2021-06-24 19:22:48.139045 0 2 M 3.190879
0 106 22.47 12.20 0.287713 2021-06-24 19:22:48.426758 0 4 rens 3.478592
5 35 12.75 27.34 0.01484 2021-06-24 19:22:48.441598 2 3 Niels 3.493432
1 39 13.53 28.31 0.128024 2021-06-24 19:22:48.569622 0 3 Florian 3.621456
1 451 113.08 29.92 0.624978 2021-06-24 19:22:49.194600 0 1 Cecile 4.246434
2 31 12.01 28.31 0.789079 2021-06-24 19:22:49.983679 1 3 M 5.035513
1 115 23.18 28.31 0.011119 2021-06-24 19:22:49.994798 0 4 Florian 5.046632
5 177 30.25 27.34 0.383822 2021-06-24 19:22:50.378620 3 4 Niels 5.430454
1 34 12.56 28.31 0.363137 2021-06-24 19:22:50.741757 1 5 Florian 5.793591
2 140 25.42 27.34 0.022931 2021-06-24 19:22:50.764688 0 1 Noor 5.816522
0 45 14.71 1.24 0.096118 2021-06-24 19:22:50.860806 1 5 rens 5.91264
1 143 25.74 27.67 0.0462 2021-06-24 19:22:50.907006 1 2 MattiaCosmicWatch 5.95884
-5 33 12.37 28.31 0.027351 2021-06-24 19:22:50.934357 1 5 Franko 5.986191
0 88 20.96 3.50 0.323829 2021-06-24 19:22:51.258186 2 6 rens 6.31002
2 121 23.66 27.34 0.303195 2021-06-24 19:22:51.561381 1 2 Noor 6.613215
5 35 12.75 27.34 0.016707 2021-06-24 19:22:51.578088 3 5 Niels 6.629922
-5 188 32.01 28.31 0.379821 2021-06-24 19:22:51.957909 2 6 Franko 7.009743
1 33 12.37 28.85 0.356885 2021-06-24 19:22:52.314794 0 2 Cecile 7.366628
-5 135 24.92 28.31 0.225868 2021-06-24 19:22:52.540662 2 7 Franko 7.592496
2 30 11.83 27.34 0.33961 2021-06-24 19:22:52.880272 2 3 Noor 7.932106
1 38 13.33 28.31 0.174695 2021-06-24 19:22:53.054967 2 6 Florian 8.106801
5 51 15.86 27.34 0.394755 2021-06-24 19:22:53.449722 4 6 Niels 8.501556
-5 207 35.26 28.31 0.260688 2021-06-24 19:22:53.710410 2 8 Franko 8.762244
0 63 17.91 -2.63 0.015695 2021-06-24 19:22:53.726105 1 2 Oline 8.777939
2 113 23.02 28.31 0.140241 2021-06-24 19:22:53.866346 2 4 M 8.91818
-5 63 17.91 28.20 0.046833 2021-06-24 19:22:53.913179 3 9 Franko 8.965013
1 49 15.48 28.31 0.085003 2021-06-24 19:22:53.998182 2 7 Florian 9.050016
1 95 21.58 28.85 0.03259 2021-06-24 19:22:54.030772 0 3 Cecile 9.082606
1 67 18.51 27.56 0.182121 2021-06-24 19:22:54.212893 1 3 MattiaCosmicWatch 9.264727
0 30 11.83 -2.41 0.822497 2021-06-24 19:22:55.035390 2 7 rens 10.087224
1 204 34.73 27.67 0.260949 2021-06-24 19:22:55.296339 1 4 MattiaCosmicWatch 10.348173
0 83 20.46 2.10 0.135585 2021-06-24 19:22:55.431924 2 8 rens 10.483758
0 120 23.58 9.30 0.167833 2021-06-24 19:22:55.599757 2 3 Oline 10.651591
1 152 26.78 28.31 0.537669 2021-06-24 19:22:56.137426 3 8 Florian 11.18926
1 167 28.76 29.38 0.063918 2021-06-24 19:22:56.201344 0 4 Cecile 11.253178
2 504 143.61 28.10 0.926374 2021-06-24 19:22:57.127718 3 5 M 12.179552
