# layer adc volt temp timediff time detector_muon_count detector_count detector_name
2 174 29.79 27.34 10 2021-06-18 19:25:36.070946 0 1 Florian 0.455705
2 51 15.86 26.05 0.015852 2021-06-18 19:25:36.086798 0 1 CarloCosmicWatch 0.471557
2 185 31.51 26.05 0.064326 2021-06-18 19:25:36.151124 0 2 CarloCosmicWatch 0.535883
2 224 38.29 19.50 0.0997 2021-06-18 19:25:36.250824 0 3 CarloCosmicWatch 0.635583
2 79 20.03 24.44 1.297084 2021-06-18 19:25:37.547908 0 1 M 1.932667
2 88 20.96 27.34 1.319277 2021-06-18 19:25:38.867185 0 2 Florian 3.251944
2 140 25.42 24.44 0.055541 2021-06-18 19:25:38.922726 0 2 M 3.307485
2 435 104.92 27.34 1.21438 2021-06-18 19:25:40.137106 0 3 Florian 4.521865
2 236 40.44 26.05 0.558088 2021-06-18 19:25:40.695194 0 4 CarloCosmicWatch 5.079953
2 636 231.85 27.34 0.630642 2021-06-18 19:25:41.325836 0 4 Florian 5.710595
2 159 27.66 26.05 1.221087 2021-06-18 19:25:42.546923 0 5 CarloCosmicWatch 6.931682
2 60 17.43 27.45 1.946967 2021-06-18 19:25:44.493890 0 5 Florian 8.878649
2 103 22.23 22.72 0.116327 2021-06-18 19:25:44.610217 0 6 CarloCosmicWatch 8.994976
2 159 27.66 27.34 0.180259 2021-06-18 19:25:44.790476 0 6 Florian 9.175235
2 115 23.18 24.44 1.598724 2021-06-18 19:25:46.389200 0 3 M 10.773959
2 156 27.28 26.05 0.599353 2021-06-18 19:25:46.988553 0 7 CarloCosmicWatch 11.373312
2 222 37.96 26.05 0.283696 2021-06-18 19:25:47.272249 0 8 CarloCosmicWatch 11.657008
2 209 35.61 26.05 0.791764 2021-06-18 19:25:48.064013 0 9 CarloCosmicWatch 12.448772
2 110 22.78 24.44 1.552598 2021-06-18 19:25:49.616611 0 4 M 14.00137
2 49 15.48 26.05 0.256715 2021-06-18 19:25:49.873326 0 10 CarloCosmicWatch 14.258085
2 51 15.86 26.05 0.791266 2021-06-18 19:25:50.664592 0 11 CarloCosmicWatch 15.049351
2 304 53.73 27.34 1.077265 2021-06-18 19:25:51.741857 0 7 Florian 16.126616
2 103 22.23 24.44 0.630927 2021-06-18 19:25:52.372784 0 5 M 16.757543
2 63 17.91 27.34 0.078047 2021-06-18 19:25:52.450831 0 8 Florian 16.83559
2 172 29.49 26.05 1.880584 2021-06-18 19:25:54.331415 0 12 CarloCosmicWatch 18.716174
2 364 71.71 24.44 0.352058 2021-06-18 19:25:54.683473 0 6 M 19.068232
2 76 19.69 26.05 0.114015 2021-06-18 19:25:54.797488 0 13 CarloCosmicWatch 19.182247
2 207 35.26 26.05 1.965398 2021-06-18 19:25:56.762886 0 14 CarloCosmicWatch 21.147645
2 131 24.54 24.44 0.027503 2021-06-18 19:25:56.790389 0 7 M 21.175148
2 423 97.36 24.44 0.939743 2021-06-18 19:25:57.730132 0 8 M 22.114891
2 304 53.73 24.44 0.806397 2021-06-18 19:25:58.536529 0 9 M 22.921288
2 271 46.93 24.44 0.478637 2021-06-18 19:25:59.015166 0 10 M 23.399925
2 287 50.23 27.34 0.806701 2021-06-18 19:25:59.821867 0 9 Florian 24.206626
2 83 20.46 26.05 0.819314 2021-06-18 19:26:00.641181 0 15 CarloCosmicWatch 25.02594
2 595 212.63 24.44 0.10248 2021-06-18 19:26:00.743661 0 11 M 25.12842
2 83 20.46 26.05 0.405386 2021-06-18 19:26:01.149047 0 16 CarloCosmicWatch 25.533806
2 96 21.67 24.44 0.296574 2021-06-18 19:26:01.445621 0 12 M 25.83038
2 99 21.91 26.05 0.535885 2021-06-18 19:26:01.981506 0 17 CarloCosmicWatch 26.366265
2 275 47.73 24.44 0.087349 2021-06-18 19:26:02.068855 0 13 M 26.453614
2 376 76.43 24.44 0.136148 2021-06-18 19:26:02.205003 0 14 M 26.589762
2 275 47.73 26.05 0.194681 2021-06-18 19:26:02.399684 0 18 CarloCosmicWatch 26.784443
2 51 15.86 24.44 0.1965 2021-06-18 19:26:02.596184 0 15 M 26.980943
2 255 43.96 26.05 0.022321 2021-06-18 19:26:02.618505 0 19 CarloCosmicWatch 27.003264
2 543 164.77 26.05 1.405416 2021-06-18 19:26:04.023921 0 20 CarloCosmicWatch 28.40868
2 60 17.43 26.05 0.071868 2021-06-18 19:26:04.095789 0 21 CarloCosmicWatch 28.480548
2 92 21.32 27.34 1.056776 2021-06-18 19:26:05.152565 0 10 Florian 29.537324
2 70 18.93 26.05 0.330092 2021-06-18 19:26:05.482657 0 22 CarloCosmicWatch 29.867416
2 127 24.18 24.44 0.09892 2021-06-18 19:26:05.581577 0 16 M 29.966336
2 286 49.78 27.34 0.430212 2021-06-18 19:26:06.011789 0 11 Florian 30.396548
2 284 49.41 24.44 0.811747 2021-06-18 19:26:06.823536 0 17 M 31.208295
2 162 28.06 26.05 0.14101 2021-06-18 19:26:06.964546 0 23 CarloCosmicWatch 31.349305
2 56 16.76 26.05 0.092306 2021-06-18 19:26:07.056852 0 24 CarloCosmicWatch 31.441611
2 51 15.86 27.34 0.032939 2021-06-18 19:26:07.089791 0 12 Florian 31.47455
2 231 39.55 26.05 0.119488 2021-06-18 19:26:07.209279 0 25 CarloCosmicWatch 31.594038
2 48 15.29 26.05 0.811504 2021-06-18 19:26:08.020783 0 26 CarloCosmicWatch 32.405542
2 115 23.18 26.05 0.099932 2021-06-18 19:26:08.120715 0 27 CarloCosmicWatch 32.505474
2 71 19.06 26.05 0.142564 2021-06-18 19:26:08.263279 0 28 CarloCosmicWatch 32.648038
2 63 17.91 26.05 0.399424 2021-06-18 19:26:08.662703 0 29 CarloCosmicWatch 33.047462
2 147 26.19 26.05 0.684101 2021-06-18 19:26:09.346804 0 30 CarloCosmicWatch 33.731563
2 56 16.76 24.44 0.180091 2021-06-18 19:26:09.526895 0 18 M 33.911654
2 103 22.23 27.34 0.399415 2021-06-18 19:26:09.926310 0 13 Florian 34.311069
2 108 22.63 27.34 0.667695 2021-06-18 19:26:10.594005 0 14 Florian 34.978764
2 113 23.02 26.05 0.591703 2021-06-18 19:26:11.185708 0 31 CarloCosmicWatch 35.570467
2 510 148.47 27.34 0.192606 2021-06-18 19:26:11.378314 0 15 Florian 35.763073
2 76 19.69 24.44 0.206949 2021-06-18 19:26:11.585263 0 19 M 35.970022
2 403 88.99 24.44 0.146907 2021-06-18 19:26:11.732170 0 20 M 36.116929
2 280 48.67 24.44 1.405295 2021-06-18 19:26:13.137465 0 21 M 37.522224
2 423 97.36 24.44 0.070893 2021-06-18 19:26:13.208358 0 22 M 37.593117
2 152 26.78 27.34 0.084015 2021-06-18 19:26:13.292373 0 16 Florian 37.677132
2 83 20.46 27.34 2.086634 2021-06-18 19:26:15.379007 0 17 Florian 39.763766
2 158 27.53 26.05 0.072499 2021-06-18 19:26:15.451506 0 32 CarloCosmicWatch 39.836265
2 271 46.93 27.45 1.085205 2021-06-18 19:26:16.536711 0 18 Florian 40.92147
2 287 50.23 26.05 0.079231 2021-06-18 19:26:16.615942 0 33 CarloCosmicWatch 41.000701
2 540 166.11 26.05 0.29553 2021-06-18 19:26:16.911472 0 34 CarloCosmicWatch 41.296231
2 121 23.66 27.34 0.402386 2021-06-18 19:26:17.313858 0 19 Florian 41.698617
2 54 16.41 26.05 0.127795 2021-06-18 19:26:17.441653 0 35 CarloCosmicWatch 41.826412
2 376 76.43 26.05 0.278604 2021-06-18 19:26:17.720257 0 36 CarloCosmicWatch 42.105016
2 142 25.64 26.05 1.096184 2021-06-18 19:26:18.816441 0 37 CarloCosmicWatch 43.2012
2 243 41.74 26.05 0.078502 2021-06-18 19:26:18.894943 0 38 CarloCosmicWatch 43.279702
2 153 26.90 27.34 0.283986 2021-06-18 19:26:19.178929 0 20 Florian 43.563688
2 49 15.48 26.05 0.018055 2021-06-18 19:26:19.196984 0 39 CarloCosmicWatch 43.581743
2 348 65.64 26.05 0.174785 2021-06-18 19:26:19.371769 0 40 CarloCosmicWatch 43.756528
2 75 19.57 24.44 0.687887 2021-06-18 19:26:20.059656 0 23 M 44.444415
2 60 17.43 26.05 1.023134 2021-06-18 19:26:21.082790 0 41 CarloCosmicWatch 45.467549
2 57 16.93 27.34 0.692273 2021-06-18 19:26:21.775063 0 21 Florian 46.159822
2 112 22.94 27.34 0.487988 2021-06-18 19:26:22.263051 0 22 Florian 46.64781
2 79 20.03 26.05 0.361914 2021-06-18 19:26:22.624965 0 42 CarloCosmicWatch 47.009724
2 103 22.23 24.44 2.109322 2021-06-18 19:26:24.734287 0 24 M 49.119046
2 93 21.41 27.34 1.195234 2021-06-18 19:26:25.929521 0 23 Florian 50.31428
2 67 18.51 26.05 0.529326 2021-06-18 19:26:26.458847 0 43 CarloCosmicWatch 50.843606
2 201 34.22 27.34 0.051167 2021-06-18 19:26:26.510014 0 24 Florian 50.894773
2 56 16.76 26.05 0.192481 2021-06-18 19:26:26.702495 0 44 CarloCosmicWatch 51.087254
2 56 16.76 27.34 1.171457 2021-06-18 19:26:27.873952 0 25 Florian 52.258711
2 207 35.26 27.45 0.432455 2021-06-18 19:26:28.306407 0 26 Florian 52.691166
2 71 19.06 24.44 0.295674 2021-06-18 19:26:28.602081 0 25 M 52.98684
2 287 50.23 27.34 0.010625 2021-06-18 19:26:28.612706 0 27 Florian 52.997465
2 142 25.64 26.05 0.016473 2021-06-18 19:26:28.629179 0 45 CarloCosmicWatch 53.013938
2 112 22.94 24.44 1.604388 2021-06-18 19:26:30.233567 0 26 M 54.618326
2 385 80.11 24.44 0.072229 2021-06-18 19:26:30.305796 0 27 M 54.690555
2 113 23.02 27.34 0.279706 2021-06-18 19:26:30.585502 0 28 Florian 54.970261
2 48 15.29 24.44 0.087006 2021-06-18 19:26:30.672508 0 28 M 55.057267
2 79 20.03 24.44 0.235147 2021-06-18 19:26:30.907655 0 29 M 55.292414
2 50 15.67 27.34 0.082323 2021-06-18 19:26:30.989978 0 29 Florian 55.374737
2 255 43.96 26.05 0.137594 2021-06-18 19:26:31.127572 0 46 CarloCosmicWatch 55.512331
2 120 23.58 24.44 0.461111 2021-06-18 19:26:31.588683 0 30 M 55.973442
2 481 129.57 24.44 1.543234 2021-06-18 19:26:33.131917 0 31 M 57.516676
2 255 43.96 24.44 0.033774 2021-06-18 19:26:33.165691 0 32 M 57.55045
2 67 18.51 24.44 1.450976 2021-06-18 19:26:34.616667 0 33 M 59.001426
2 287 50.23 26.05 0.350653 2021-06-18 19:26:34.967320 0 47 CarloCosmicWatch 59.352079
2 78 19.92 27.45 0.36562 2021-06-18 19:26:35.332940 0 30 Florian 59.717699
2 48 15.29 27.34 1.712365 2021-06-18 19:26:37.045305 0 31 Florian 61.430064
2 184 31.36 24.44 0.751555 2021-06-18 19:26:37.796860 0 34 M 62.181619
2 220 37.58 26.05 0.650866 2021-06-18 19:26:38.447726 0 48 CarloCosmicWatch 62.832485
2 108 22.63 26.05 0.091396 2021-06-18 19:26:38.539122 0 49 CarloCosmicWatch 62.923881
2 79 20.03 27.34 1.494691 2021-06-18 19:26:40.033813 0 32 Florian 64.418572
2 275 47.73 27.34 0.124553 2021-06-18 19:26:40.158366 0 33 Florian 64.543125
2 243 41.74 24.44 0.72337 2021-06-18 19:26:40.881736 0 35 M 65.266495
2 63 17.91 26.05 0.530612 2021-06-18 19:26:41.412348 0 50 CarloCosmicWatch 65.797107
2 76 19.69 26.05 0.717642 2021-06-18 19:26:42.129990 0 51 CarloCosmicWatch 66.514749
2 313 56.02 26.05 0.089299 2021-06-18 19:26:42.219289 0 52 CarloCosmicWatch 66.604048
2 83 20.46 26.05 1.518996 2021-06-18 19:26:43.738285 0 53 CarloCosmicWatch 68.123044
2 79 20.03 26.05 0.254038 2021-06-18 19:26:43.992323 0 54 CarloCosmicWatch 68.377082
2 152 26.78 26.05 1.480977 2021-06-18 19:26:45.473300 0 55 CarloCosmicWatch 69.858059
2 344 64.67 24.44 1.735891 2021-06-18 19:26:47.209191 0 36 M 71.59395
2 81 20.25 26.05 0.413128 2021-06-18 19:26:47.622319 0 56 CarloCosmicWatch 72.007078
2 255 43.96 27.34 1.105397 2021-06-18 19:26:48.727716 0 34 Florian 73.112475
2 147 26.19 26.05 2.412478 2021-06-18 19:26:51.140194 0 57 CarloCosmicWatch 75.524953
2 57 16.93 24.44 0.828825 2021-06-18 19:26:51.969019 0 37 M 76.353778
2 56 16.76 26.05 0.819889 2021-06-18 19:26:52.788908 0 58 CarloCosmicWatch 77.173667
2 57 16.93 26.05 0.159103 2021-06-18 19:26:52.948011 0 59 CarloCosmicWatch 77.33277
2 73 19.32 26.05 0.11709 2021-06-18 19:26:53.065101 0 60 CarloCosmicWatch 77.44986
2 56 16.76 27.34 0.036592 2021-06-18 19:26:53.101693 0 35 Florian 77.486452
2 419 97.20 26.05 0.287838 2021-06-18 19:26:53.389531 0 61 CarloCosmicWatch 77.77429
2 359 69.86 26.05 0.155272 2021-06-18 19:26:53.544803 0 62 CarloCosmicWatch 77.929562
2 300 52.79 27.34 1.204927 2021-06-18 19:26:54.749730 0 36 Florian 79.134489
2 57 16.93 26.05 0.063182 2021-06-18 19:26:54.812912 0 63 CarloCosmicWatch 79.197671
2 60 17.43 26.05 0.558926 2021-06-18 19:26:55.371838 0 64 CarloCosmicWatch 79.756597
2 56 16.76 26.05 0.18033 2021-06-18 19:26:55.552168 0 65 CarloCosmicWatch 79.936927
2 57 16.93 26.05 1.285643 2021-06-18 19:26:56.837811 0 66 CarloCosmicWatch 81.22257
2 76 19.69 27.34 0.325221 2021-06-18 19:26:57.163032 0 37 Florian 81.547791
2 88 20.96 26.05 0.275617 2021-06-18 19:26:57.438649 0 67 CarloCosmicWatch 81.823408
2 188 32.01 24.44 2.16163 2021-06-18 19:26:59.600279 0 38 M 83.985038
2 57 16.93 26.05 0.420648 2021-06-18 19:27:00.020927 0 68 CarloCosmicWatch 84.405686
2 127 24.18 27.34 0.062616 2021-06-18 19:27:00.083543 0 38 Florian 84.468302
2 94 21.50 27.34 0.033632 2021-06-18 19:27:00.117175 0 39 Florian 84.501934
2 192 32.67 27.34 0.668822 2021-06-18 19:27:00.785997 0 40 Florian 85.170756
2 172 29.49 26.05 0.910335 2021-06-18 19:27:01.696332 0 69 CarloCosmicWatch 86.081091
2 152 26.78 26.05 0.595816 2021-06-18 19:27:02.292148 0 70 CarloCosmicWatch 86.676907
2 56 16.76 26.05 1.273626 2021-06-18 19:27:03.565774 0 71 CarloCosmicWatch 87.950533
2 79 20.03 24.44 0.252397 2021-06-18 19:27:03.818171 0 39 M 88.20293
2 412 92.93 26.05 1.031906 2021-06-18 19:27:04.850077 0 72 CarloCosmicWatch 89.234836
2 335 61.77 24.44 1.588648 2021-06-18 19:27:06.438725 0 40 M 90.823484
2 216 36.85 26.05 0.592002 2021-06-18 19:27:07.030727 0 73 CarloCosmicWatch 91.415486
2 127 24.18 27.34 0.352085 2021-06-18 19:27:07.382812 0 41 Florian 91.767571
2 467 121.56 26.05 0.978561 2021-06-18 19:27:08.361373 0 74 CarloCosmicWatch 92.746132
2 88 20.96 26.05 1.173843 2021-06-18 19:27:09.535216 0 75 CarloCosmicWatch 93.919975
2 120 23.58 27.34 1.06066 2021-06-18 19:27:10.595876 0 42 Florian 94.980635
2 312 55.68 27.34 0.65781 2021-06-18 19:27:11.253686 0 43 Florian 95.638445
2 224 38.29 26.05 0.155865 2021-06-18 19:27:11.409551 0 76 CarloCosmicWatch 95.79431
2 99 21.91 26.05 0.172515 2021-06-18 19:27:11.582066 0 77 CarloCosmicWatch 95.966825
2 51 15.86 26.05 0.186335 2021-06-18 19:27:11.768401 0 78 CarloCosmicWatch 96.15316
2 89 21.05 27.34 1.19959 2021-06-18 19:27:12.967991 0 44 Florian 97.35275
2 252 43.42 24.44 1.097028 2021-06-18 19:27:14.065019 0 41 M 98.449778
2 179 30.55 24.44 0.549945 2021-06-18 19:27:14.614964 0 42 M 98.999723
2 192 32.67 27.34 0.343446 2021-06-18 19:27:14.958410 0 45 Florian 99.343169
2 127 24.18 27.34 0.828089 2021-06-18 19:27:15.786499 0 46 Florian 100.171258
2 355 68.30 26.05 0.173928 2021-06-18 19:27:15.960427 0 79 CarloCosmicWatch 100.345186
2 92 21.32 24.44 0.373921 2021-06-18 19:27:16.334348 0 43 M 100.719107
2 50 15.67 24.44 0.277402 2021-06-18 19:27:16.611750 0 44 M 100.996509
2 158 27.53 25.95 1.8821 2021-06-18 19:27:18.493850 0 80 CarloCosmicWatch 102.878609
2 462 120.87 26.05 0.03361 2021-06-18 19:27:18.527460 0 81 CarloCosmicWatch 102.912219
2 115 23.18 24.44 1.038888 2021-06-18 19:27:19.566348 0 45 M 103.951107
2 63 17.91 27.34 1.628739 2021-06-18 19:27:21.195087 0 47 Florian 105.579846
2 159 27.66 24.44 0.580277 2021-06-18 19:27:21.775364 0 46 M 106.160123
2 96 21.67 26.05 0.157811 2021-06-18 19:27:21.933175 0 82 CarloCosmicWatch 106.317934
2 192 32.67 27.34 0.887607 2021-06-18 19:27:22.820782 0 48 Florian 107.205541
2 344 64.67 26.05 0.338409 2021-06-18 19:27:23.159191 0 83 CarloCosmicWatch 107.54395
2 56 16.76 26.05 1.286632 2021-06-18 19:27:24.445823 0 84 CarloCosmicWatch 108.830582
2 63 17.91 24.44 1.061591 2021-06-18 19:27:25.507414 0 47 M 109.892173
2 48 15.29 26.05 0.5337 2021-06-18 19:27:26.041114 0 85 CarloCosmicWatch 110.425873
2 230 39.39 26.05 0.212045 2021-06-18 19:27:26.253159 0 86 CarloCosmicWatch 110.637918
2 57 16.93 27.34 0.064525 2021-06-18 19:27:26.317684 0 49 Florian 110.702443
2 97 21.75 27.34 0.050629 2021-06-18 19:27:26.368313 0 50 Florian 110.753072
2 140 25.42 27.34 0.599027 2021-06-18 19:27:26.967340 0 51 Florian 111.352099
2 49 15.48 27.34 0.642167 2021-06-18 19:27:27.609507 0 52 Florian 111.994266
2 192 32.67 27.34 1.492752 2021-06-18 19:27:29.102259 0 53 Florian 113.487018
2 220 37.58 24.44 0.132262 2021-06-18 19:27:29.234521 0 48 M 113.61928
2 335 61.77 27.34 0.036549 2021-06-18 19:27:29.271070 0 54 Florian 113.655829
2 414 93.93 24.44 0.869552 2021-06-18 19:27:30.140622 0 49 M 114.525381
2 185 31.51 27.34 0.228976 2021-06-18 19:27:30.369598 0 55 Florian 114.754357
2 66 18.36 27.34 0.170371 2021-06-18 19:27:30.539969 0 56 Florian 114.924728
2 158 27.53 26.05 0.262454 2021-06-18 19:27:30.802423 0 87 CarloCosmicWatch 115.187182
2 67 18.51 24.44 0.532278 2021-06-18 19:27:31.334701 0 50 M 115.71946
2 120 23.58 24.44 0.292033 2021-06-18 19:27:31.626734 0 51 M 116.011493
2 184 31.36 27.34 0.068785 2021-06-18 19:27:31.695519 0 57 Florian 116.080278
2 70 18.93 26.05 1.16518 2021-06-18 19:27:32.860699 0 88 CarloCosmicWatch 117.245458
2 225 38.48 24.44 0.678385 2021-06-18 19:27:33.539084 0 52 M 117.923843
2 71 19.06 26.05 0.856902 2021-06-18 19:27:34.395986 0 89 CarloCosmicWatch 118.780745
2 88 20.96 24.44 0.028376 2021-06-18 19:27:34.424362 0 53 M 118.809121
2 51 15.86 24.44 0.05085 2021-06-18 19:27:34.475212 0 54 M 118.859971
2 112 22.94 27.34 1.401377 2021-06-18 19:27:35.876589 0 58 Florian 120.261348
2 227 38.83 27.34 0.033762 2021-06-18 19:27:35.910351 0 59 Florian 120.29511
2 71 19.06 27.34 0.481028 2021-06-18 19:27:36.391379 0 60 Florian 120.776138
2 240 41.21 24.44 0.52579 2021-06-18 19:27:36.917169 0 55 M 121.301928
2 83 20.46 27.34 0.144366 2021-06-18 19:27:37.061535 0 61 Florian 121.446294
2 152 26.78 26.05 0.427055 2021-06-18 19:27:37.488590 0 90 CarloCosmicWatch 121.873349
2 97 21.75 27.34 0.291739 2021-06-18 19:27:37.780329 0 62 Florian 122.165088
2 268 46.26 24.44 0.226597 2021-06-18 19:27:38.006926 0 56 M 122.391685
2 176 30.09 27.34 1.109388 2021-06-18 19:27:39.116314 0 63 Florian 123.501073
2 318 57.28 26.05 0.257388 2021-06-18 19:27:39.373702 0 91 CarloCosmicWatch 123.758461
2 57 16.93 26.05 0.854972 2021-06-18 19:27:40.228674 0 92 CarloCosmicWatch 124.613433
2 398 85.63 24.44 2.440282 2021-06-18 19:27:42.668956 0 57 M 127.053715
2 286 49.78 26.05 0.147873 2021-06-18 19:27:42.816829 0 93 CarloCosmicWatch 127.201588
2 127 24.18 24.44 0.767087 2021-06-18 19:27:43.583916 0 58 M 127.968675
2 56 16.76 24.44 0.231613 2021-06-18 19:27:43.815529 0 59 M 128.200288
2 185 31.51 26.05 0.201759 2021-06-18 19:27:44.017288 0 94 CarloCosmicWatch 128.402047
2 56 16.76 26.05 0.179317 2021-06-18 19:27:44.196605 0 95 CarloCosmicWatch 128.581364
2 286 49.78 26.05 0.064226 2021-06-18 19:27:44.260831 0 96 CarloCosmicWatch 128.64559
2 177 30.25 26.05 0.11916 2021-06-18 19:27:44.379991 0 97 CarloCosmicWatch 128.76475
2 124 23.92 26.05 0.848025 2021-06-18 19:27:45.228016 0 98 CarloCosmicWatch 129.612775
2 519 154.30 26.05 0.276593 2021-06-18 19:27:45.504609 0 99 CarloCosmicWatch 129.889368
2 81 20.25 26.05 0.152114 2021-06-18 19:27:45.656723 0 100 CarloCosmicWatch 130.041482
2 159 27.66 24.44 0.929174 2021-06-18 19:27:46.585897 0 60 M 130.970656
2 176 30.09 25.95 0.300439 2021-06-18 19:27:46.886336 0 101 CarloCosmicWatch 131.271095
2 71 19.06 27.34 0.932824 2021-06-18 19:27:47.819160 0 64 Florian 132.203919
2 94 21.50 26.05 0.316333 2021-06-18 19:27:48.135493 0 102 CarloCosmicWatch 132.520252
2 152 26.78 24.44 0.032689 2021-06-18 19:27:48.168182 0 61 M 132.552941
2 159 27.66 24.44 1.210313 2021-06-18 19:27:49.378495 0 62 M 133.763254
2 225 38.48 27.45 0.111551 2021-06-18 19:27:49.490046 0 65 Florian 133.874805
2 273 47.25 24.44 0.034935 2021-06-18 19:27:49.524981 0 63 M 133.90974
2 56 16.76 27.34 1.068675 2021-06-18 19:27:50.593656 0 66 Florian 134.978415
2 92 21.32 27.34 0.050971 2021-06-18 19:27:50.644627 0 67 Florian 135.029386
2 96 21.67 24.44 0.436617 2021-06-18 19:27:51.081244 0 64 M 135.466003
2 172 29.49 24.44 0.107517 2021-06-18 19:27:51.188761 0 65 M 135.57352
2 103 22.23 24.44 0.148733 2021-06-18 19:27:51.337494 0 66 M 135.722253
2 255 43.96 24.44 0.565395 2021-06-18 19:27:51.902889 0 67 M 136.287648
2 96 21.67 26.05 0.09346 2021-06-18 19:27:51.996349 0 103 CarloCosmicWatch 136.381108
2 63 17.91 27.34 0.235786 2021-06-18 19:27:52.232135 0 68 Florian 136.616894
2 63 17.91 24.44 0.021921 2021-06-18 19:27:52.254056 0 68 M 136.638815
2 211 35.96 24.44 0.878454 2021-06-18 19:27:53.132510 0 69 M 137.517269
2 83 20.46 24.44 0.033607 2021-06-18 19:27:53.166117 0 70 M 137.550876
2 199 33.86 26.05 1.777584 2021-06-18 19:27:54.943701 0 104 CarloCosmicWatch 139.32846
2 112 22.94 24.44 0.029361 2021-06-18 19:27:54.973062 0 71 M 139.357821
2 94 21.50 27.34 0.919654 2021-06-18 19:27:55.892716 0 69 Florian 140.277475
2 115 23.18 26.05 0.043995 2021-06-18 19:27:55.936711 0 105 CarloCosmicWatch 140.32147
2 167 28.76 24.44 1.416306 2021-06-18 19:27:57.353017 0 72 M 141.737776
2 62 17.75 27.34 0.177165 2021-06-18 19:27:57.530182 0 70 Florian 141.914941
2 172 29.49 27.34 0.38517 2021-06-18 19:27:57.915352 0 71 Florian 142.300111
2 224 38.29 26.05 0.174306 2021-06-18 19:27:58.089658 0 106 CarloCosmicWatch 142.474417
2 96 21.67 26.05 1.236378 2021-06-18 19:27:59.326036 0 107 CarloCosmicWatch 143.710795
2 316 56.81 24.44 0.581261 2021-06-18 19:27:59.907297 0 73 M 144.292056
2 359 69.86 27.34 0.523701 2021-06-18 19:28:00.430998 0 72 Florian 144.815757
2 71 19.06 26.05 0.382333 2021-06-18 19:28:00.813331 0 108 CarloCosmicWatch 145.19809
2 50 15.67 27.34 1.840968 2021-06-18 19:28:02.654299 0 73 Florian 147.039058
2 79 20.03 24.44 0.042594 2021-06-18 19:28:02.696893 0 74 M 147.081652
2 79 20.03 25.73 0.44231 2021-06-18 19:28:03.139203 0 109 CarloCosmicWatch 147.523962
2 252 43.42 26.05 0.66969 2021-06-18 19:28:03.808893 0 110 CarloCosmicWatch 148.193652
2 108 22.63 27.34 0.065977 2021-06-18 19:28:03.874870 0 74 Florian 148.259629
2 224 38.29 26.05 0.443089 2021-06-18 19:28:04.317959 0 111 CarloCosmicWatch 148.702718
2 96 21.67 26.05 0.165666 2021-06-18 19:28:04.483625 0 112 CarloCosmicWatch 148.868384
2 156 27.28 27.34 0.053201 2021-06-18 19:28:04.536826 0 75 Florian 148.921585
2 135 24.92 24.44 0.473189 2021-06-18 19:28:05.010015 0 75 M 149.394774
2 49 15.48 26.05 0.562181 2021-06-18 19:28:05.572196 0 113 CarloCosmicWatch 149.956955
2 96 21.67 26.05 0.033814 2021-06-18 19:28:05.606010 0 114 CarloCosmicWatch 149.990769
2 57 16.93 26.05 1.543832 2021-06-18 19:28:07.149842 0 115 CarloCosmicWatch 151.534601
2 211 35.96 27.34 0.24383 2021-06-18 19:28:07.393672 0 76 Florian 151.778431
2 76 19.69 26.05 1.057849 2021-06-18 19:28:08.451521 0 116 CarloCosmicWatch 152.83628
2 79 20.03 26.05 0.065807 2021-06-18 19:28:08.517328 0 117 CarloCosmicWatch 152.902087
2 259 44.69 26.05 0.572106 2021-06-18 19:28:09.089434 0 118 CarloCosmicWatch 153.474193
2 120 23.58 26.05 0.296756 2021-06-18 19:28:09.386190 0 119 CarloCosmicWatch 153.770949
2 147 26.19 26.05 0.033823 2021-06-18 19:28:09.420013 0 120 CarloCosmicWatch 153.804772
2 48 15.29 27.34 0.38023 2021-06-18 19:28:09.800243 0 77 Florian 154.185002
2 156 27.28 26.05 0.140202 2021-06-18 19:28:09.940445 0 121 CarloCosmicWatch 154.325204
2 152 26.78 24.44 0.029562 2021-06-18 19:28:09.970007 0 76 M 154.354766
2 67 18.51 26.05 0.529149 2021-06-18 19:28:10.499156 0 122 CarloCosmicWatch 154.883915
2 192 32.67 26.05 0.505687 2021-06-18 19:28:11.004843 0 123 CarloCosmicWatch 155.389602
2 243 41.74 26.05 0.160584 2021-06-18 19:28:11.165427 0 124 CarloCosmicWatch 155.550186
2 108 22.63 27.34 0.902615 2021-06-18 19:28:12.068042 0 78 Florian 156.452801
2 115 23.18 24.44 0.124347 2021-06-18 19:28:12.192389 0 77 M 156.577148
2 76 19.69 25.73 0.616537 2021-06-18 19:28:12.808926 0 125 CarloCosmicWatch 157.193685
2 284 49.41 27.34 0.028402 2021-06-18 19:28:12.837328 0 79 Florian 157.222087
2 51 15.86 27.34 0.044548 2021-06-18 19:28:12.881876 0 80 Florian 157.266635
2 103 22.23 26.05 0.315815 2021-06-18 19:28:13.197691 0 126 CarloCosmicWatch 157.58245
2 401 87.91 26.05 0.105287 2021-06-18 19:28:13.302978 0 127 CarloCosmicWatch 157.687737
2 78 19.92 26.05 0.139915 2021-06-18 19:28:13.442893 0 128 CarloCosmicWatch 157.827652
2 83 20.46 27.34 0.249995 2021-06-18 19:28:13.692888 0 81 Florian 158.077647
2 147 26.19 26.05 0.031132 2021-06-18 19:28:13.724020 0 129 CarloCosmicWatch 158.108779
2 89 21.05 24.44 0.771343 2021-06-18 19:28:14.495363 0 78 M 158.880122
2 76 19.69 24.44 0.207386 2021-06-18 19:28:14.702749 0 79 M 159.087508
2 56 16.76 26.05 0.011646 2021-06-18 19:28:14.714395 0 130 CarloCosmicWatch 159.099154
2 193 32.84 27.34 0.689387 2021-06-18 19:28:15.403782 0 82 Florian 159.788541
2 62 17.75 27.34 0.790531 2021-06-18 19:28:16.194313 0 83 Florian 160.579072
2 120 23.58 27.34 0.140037 2021-06-18 19:28:16.334350 0 84 Florian 160.719109
2 127 24.18 24.44 0.628954 2021-06-18 19:28:16.963304 0 80 M 161.348063
2 105 22.39 25.95 0.640618 2021-06-18 19:28:17.603922 0 131 CarloCosmicWatch 161.988681
2 49 15.48 26.05 0.317671 2021-06-18 19:28:17.921593 0 132 CarloCosmicWatch 162.306352
2 89 21.05 27.34 0.028431 2021-06-18 19:28:17.950024 0 85 Florian 162.334783
2 376 76.43 27.34 1.094327 2021-06-18 19:28:19.044351 0 86 Florian 163.42911
2 88 20.96 27.34 0.208017 2021-06-18 19:28:19.252368 0 87 Florian 163.637127
2 120 23.58 24.44 1.332557 2021-06-18 19:28:20.584925 0 81 M 164.969684
2 384 80.08 26.05 0.502825 2021-06-18 19:28:21.087750 0 133 CarloCosmicWatch 165.472509
2 448 112.41 24.44 2.05789 2021-06-18 19:28:23.145640 0 82 M 167.530399
2 143 25.74 26.05 0.363222 2021-06-18 19:28:23.508862 0 134 CarloCosmicWatch 167.893621
2 83 20.46 27.34 0.492771 2021-06-18 19:28:24.001633 0 88 Florian 168.386392
2 230 39.39 26.05 0.399518 2021-06-18 19:28:24.401151 0 135 CarloCosmicWatch 168.78591
2 71 19.06 26.05 0.538698 2021-06-18 19:28:24.939849 0 136 CarloCosmicWatch 169.324608
2 76 19.69 27.34 0.458727 2021-06-18 19:28:25.398576 0 89 Florian 169.783335
2 199 33.86 26.05 0.055671 2021-06-18 19:28:25.454247 0 137 CarloCosmicWatch 169.839006
2 399 87.30 26.05 0.568273 2021-06-18 19:28:26.022520 0 138 CarloCosmicWatch 170.407279
2 153 26.90 26.05 0.718797 2021-06-18 19:28:26.741317 0 139 CarloCosmicWatch 171.126076
2 153 26.90 26.05 0.543265 2021-06-18 19:28:27.284582 0 140 CarloCosmicWatch 171.669341
2 71 19.06 24.44 0.421199 2021-06-18 19:28:27.705781 0 83 M 172.09054
2 158 27.53 26.05 0.476998 2021-06-18 19:28:28.182779 0 141 CarloCosmicWatch 172.567538
2 50 15.67 26.05 0.580599 2021-06-18 19:28:28.763378 0 142 CarloCosmicWatch 173.148137
2 62 17.75 27.34 0.302046 2021-06-18 19:28:29.065424 0 90 Florian 173.450183
2 454 115.28 27.34 0.702588 2021-06-18 19:28:29.768012 0 91 Florian 174.152771
2 504 143.61 24.44 0.130036 2021-06-18 19:28:29.898048 0 84 M 174.282807
2 133 24.73 26.05 0.019251 2021-06-18 19:28:29.917299 0 143 CarloCosmicWatch 174.302058
2 96 21.67 24.44 0.41829 2021-06-18 19:28:30.335589 0 85 M 174.720348
2 211 35.96 26.05 0.256585 2021-06-18 19:28:30.592174 0 144 CarloCosmicWatch 174.976933
2 440 109.25 27.34 0.107658 2021-06-18 19:28:30.699832 0 92 Florian 175.084591
2 99 21.91 26.05 0.714452 2021-06-18 19:28:31.414284 0 145 CarloCosmicWatch 175.799043
2 291 50.97 27.34 0.028431 2021-06-18 19:28:31.442715 0 93 Florian 175.827474
2 49 15.48 27.34 1.309582 2021-06-18 19:28:32.752297 0 94 Florian 177.137056
2 56 16.76 27.34 0.21283 2021-06-18 19:28:32.965127 0 95 Florian 177.349886
2 188 32.01 26.05 0.511122 2021-06-18 19:28:33.476249 0 146 CarloCosmicWatch 177.861008
2 83 20.46 26.27 1.813614 2021-06-18 19:28:35.289863 0 147 CarloCosmicWatch 179.674622
2 467 121.56 26.05 0.119882 2021-06-18 19:28:35.409745 0 148 CarloCosmicWatch 179.794504
2 252 43.42 26.05 0.344982 2021-06-18 19:28:35.754727 0 149 CarloCosmicWatch 180.139486
2 67 18.51 26.05 0.355948 2021-06-18 19:28:36.110675 0 150 CarloCosmicWatch 180.495434
2 63 17.91 24.44 1.836887 2021-06-18 19:28:37.947562 0 86 M 182.332321
2 67 18.51 26.05 0.613581 2021-06-18 19:28:38.561143 0 151 CarloCosmicWatch 182.945902
