# layer adc volt temp timediff time detector_muon_count detector_count detector_name
0 274 47.52 27.34 0.025266 2021-06-18 15:22:55.597923 1 1 M 9.402573
1 572 183.73 27.34 0.00015 2021-06-18 15:22:55.598073 1 1 Florian 9.402723
2 359 69.86 27.13 0.375307 2021-06-18 15:22:55.572657 1 8 CarloCosmicWatch 9.377307

0 143 25.74 27.34 0.027381 2021-06-18 15:23:21.483552 2 2 M 35.288202
1 172 29.49 27.34 0.000143 2021-06-18 15:23:21.483695 5 5 Florian 35.288345
2 207 35.26 27.34 0.792356 2021-06-18 15:23:21.456171 5 29 CarloCosmicWatch 35.260821

0 112 22.94 27.34 1.142541 2021-06-18 15:23:40.467197 3 3 M 54.271847
1 71 19.06 27.45 0.011729 2021-06-18 15:23:40.478926 8 8 Florian 54.283576
2 56 16.76 27.34 0.006393 2021-06-18 15:23:40.485319 8 43 CarloCosmicWatch 54.289969

0 71 19.06 27.34 0.453051 2021-06-18 15:23:43.004707 4 4 M 56.809357
1 127 24.18 27.45 0.010838 2021-06-18 15:23:43.015545 9 9 Florian 56.820195
2 163 28.20 27.34 0.008429 2021-06-18 15:23:43.023974 9 47 CarloCosmicWatch 56.828624

0 71 19.06 27.34 0.027347 2021-06-18 15:23:55.225124 5 5 M 69.029774
1 291 50.97 27.34 0.000142 2021-06-18 15:23:55.225266 10 10 Florian 69.029916
2 312 55.68 27.34 1.313577 2021-06-18 15:23:55.197777 10 58 CarloCosmicWatch 69.002427

0 304 53.73 27.34 2.353161 2021-06-18 15:23:59.846681 6 6 M 73.651331
1 126 24.09 27.34 0.01174 2021-06-18 15:23:59.858421 11 11 Florian 73.663071
2 771 600.02 27.34 0.007442 2021-06-18 15:23:59.865863 11 61 CarloCosmicWatch 73.670513

0 67 18.51 27.34 0.010535 2021-06-18 15:24:06.334080 7 7 M 80.13873
1 79 20.03 27.34 0.570062 2021-06-18 15:24:06.305628 14 14 Florian 80.110278
2 627 249.17 27.34 0.017917 2021-06-18 15:24:06.323545 14 70 CarloCosmicWatch 80.128195

0 112 22.94 27.34 0.007506 2021-06-18 15:24:15.723261 8 8 M 89.527911
1 359 69.86 27.34 3.252079 2021-06-18 15:24:15.696618 15 15 Florian 89.501268
2 63 17.91 27.34 0.019137 2021-06-18 15:24:15.715755 15 73 CarloCosmicWatch 89.520405

0 83 20.46 27.34 3.269258 2021-06-18 15:24:37.230723 9 9 M 111.035373
1 224 38.29 27.34 0.011789 2021-06-18 15:24:37.242512 18 18 Florian 111.047162
2 113 23.02 27.34 0.008151 2021-06-18 15:24:37.250663 18 98 CarloCosmicWatch 111.055313

0 56 16.76 27.34 0.489981 2021-06-18 15:24:50.536069 10 10 M 124.340719
1 60 17.43 27.34 0.012711 2021-06-18 15:24:50.548780 19 19 Florian 124.35343
2 268 46.26 27.34 0.006422 2021-06-18 15:24:50.555202 19 109 CarloCosmicWatch 124.359852

0 112 22.94 27.34 0.262004 2021-06-18 15:24:53.110964 11 11 M 126.915614
1 205 34.91 27.34 0.013963 2021-06-18 15:24:53.124927 20 20 Florian 126.929577
2 103 22.23 27.13 0.023986 2021-06-18 15:24:53.148913 20 112 CarloCosmicWatch 126.953563

0 71 19.06 27.34 1.316858 2021-06-18 15:24:59.305610 12 12 M 133.11026
1 96 21.67 27.34 0.012768 2021-06-18 15:24:59.318378 23 23 Florian 133.123028
2 135 24.92 27.34 0.006372 2021-06-18 15:24:59.324750 23 121 CarloCosmicWatch 133.1294

0 83 20.46 27.34 0.604743 2021-06-18 15:25:03.161570 13 13 M 136.96622
1 51 15.86 27.34 0.012851 2021-06-18 15:25:03.174421 24 24 Florian 136.979071
2 127 24.18 27.34 0.00623 2021-06-18 15:25:03.180651 24 124 CarloCosmicWatch 136.985301

0 96 21.67 27.34 2.220453 2021-06-18 15:25:09.562564 14 14 M 143.367214
1 127 24.18 27.34 0.012576 2021-06-18 15:25:09.575140 25 25 Florian 143.37979
2 281 48.90 27.34 0.007376 2021-06-18 15:25:09.582516 25 130 CarloCosmicWatch 143.387166

0 140 25.42 27.34 0.009498 2021-06-18 15:25:15.947553 15 15 M 149.752203
1 167 28.76 27.34 0.726924 2021-06-18 15:25:15.917887 27 27 Florian 149.722537
2 295 51.75 27.34 0.020168 2021-06-18 15:25:15.938055 27 136 CarloCosmicWatch 149.742705

0 73 19.32 27.34 0.029398 2021-06-18 15:25:22.278929 16 16 M 156.083579
1 135 24.92 27.34 0.000145 2021-06-18 15:25:22.279074 29 29 Florian 156.083724
2 199 33.86 27.34 0.064443 2021-06-18 15:25:22.249531 29 143 CarloCosmicWatch 156.054181

0 51 15.86 27.34 1.635451 2021-06-18 15:25:32.923327 17 17 M 166.727977
1 167 28.76 27.34 0.012825 2021-06-18 15:25:32.936152 30 30 Florian 166.740802
2 240 41.21 27.34 0.008427 2021-06-18 15:25:32.944579 30 150 CarloCosmicWatch 166.749229

0 112 22.94 27.34 0.008565 2021-06-18 15:25:37.862352 18 18 M 171.667002
1 179 30.55 27.34 1.560614 2021-06-18 15:25:37.832644 31 31 Florian 171.637294
2 224 38.29 27.34 0.021143 2021-06-18 15:25:37.853787 31 152 CarloCosmicWatch 171.658437

0 88 20.96 27.34 1.24188 2021-06-18 15:25:39.268213 19 19 M 173.072863
1 93 21.41 27.45 0.012888 2021-06-18 15:25:39.281101 32 32 Florian 173.085751
2 110 22.78 27.34 0.007356 2021-06-18 15:25:39.288457 32 154 CarloCosmicWatch 173.093107

0 515 147.53 27.34 0.029678 2021-06-18 15:25:39.460270 20 20 M 173.26492
1 275 47.73 27.34 0.015612 2021-06-18 15:25:39.475882 33 33 Florian 173.280532
2 195 33.17 27.34 0.142135 2021-06-18 15:25:39.430592 33 155 CarloCosmicWatch 173.235242

0 391 82.35 27.34 0.033588 2021-06-18 15:25:47.526572 21 21 M 181.331222
1 153 26.90 27.34 0.007949 2021-06-18 15:25:47.534521 34 34 Florian 181.339171
2 143 25.74 27.34 0.839705 2021-06-18 15:25:47.492984 34 164 CarloCosmicWatch 181.297634

0 224 38.29 27.34 0.029429 2021-06-18 15:25:56.013505 22 22 M 189.818155
1 287 50.23 27.34 0.000149 2021-06-18 15:25:56.013654 35 35 Florian 189.818304
2 192 32.67 27.34 0.123563 2021-06-18 15:25:55.984076 35 172 CarloCosmicWatch 189.788726

0 76 19.69 27.34 0.514398 2021-06-18 15:26:00.378357 23 23 M 194.183007
1 103 22.23 27.34 0.012823 2021-06-18 15:26:00.391180 36 36 Florian 194.19583
2 176 30.09 27.34 0.008443 2021-06-18 15:26:00.399623 36 175 CarloCosmicWatch 194.204273

0 499 141.24 27.34 0.00859 2021-06-18 15:26:07.125222 24 25 M 200.929872
1 440 109.25 27.34 0.906365 2021-06-18 15:26:07.094507 37 37 Florian 200.899157
2 504 143.61 27.34 0.022125 2021-06-18 15:26:07.116632 37 180 CarloCosmicWatch 200.921282

0 97 21.75 27.34 1.160317 2021-06-18 15:26:08.285539 25 25 M 202.090189
1 67 18.51 27.45 0.013649 2021-06-18 15:26:08.299188 38 38 Florian 202.103838
2 51 15.86 27.34 0.006629 2021-06-18 15:26:08.305817 38 182 CarloCosmicWatch 202.110467

0 295 51.75 27.34 1.20795 2021-06-18 15:26:21.672716 26 26 M 215.477366
1 159 27.66 27.34 0.014912 2021-06-18 15:26:21.687628 40 40 Florian 215.492278
2 142 25.64 27.34 0.00618 2021-06-18 15:26:21.693808 40 194 CarloCosmicWatch 215.498458

0 158 27.53 27.34 0.02954 2021-06-18 15:26:25.081792 27 27 M 218.886442
1 153 26.90 27.45 0.000152 2021-06-18 15:26:25.081944 41 41 Florian 218.886594
2 335 61.77 27.34 0.193503 2021-06-18 15:26:25.052252 41 197 CarloCosmicWatch 218.856902

0 83 20.46 27.13 0.303369 2021-06-18 15:26:27.433276 28 28 M 221.237926
1 231 39.55 27.45 0.013772 2021-06-18 15:26:27.447048 42 42 Florian 221.251698
2 217 37.04 27.34 0.007583 2021-06-18 15:26:27.454631 42 201 CarloCosmicWatch 221.259281

0 142 25.64 27.34 0.02949 2021-06-18 15:26:32.368239 29 29 M 226.172889
1 249 42.85 27.45 0.000159 2021-06-18 15:26:32.368398 43 43 Florian 226.173048
2 220 37.58 27.34 0.979773 2021-06-18 15:26:32.338749 43 203 CarloCosmicWatch 226.143399

0 380 78.12 27.34 0.033835 2021-06-18 15:26:34.086474 30 30 M 227.891124
1 188 32.01 27.45 0.011979 2021-06-18 15:26:34.098453 44 44 Florian 227.903103
2 56 16.76 27.34 1.684241 2021-06-18 15:26:34.052639 44 205 CarloCosmicWatch 227.857289

0 76 19.69 27.34 2.358021 2021-06-18 15:27:00.756291 32 32 M 254.560941
1 172 29.49 27.34 0.013797 2021-06-18 15:27:00.770088 46 46 Florian 254.574738
2 127 24.18 27.34 0.007314 2021-06-18 15:27:00.777402 47 227 CarloCosmicWatch 254.582052

0 112 22.94 27.34 0.030422 2021-06-18 15:27:01.280065 33 33 M 255.084715
1 156 27.28 27.34 0.000217 2021-06-18 15:27:01.280282 47 47 Florian 255.084932
2 195 33.17 27.34 0.472241 2021-06-18 15:27:01.249643 48 228 CarloCosmicWatch 255.054293

0 96 21.67 27.34 0.39859 2021-06-18 15:27:24.472956 34 34 M 278.277606
1 377 76.28 27.34 0.013873 2021-06-18 15:27:24.486829 50 50 Florian 278.291479
2 254 43.77 27.34 0.008385 2021-06-18 15:27:24.495214 51 248 CarloCosmicWatch 278.299864

0 63 17.91 27.34 0.030369 2021-06-18 15:27:25.470970 35 35 M 279.27562
1 105 22.39 27.34 0.00022 2021-06-18 15:27:25.471190 51 51 Florian 279.27584
2 217 37.04 27.34 0.945387 2021-06-18 15:27:25.440601 52 249 CarloCosmicWatch 279.245251

0 238 40.82 27.34 0.030592 2021-06-18 15:27:37.948753 36 36 M 291.753403
1 138 25.22 27.34 0.000151 2021-06-18 15:27:37.948904 52 52 Florian 291.753554
2 220 37.58 27.34 0.789004 2021-06-18 15:27:37.918161 53 257 CarloCosmicWatch 291.722811

0 48 15.29 27.34 1.004942 2021-06-18 15:27:44.691907 37 37 M 298.496557
1 102 22.15 27.34 0.014833 2021-06-18 15:27:44.706740 56 56 Florian 298.51139
2 131 24.54 27.34 0.007394 2021-06-18 15:27:44.714134 57 264 CarloCosmicWatch 298.518784

0 60 17.43 27.34 0.030536 2021-06-18 15:28:20.799018 38 38 M 334.603668
1 143 25.74 27.34 0.000153 2021-06-18 15:28:20.799171 59 59 Florian 334.603821
2 255 43.96 27.34 0.698488 2021-06-18 15:28:20.768482 60 299 CarloCosmicWatch 334.573132

0 97 21.75 27.34 0.030528 2021-06-18 15:28:23.058209 39 39 M 336.862859
1 167 28.76 27.34 0.000159 2021-06-18 15:28:23.058368 61 61 Florian 336.863018
2 211 35.96 27.34 0.30878 2021-06-18 15:28:23.027681 62 304 CarloCosmicWatch 336.832331

0 73 19.32 27.34 0.94527 2021-06-18 15:28:48.320452 40 41 M 362.125102
1 71 19.06 27.34 0.014745 2021-06-18 15:28:48.335197 64 64 Florian 362.139847
2 135 24.92 27.34 0.006531 2021-06-18 15:28:48.341728 65 326 CarloCosmicWatch 362.146378

0 89 21.05 27.34 2.408629 2021-06-18 15:29:03.653904 41 42 M 377.458554
1 63 17.91 27.34 0.014899 2021-06-18 15:29:03.668803 65 65 Florian 377.473453
2 103 22.23 27.34 0.006596 2021-06-18 15:29:03.675399 66 338 CarloCosmicWatch 377.480049

0 224 38.29 27.34 0.345183 2021-06-18 15:29:05.500671 42 43 M 379.305321
1 531 160.62 27.34 0.015971 2021-06-18 15:29:05.516642 66 66 Florian 379.321292
2 291 50.97 27.34 0.007296 2021-06-18 15:29:05.523938 67 342 CarloCosmicWatch 379.328588

0 57 16.93 27.34 0.033678 2021-06-18 15:29:06.906190 43 44 M 380.71084
1 254 43.77 27.34 0.000161 2021-06-18 15:29:06.906351 68 69 Florian 380.711001
2 115 23.18 27.34 0.112914 2021-06-18 15:29:06.872512 69 345 CarloCosmicWatch 380.677162

0 65 18.22 27.34 0.009509 2021-06-18 15:29:17.410129 44 45 M 391.214779
1 96 21.67 27.34 2.184922 2021-06-18 15:29:17.379510 70 70 Florian 391.18416
2 120 23.58 27.34 0.02111 2021-06-18 15:29:17.400620 71 355 CarloCosmicWatch 391.20527

0 67 18.51 27.34 0.029409 2021-06-18 15:29:28.526727 45 46 M 402.331377
1 108 22.63 27.34 0.000153 2021-06-18 15:29:28.526880 72 72 Florian 402.33153
2 99 21.91 27.34 1.047425 2021-06-18 15:29:28.497318 73 363 CarloCosmicWatch 402.301968

0 238 40.82 27.34 0.030539 2021-06-18 15:29:42.064101 46 47 M 415.868751
1 121 23.66 27.34 0.000156 2021-06-18 15:29:42.064257 74 75 Florian 415.868907
2 304 53.73 27.34 3.524479 2021-06-18 15:29:42.033562 75 370 CarloCosmicWatch 415.838212

0 103 22.23 27.34 0.062163 2021-06-18 15:29:52.324559 47 48 M 426.129209
1 486 135.98 27.34 0.015932 2021-06-18 15:29:52.340491 77 77 Florian 426.145141
2 57 16.93 27.34 0.007525 2021-06-18 15:29:52.348016 78 381 CarloCosmicWatch 426.152666

