# layer adc volt temp timediff time detector_muon_count detector_count detector_name
2 103 22.23 27.34 10 2021-06-18 15:22:46.803582 0 1 CarloCosmicWatch 0.608232
2 227 38.83 27.34 1.361857 2021-06-18 15:22:48.165439 0 2 CarloCosmicWatch 1.970089
2 108 22.63 27.34 0.705689 2021-06-18 15:22:48.871128 0 3 CarloCosmicWatch 2.675778
2 115 23.18 27.34 0.508166 2021-06-18 15:22:49.379294 0 4 CarloCosmicWatch 3.183944
2 79 20.03 27.34 1.92188 2021-06-18 15:22:51.301174 0 5 CarloCosmicWatch 5.105824
2 48 15.29 27.34 3.896176 2021-06-18 15:22:55.197350 0 6 CarloCosmicWatch 9.002
2 359 69.86 27.13 0.375307 2021-06-18 15:22:55.572657 0 7 CarloCosmicWatch 9.377307
0 274 47.52 27.34 0.025266 2021-06-18 15:22:55.597923 0 1 M 9.402573
1 572 183.73 27.34 0.00015 2021-06-18 15:22:55.598073 0 1 Florian 9.402723
2 92 21.32 27.34 0.69731 2021-06-18 15:22:56.295383 1 8 CarloCosmicWatch 10.100033
1 96 21.67 27.34 0.04275 2021-06-18 15:22:56.338133 1 2 Florian 10.142783
2 225 38.48 27.13 1.148533 2021-06-18 15:22:57.486666 2 9 CarloCosmicWatch 11.291316
2 83 20.46 27.13 1.543492 2021-06-18 15:22:59.030158 2 10 CarloCosmicWatch 12.834808
2 313 56.02 27.13 0.338267 2021-06-18 15:22:59.368425 2 11 CarloCosmicWatch 13.173075
2 67 18.51 27.34 0.060131 2021-06-18 15:22:59.428556 2 12 CarloCosmicWatch 13.233206
2 96 21.67 27.13 0.710446 2021-06-18 15:23:00.139002 2 13 CarloCosmicWatch 13.943652
2 152 26.78 27.34 0.211528 2021-06-18 15:23:00.350530 2 14 CarloCosmicWatch 14.15518
2 49 15.48 27.13 4.145846 2021-06-18 15:23:04.496376 2 15 CarloCosmicWatch 18.301026
2 287 50.23 27.13 0.439184 2021-06-18 15:23:04.935560 2 16 CarloCosmicWatch 18.74021
2 112 22.94 27.34 2.337232 2021-06-18 15:23:07.272792 2 17 CarloCosmicWatch 21.077442
2 97 21.75 27.34 3.098028 2021-06-18 15:23:10.370820 2 18 CarloCosmicWatch 24.17547
2 240 41.21 27.13 0.060945 2021-06-18 15:23:10.431765 2 19 CarloCosmicWatch 24.236415
2 48 15.29 27.13 1.45421 2021-06-18 15:23:11.885975 2 20 CarloCosmicWatch 25.690625
2 83 20.46 27.34 0.736711 2021-06-18 15:23:12.622686 2 21 CarloCosmicWatch 26.427336
2 188 32.01 27.34 1.237262 2021-06-18 15:23:13.859948 2 22 CarloCosmicWatch 27.664598
2 67 18.51 27.34 0.18632 2021-06-18 15:23:14.046268 2 23 CarloCosmicWatch 27.850918
2 127 24.18 27.34 2.207004 2021-06-18 15:23:16.253272 2 24 CarloCosmicWatch 30.057922
1 70 18.93 27.34 0.027435 2021-06-18 15:23:16.280707 2 3 Florian 30.085357
2 99 21.91 27.34 3.402112 2021-06-18 15:23:19.682819 3 25 CarloCosmicWatch 33.487469
2 177 30.25 27.13 0.872183 2021-06-18 15:23:20.555002 3 26 CarloCosmicWatch 34.359652
2 88 20.96 27.34 0.082398 2021-06-18 15:23:20.637400 3 27 CarloCosmicWatch 34.44205
1 88 20.96 27.45 0.026415 2021-06-18 15:23:20.663815 3 4 Florian 34.468465
2 207 35.26 27.34 0.792356 2021-06-18 15:23:21.456171 4 28 CarloCosmicWatch 35.260821
0 143 25.74 27.34 0.027381 2021-06-18 15:23:21.483552 1 2 M 35.288202
1 172 29.49 27.34 0.000143 2021-06-18 15:23:21.483695 4 5 Florian 35.288345
2 65 18.22 27.34 0.214375 2021-06-18 15:23:21.698070 5 29 CarloCosmicWatch 35.50272
1 88 20.96 27.34 0.721066 2021-06-18 15:23:22.419136 5 6 Florian 36.223786
2 295 51.75 27.34 0.017047 2021-06-18 15:23:22.436183 5 30 CarloCosmicWatch 36.240833
2 76 19.69 27.34 0.444741 2021-06-18 15:23:22.880924 6 31 CarloCosmicWatch 36.685574
2 56 16.76 27.34 1.478807 2021-06-18 15:23:24.359731 6 32 CarloCosmicWatch 38.164381
2 152 26.78 27.34 1.515259 2021-06-18 15:23:25.874990 6 33 CarloCosmicWatch 39.67964
2 415 95.00 27.34 3.527933 2021-06-18 15:23:29.402923 6 34 CarloCosmicWatch 43.207573
2 339 62.98 27.34 2.250222 2021-06-18 15:23:31.653145 6 35 CarloCosmicWatch 45.457795
2 76 19.69 27.34 2.345713 2021-06-18 15:23:33.998858 6 36 CarloCosmicWatch 47.803508
2 62 17.75 27.34 2.400051 2021-06-18 15:23:36.398909 6 37 CarloCosmicWatch 50.203559
2 66 18.36 27.34 1.495182 2021-06-18 15:23:37.894091 6 38 CarloCosmicWatch 51.698741
2 159 27.66 27.34 0.735851 2021-06-18 15:23:38.629942 6 39 CarloCosmicWatch 52.434592
1 67 18.51 27.34 0.027464 2021-06-18 15:23:38.657406 6 7 Florian 52.462056
2 108 22.63 27.34 0.480007 2021-06-18 15:23:39.137413 7 40 CarloCosmicWatch 52.942063
2 63 17.91 27.34 0.187243 2021-06-18 15:23:39.324656 7 41 CarloCosmicWatch 53.129306
0 112 22.94 27.34 1.142541 2021-06-18 15:23:40.467197 2 3 M 54.271847
1 71 19.06 27.45 0.011729 2021-06-18 15:23:40.478926 7 8 Florian 54.283576
2 56 16.76 27.34 0.006393 2021-06-18 15:23:40.485319 7 42 CarloCosmicWatch 54.289969
2 50 15.67 27.34 0.906311 2021-06-18 15:23:41.391630 8 43 CarloCosmicWatch 55.19628
2 568 189.84 27.34 0.965707 2021-06-18 15:23:42.357337 8 44 CarloCosmicWatch 56.161987
2 83 20.46 27.34 0.194319 2021-06-18 15:23:42.551656 8 45 CarloCosmicWatch 56.356306
0 71 19.06 27.34 0.453051 2021-06-18 15:23:43.004707 3 4 M 56.809357
1 127 24.18 27.45 0.010838 2021-06-18 15:23:43.015545 8 9 Florian 56.820195
2 163 28.20 27.34 0.008429 2021-06-18 15:23:43.023974 8 46 CarloCosmicWatch 56.828624
2 63 17.91 27.34 1.229037 2021-06-18 15:23:44.253011 9 47 CarloCosmicWatch 58.057661
2 224 38.29 27.34 0.711562 2021-06-18 15:23:44.964573 9 48 CarloCosmicWatch 58.769223
2 337 62.30 27.34 0.311969 2021-06-18 15:23:45.276542 9 49 CarloCosmicWatch 59.081192
2 67 18.51 27.34 2.655391 2021-06-18 15:23:47.931933 9 50 CarloCosmicWatch 61.736583
2 63 17.91 27.34 0.435775 2021-06-18 15:23:48.367708 9 51 CarloCosmicWatch 62.172358
2 211 35.96 27.34 0.123208 2021-06-18 15:23:48.490916 9 52 CarloCosmicWatch 62.295566
2 492 134.92 27.34 0.766021 2021-06-18 15:23:49.256937 9 53 CarloCosmicWatch 63.061587
2 60 17.43 27.34 0.952162 2021-06-18 15:23:50.209099 9 54 CarloCosmicWatch 64.013749
2 56 16.76 27.34 3.20318 2021-06-18 15:23:53.412279 9 55 CarloCosmicWatch 67.216929
2 89 21.05 27.34 0.471921 2021-06-18 15:23:53.884200 9 56 CarloCosmicWatch 67.68885
2 312 55.68 27.34 1.313577 2021-06-18 15:23:55.197777 9 57 CarloCosmicWatch 69.002427
0 71 19.06 27.34 0.027347 2021-06-18 15:23:55.225124 4 5 M 69.029774
1 291 50.97 27.34 0.000142 2021-06-18 15:23:55.225266 9 10 Florian 69.029916
2 60 17.43 27.34 1.821745 2021-06-18 15:23:57.047011 10 58 CarloCosmicWatch 70.851661
2 211 35.96 27.34 0.446509 2021-06-18 15:23:57.493520 10 59 CarloCosmicWatch 71.29817
0 304 53.73 27.34 2.353161 2021-06-18 15:23:59.846681 5 6 M 73.651331
1 126 24.09 27.34 0.01174 2021-06-18 15:23:59.858421 10 11 Florian 73.663071
2 771 600.02 27.34 0.007442 2021-06-18 15:23:59.865863 10 60 CarloCosmicWatch 73.670513
2 96 21.67 27.34 0.473999 2021-06-18 15:24:00.339862 11 61 CarloCosmicWatch 74.144512
2 83 20.46 27.34 0.033798 2021-06-18 15:24:00.373660 11 62 CarloCosmicWatch 74.17831
2 371 73.82 27.34 1.552989 2021-06-18 15:24:01.926649 11 63 CarloCosmicWatch 75.731299
1 97 21.75 27.34 1.482235 2021-06-18 15:24:03.408884 11 12 Florian 77.213534
2 121 23.66 27.34 0.017995 2021-06-18 15:24:03.426879 11 64 CarloCosmicWatch 77.231529
2 89 21.05 27.34 0.616878 2021-06-18 15:24:04.043757 12 65 CarloCosmicWatch 77.848407
2 76 19.69 27.34 0.095819 2021-06-18 15:24:04.139576 12 66 CarloCosmicWatch 77.944226
1 78 19.92 27.34 0.533967 2021-06-18 15:24:04.673543 12 13 Florian 78.478193
2 120 23.58 27.34 0.018063 2021-06-18 15:24:04.691606 12 67 CarloCosmicWatch 78.496256
2 179 30.55 27.34 1.04396 2021-06-18 15:24:05.735566 13 68 CarloCosmicWatch 79.540216
1 79 20.03 27.34 0.570062 2021-06-18 15:24:06.305628 13 14 Florian 80.110278
2 627 249.17 27.34 0.017917 2021-06-18 15:24:06.323545 13 69 CarloCosmicWatch 80.128195
0 67 18.51 27.34 0.010535 2021-06-18 15:24:06.334080 6 7 M 80.13873
2 255 43.96 27.34 1.519432 2021-06-18 15:24:07.853512 14 70 CarloCosmicWatch 81.658162
2 56 16.76 27.34 4.591027 2021-06-18 15:24:12.444539 14 71 CarloCosmicWatch 86.249189
1 359 69.86 27.34 3.252079 2021-06-18 15:24:15.696618 14 15 Florian 89.501268
2 63 17.91 27.34 0.019137 2021-06-18 15:24:15.715755 14 72 CarloCosmicWatch 89.520405
0 112 22.94 27.34 0.007506 2021-06-18 15:24:15.723261 7 8 M 89.527911
2 241 41.39 27.34 0.792491 2021-06-18 15:24:16.515752 15 73 CarloCosmicWatch 90.320402
2 51 15.86 27.34 0.378608 2021-06-18 15:24:16.894360 15 74 CarloCosmicWatch 90.69901
2 159 27.66 27.34 2.012625 2021-06-18 15:24:18.906985 15 75 CarloCosmicWatch 92.711635
2 57 16.93 27.34 1.232578 2021-06-18 15:24:20.139563 15 76 CarloCosmicWatch 93.944213
2 61 17.60 27.34 0.824143 2021-06-18 15:24:20.963706 15 77 CarloCosmicWatch 94.768356
2 96 21.67 27.34 0.952485 2021-06-18 15:24:21.916191 15 78 CarloCosmicWatch 95.720841
2 440 109.25 27.34 0.261541 2021-06-18 15:24:22.177732 15 79 CarloCosmicWatch 95.982382
2 204 34.73 27.34 0.510893 2021-06-18 15:24:22.688625 15 80 CarloCosmicWatch 96.493275
2 263 45.37 27.34 1.787098 2021-06-18 15:24:24.475723 15 81 CarloCosmicWatch 98.280373
2 60 17.43 27.34 0.310087 2021-06-18 15:24:24.785810 15 82 CarloCosmicWatch 98.59046
2 56 16.76 27.34 0.099049 2021-06-18 15:24:24.884859 15 83 CarloCosmicWatch 98.689509
2 265 45.75 27.34 2.307426 2021-06-18 15:24:27.192285 15 84 CarloCosmicWatch 100.996935
2 248 42.69 27.34 0.521781 2021-06-18 15:24:27.714066 15 85 CarloCosmicWatch 101.518716
1 134 24.82 27.34 0.028478 2021-06-18 15:24:27.742544 15 16 Florian 101.547194
2 156 27.28 27.34 1.133334 2021-06-18 15:24:28.875878 16 86 CarloCosmicWatch 102.680528
2 152 26.78 27.34 0.188213 2021-06-18 15:24:29.064091 16 87 CarloCosmicWatch 102.868741
2 192 32.67 27.34 0.237872 2021-06-18 15:24:29.301963 16 88 CarloCosmicWatch 103.106613
1 193 32.84 27.34 0.028544 2021-06-18 15:24:29.330507 16 17 Florian 103.135157
2 63 17.91 27.34 1.039635 2021-06-18 15:24:30.370142 17 89 CarloCosmicWatch 104.174792
2 56 16.76 27.34 0.233746 2021-06-18 15:24:30.603888 17 90 CarloCosmicWatch 104.408538
2 51 15.86 27.34 1.633992 2021-06-18 15:24:32.237880 17 91 CarloCosmicWatch 106.04253
2 49 15.48 27.34 0.083483 2021-06-18 15:24:32.321363 17 92 CarloCosmicWatch 106.126013
2 56 16.76 27.34 0.033827 2021-06-18 15:24:32.355190 17 93 CarloCosmicWatch 106.15984
2 71 19.06 27.34 0.254955 2021-06-18 15:24:32.610145 17 94 CarloCosmicWatch 106.414795
2 60 17.43 27.34 0.813555 2021-06-18 15:24:33.423700 17 95 CarloCosmicWatch 107.22835
2 312 55.68 27.34 0.537765 2021-06-18 15:24:33.961465 17 96 CarloCosmicWatch 107.766115
0 83 20.46 27.34 3.269258 2021-06-18 15:24:37.230723 8 9 M 111.035373
1 224 38.29 27.34 0.011789 2021-06-18 15:24:37.242512 17 18 Florian 111.047162
2 113 23.02 27.34 0.008151 2021-06-18 15:24:37.250663 17 97 CarloCosmicWatch 111.055313
2 103 22.23 27.34 1.737345 2021-06-18 15:24:38.988008 18 98 CarloCosmicWatch 112.792658
2 76 19.69 27.34 0.570825 2021-06-18 15:24:39.558833 18 99 CarloCosmicWatch 113.363483
2 147 26.19 27.34 1.730815 2021-06-18 15:24:41.289648 18 100 CarloCosmicWatch 115.094298
2 463 119.23 27.13 3.670571 2021-06-18 15:24:44.960219 18 101 CarloCosmicWatch 118.764869
2 115 23.18 27.34 0.558846 2021-06-18 15:24:45.519065 18 102 CarloCosmicWatch 119.323715
2 112 22.94 27.34 0.033733 2021-06-18 15:24:45.552798 18 103 CarloCosmicWatch 119.357448
2 444 109.09 27.34 1.111793 2021-06-18 15:24:46.664591 18 104 CarloCosmicWatch 120.469241
2 472 125.87 27.34 1.319315 2021-06-18 15:24:47.983906 18 105 CarloCosmicWatch 121.788556
2 57 16.93 27.34 0.426562 2021-06-18 15:24:48.410468 18 106 CarloCosmicWatch 122.215118
2 51 15.86 27.34 1.63562 2021-06-18 15:24:50.046088 18 107 CarloCosmicWatch 123.850738
0 56 16.76 27.34 0.489981 2021-06-18 15:24:50.536069 9 10 M 124.340719
1 60 17.43 27.34 0.012711 2021-06-18 15:24:50.548780 18 19 Florian 124.35343
2 268 46.26 27.34 0.006422 2021-06-18 15:24:50.555202 18 108 CarloCosmicWatch 124.359852
2 98 21.83 27.34 0.373109 2021-06-18 15:24:50.928311 19 109 CarloCosmicWatch 124.732961
2 159 27.66 27.34 1.920649 2021-06-18 15:24:52.848960 19 110 CarloCosmicWatch 126.65361
0 112 22.94 27.34 0.262004 2021-06-18 15:24:53.110964 10 11 M 126.915614
1 205 34.91 27.34 0.013963 2021-06-18 15:24:53.124927 19 20 Florian 126.929577
2 103 22.23 27.13 0.023986 2021-06-18 15:24:53.148913 19 111 CarloCosmicWatch 126.953563
2 67 18.51 27.34 0.365658 2021-06-18 15:24:53.514571 20 112 CarloCosmicWatch 127.319221
1 79 20.03 27.34 0.062497 2021-06-18 15:24:53.577068 20 21 Florian 127.381718
2 316 56.81 27.34 0.018991 2021-06-18 15:24:53.596059 20 113 CarloCosmicWatch 127.400709
2 423 97.36 27.13 0.489322 2021-06-18 15:24:54.085381 21 114 CarloCosmicWatch 127.890031
2 79 20.03 27.34 1.18345 2021-06-18 15:24:55.268831 21 115 CarloCosmicWatch 129.073481
2 159 27.66 27.34 0.618003 2021-06-18 15:24:55.886834 21 116 CarloCosmicWatch 129.691484
2 126 24.09 27.34 0.087449 2021-06-18 15:24:55.974283 21 117 CarloCosmicWatch 129.778933
2 512 144.44 27.24 1.837905 2021-06-18 15:24:57.812188 21 118 CarloCosmicWatch 131.616838
1 199 33.86 27.34 0.030453 2021-06-18 15:24:57.842641 21 22 Florian 131.647291
2 177 30.25 27.34 0.146111 2021-06-18 15:24:57.988752 22 119 CarloCosmicWatch 131.793402
0 71 19.06 27.34 1.316858 2021-06-18 15:24:59.305610 11 12 M 133.11026
1 96 21.67 27.34 0.012768 2021-06-18 15:24:59.318378 22 23 Florian 133.123028
2 135 24.92 27.34 0.006372 2021-06-18 15:24:59.324750 22 120 CarloCosmicWatch 133.1294
2 415 95.00 27.34 0.115799 2021-06-18 15:24:59.440549 23 121 CarloCosmicWatch 133.245199
2 76 19.69 27.34 3.116278 2021-06-18 15:25:02.556827 23 122 CarloCosmicWatch 136.361477
0 83 20.46 27.34 0.604743 2021-06-18 15:25:03.161570 12 13 M 136.96622
1 51 15.86 27.34 0.012851 2021-06-18 15:25:03.174421 23 24 Florian 136.979071
2 127 24.18 27.34 0.00623 2021-06-18 15:25:03.180651 23 123 CarloCosmicWatch 136.985301
2 83 20.46 27.34 1.653177 2021-06-18 15:25:04.833828 24 124 CarloCosmicWatch 138.638478
2 51 15.86 27.34 0.228741 2021-06-18 15:25:05.062569 24 125 CarloCosmicWatch 138.867219
2 207 35.26 27.13 0.090689 2021-06-18 15:25:05.153258 24 126 CarloCosmicWatch 138.957908
2 131 24.54 27.34 0.507913 2021-06-18 15:25:05.661171 24 127 CarloCosmicWatch 139.465821
2 49 15.48 27.34 1.68094 2021-06-18 15:25:07.342111 24 128 CarloCosmicWatch 141.146761
0 96 21.67 27.34 2.220453 2021-06-18 15:25:09.562564 13 14 M 143.367214
1 127 24.18 27.34 0.012576 2021-06-18 15:25:09.575140 24 25 Florian 143.37979
2 281 48.90 27.34 0.007376 2021-06-18 15:25:09.582516 24 129 CarloCosmicWatch 143.387166
2 88 20.96 27.34 1.241676 2021-06-18 15:25:10.824192 25 130 CarloCosmicWatch 144.628842
2 88 20.96 27.34 0.39156 2021-06-18 15:25:11.215752 25 131 CarloCosmicWatch 145.020402
2 448 112.41 27.34 0.619996 2021-06-18 15:25:11.835748 25 132 CarloCosmicWatch 145.640398
1 108 22.63 27.34 0.177264 2021-06-18 15:25:12.013012 25 26 Florian 145.817662
2 156 27.28 27.34 0.020201 2021-06-18 15:25:12.033213 25 133 CarloCosmicWatch 145.837863
2 352 66.89 27.34 3.15775 2021-06-18 15:25:15.190963 26 134 CarloCosmicWatch 148.995613
1 167 28.76 27.34 0.726924 2021-06-18 15:25:15.917887 26 27 Florian 149.722537
2 295 51.75 27.34 0.020168 2021-06-18 15:25:15.938055 26 135 CarloCosmicWatch 149.742705
0 140 25.42 27.34 0.009498 2021-06-18 15:25:15.947553 14 15 M 149.752203
2 57 16.93 27.34 0.124702 2021-06-18 15:25:16.072255 27 136 CarloCosmicWatch 149.876905
2 120 23.58 27.34 0.362653 2021-06-18 15:25:16.434908 27 137 CarloCosmicWatch 150.239558
2 51 15.86 27.34 0.276001 2021-06-18 15:25:16.710909 27 138 CarloCosmicWatch 150.515559
1 108 22.63 27.34 2.923814 2021-06-18 15:25:19.634723 27 28 Florian 153.439373
2 242 41.58 27.34 0.020171 2021-06-18 15:25:19.654894 27 139 CarloCosmicWatch 153.459544
2 312 55.68 27.34 2.10859 2021-06-18 15:25:21.763484 28 140 CarloCosmicWatch 155.568134
2 415 95.00 27.34 0.421604 2021-06-18 15:25:22.185088 28 141 CarloCosmicWatch 155.989738
2 199 33.86 27.34 0.064443 2021-06-18 15:25:22.249531 28 142 CarloCosmicWatch 156.054181
0 73 19.32 27.34 0.029398 2021-06-18 15:25:22.278929 15 16 M 156.083579
1 135 24.92 27.34 0.000145 2021-06-18 15:25:22.279074 28 29 Florian 156.083724
2 57 16.93 27.34 3.728227 2021-06-18 15:25:26.007301 29 143 CarloCosmicWatch 159.811951
2 92 21.32 27.34 1.086134 2021-06-18 15:25:27.093435 29 144 CarloCosmicWatch 160.898085
2 57 16.93 27.34 0.25495 2021-06-18 15:25:27.348385 29 145 CarloCosmicWatch 161.153035
2 369 73.42 27.34 2.27336 2021-06-18 15:25:29.621745 29 146 CarloCosmicWatch 163.426395
2 56 16.76 27.34 0.751614 2021-06-18 15:25:30.373359 29 147 CarloCosmicWatch 164.178009
2 88 20.96 27.34 0.914517 2021-06-18 15:25:31.287876 29 148 CarloCosmicWatch 165.092526
0 51 15.86 27.34 1.635451 2021-06-18 15:25:32.923327 16 17 M 166.727977
1 167 28.76 27.34 0.012825 2021-06-18 15:25:32.936152 29 30 Florian 166.740802
2 240 41.21 27.34 0.008427 2021-06-18 15:25:32.944579 29 149 CarloCosmicWatch 166.749229
2 96 21.67 27.34 3.327451 2021-06-18 15:25:36.272030 30 150 CarloCosmicWatch 170.07668
1 179 30.55 27.34 1.560614 2021-06-18 15:25:37.832644 30 31 Florian 171.637294
2 224 38.29 27.34 0.021143 2021-06-18 15:25:37.853787 30 151 CarloCosmicWatch 171.658437
0 112 22.94 27.34 0.008565 2021-06-18 15:25:37.862352 17 18 M 171.667002
2 56 16.76 27.34 0.163981 2021-06-18 15:25:38.026333 31 152 CarloCosmicWatch 171.830983
0 88 20.96 27.34 1.24188 2021-06-18 15:25:39.268213 18 19 M 173.072863
1 93 21.41 27.45 0.012888 2021-06-18 15:25:39.281101 31 32 Florian 173.085751
2 110 22.78 27.34 0.007356 2021-06-18 15:25:39.288457 31 153 CarloCosmicWatch 173.093107
2 195 33.17 27.34 0.142135 2021-06-18 15:25:39.430592 32 154 CarloCosmicWatch 173.235242
0 515 147.53 27.34 0.029678 2021-06-18 15:25:39.460270 19 20 M 173.26492
1 275 47.73 27.34 0.015612 2021-06-18 15:25:39.475882 32 33 Florian 173.280532
2 391 82.35 27.34 1.014919 2021-06-18 15:25:40.490801 33 155 CarloCosmicWatch 174.295451
2 78 19.92 27.34 0.951189 2021-06-18 15:25:41.441990 33 156 CarloCosmicWatch 175.24664
2 79 20.03 27.34 0.975963 2021-06-18 15:25:42.417953 33 157 CarloCosmicWatch 176.222603
2 505 145.23 27.34 0.421586 2021-06-18 15:25:42.839539 33 158 CarloCosmicWatch 176.644189
2 57 16.93 27.34 2.227948 2021-06-18 15:25:45.067487 33 159 CarloCosmicWatch 178.872137
2 51 15.86 27.34 0.278526 2021-06-18 15:25:45.346013 33 160 CarloCosmicWatch 179.150663
2 50 15.67 27.34 1.307266 2021-06-18 15:25:46.653279 33 161 CarloCosmicWatch 180.457929
2 143 25.74 27.34 0.839705 2021-06-18 15:25:47.492984 33 162 CarloCosmicWatch 181.297634
0 391 82.35 27.34 0.033588 2021-06-18 15:25:47.526572 20 21 M 181.331222
1 153 26.90 27.34 0.007949 2021-06-18 15:25:47.534521 33 34 Florian 181.339171
2 316 56.81 27.34 0.00733 2021-06-18 15:25:47.541851 34 163 CarloCosmicWatch 181.346501
2 163 28.20 27.34 0.745735 2021-06-18 15:25:48.287586 34 164 CarloCosmicWatch 182.092236
2 140 25.42 27.34 0.931376 2021-06-18 15:25:49.218962 34 165 CarloCosmicWatch 183.023612
2 63 17.91 27.34 2.795938 2021-06-18 15:25:52.014900 34 166 CarloCosmicWatch 185.81955
2 57 16.93 27.34 0.659034 2021-06-18 15:25:52.673934 34 167 CarloCosmicWatch 186.478584
2 166 28.62 27.34 2.280759 2021-06-18 15:25:54.954693 34 168 CarloCosmicWatch 188.759343
2 57 16.93 27.34 0.2479 2021-06-18 15:25:55.202593 34 169 CarloCosmicWatch 189.007243
2 50 15.67 27.34 0.65792 2021-06-18 15:25:55.860513 34 170 CarloCosmicWatch 189.665163
2 192 32.67 27.34 0.123563 2021-06-18 15:25:55.984076 34 171 CarloCosmicWatch 189.788726
0 224 38.29 27.34 0.029429 2021-06-18 15:25:56.013505 21 22 M 189.818155
1 287 50.23 27.34 0.000149 2021-06-18 15:25:56.013654 34 35 Florian 189.818304
2 127 24.18 27.34 3.686505 2021-06-18 15:25:59.700159 35 172 CarloCosmicWatch 193.504809
2 259 44.69 27.34 0.1638 2021-06-18 15:25:59.863959 35 173 CarloCosmicWatch 193.668609
0 76 19.69 27.34 0.514398 2021-06-18 15:26:00.378357 22 23 M 194.183007
1 103 22.23 27.34 0.012823 2021-06-18 15:26:00.391180 35 36 Florian 194.19583
2 176 30.09 27.34 0.008443 2021-06-18 15:26:00.399623 35 174 CarloCosmicWatch 194.204273
2 156 27.28 27.34 0.153734 2021-06-18 15:26:00.553357 36 175 CarloCosmicWatch 194.358007
2 226 38.63 27.34 2.168594 2021-06-18 15:26:02.721951 36 176 CarloCosmicWatch 196.526601
2 252 43.42 27.34 1.77511 2021-06-18 15:26:04.497061 36 177 CarloCosmicWatch 198.301711
2 88 20.96 27.34 1.266839 2021-06-18 15:26:05.763900 36 178 CarloCosmicWatch 199.56855
2 76 19.69 27.34 0.424242 2021-06-18 15:26:06.188142 36 179 CarloCosmicWatch 199.992792
1 440 109.25 27.34 0.906365 2021-06-18 15:26:07.094507 36 37 Florian 200.899157
2 504 143.61 27.34 0.022125 2021-06-18 15:26:07.116632 36 180 CarloCosmicWatch 200.921282
0 499 141.24 27.34 0.00859 2021-06-18 15:26:07.125222 23 24 M 200.929872
0 97 21.75 27.34 1.160317 2021-06-18 15:26:08.285539 24 25 M 202.090189
1 67 18.51 27.45 0.013649 2021-06-18 15:26:08.299188 37 38 Florian 202.103838
2 51 15.86 27.34 0.006629 2021-06-18 15:26:08.305817 37 181 CarloCosmicWatch 202.110467
2 76 19.69 27.34 1.702454 2021-06-18 15:26:10.008271 38 182 CarloCosmicWatch 203.812921
2 63 17.91 27.34 0.748067 2021-06-18 15:26:10.756338 38 183 CarloCosmicWatch 204.560988
2 211 35.96 27.34 1.355041 2021-06-18 15:26:12.111379 38 184 CarloCosmicWatch 205.916029
2 60 17.43 27.34 0.548654 2021-06-18 15:26:12.660033 38 185 CarloCosmicWatch 206.464683
2 102 22.15 27.34 1.916372 2021-06-18 15:26:14.576405 38 186 CarloCosmicWatch 208.381055
2 255 43.96 27.34 0.501087 2021-06-18 15:26:15.077492 38 187 CarloCosmicWatch 208.882142
1 62 17.75 27.34 0.029575 2021-06-18 15:26:15.107067 38 39 Florian 208.911717
2 172 29.49 27.34 2.739753 2021-06-18 15:26:17.846820 39 188 CarloCosmicWatch 211.65147
2 193 32.84 27.34 0.139371 2021-06-18 15:26:17.986191 39 189 CarloCosmicWatch 211.790841
2 399 87.30 27.34 1.705641 2021-06-18 15:26:19.691832 39 190 CarloCosmicWatch 213.496482
2 73 19.32 27.34 0.739129 2021-06-18 15:26:20.430961 39 191 CarloCosmicWatch 214.235611
2 140 25.42 27.34 0.033805 2021-06-18 15:26:20.464766 39 192 CarloCosmicWatch 214.269416
0 295 51.75 27.34 1.20795 2021-06-18 15:26:21.672716 25 26 M 215.477366
1 159 27.66 27.34 0.014912 2021-06-18 15:26:21.687628 39 40 Florian 215.492278
2 142 25.64 27.34 0.00618 2021-06-18 15:26:21.693808 39 193 CarloCosmicWatch 215.498458
2 51 15.86 27.34 2.947274 2021-06-18 15:26:24.641082 40 194 CarloCosmicWatch 218.445732
2 56 16.76 27.34 0.217667 2021-06-18 15:26:24.858749 40 195 CarloCosmicWatch 218.663399
2 335 61.77 27.34 0.193503 2021-06-18 15:26:25.052252 40 196 CarloCosmicWatch 218.856902
0 158 27.53 27.34 0.02954 2021-06-18 15:26:25.081792 26 27 M 218.886442
1 153 26.90 27.45 0.000152 2021-06-18 15:26:25.081944 40 41 Florian 218.886594
2 124 23.92 27.34 1.131189 2021-06-18 15:26:26.213133 41 197 CarloCosmicWatch 220.017783
2 57 16.93 27.34 0.279274 2021-06-18 15:26:26.492407 41 198 CarloCosmicWatch 220.297057
2 56 16.76 27.34 0.6375 2021-06-18 15:26:27.129907 41 199 CarloCosmicWatch 220.934557
0 83 20.46 27.13 0.303369 2021-06-18 15:26:27.433276 27 28 M 221.237926
1 231 39.55 27.45 0.013772 2021-06-18 15:26:27.447048 41 42 Florian 221.251698
2 217 37.04 27.34 0.007583 2021-06-18 15:26:27.454631 41 200 CarloCosmicWatch 221.259281
2 120 23.58 27.34 3.904345 2021-06-18 15:26:31.358976 42 201 CarloCosmicWatch 225.163626
2 220 37.58 27.34 0.979773 2021-06-18 15:26:32.338749 42 202 CarloCosmicWatch 226.143399
0 142 25.64 27.34 0.02949 2021-06-18 15:26:32.368239 28 29 M 226.172889
1 249 42.85 27.45 0.000159 2021-06-18 15:26:32.368398 42 43 Florian 226.173048
2 56 16.76 27.34 1.684241 2021-06-18 15:26:34.052639 43 203 CarloCosmicWatch 227.857289
0 380 78.12 27.34 0.033835 2021-06-18 15:26:34.086474 29 30 M 227.891124
1 188 32.01 27.45 0.011979 2021-06-18 15:26:34.098453 43 44 Florian 227.903103
2 169 29.05 27.34 0.006311 2021-06-18 15:26:34.104764 44 204 CarloCosmicWatch 227.909414
2 60 17.43 27.34 0.970215 2021-06-18 15:26:35.074979 44 205 CarloCosmicWatch 228.879629
2 79 20.03 27.34 0.622083 2021-06-18 15:26:35.697062 44 206 CarloCosmicWatch 229.501712
2 487 132.65 27.24 1.024734 2021-06-18 15:26:36.721796 44 207 CarloCosmicWatch 230.526446
2 551 164.56 27.34 0.59648 2021-06-18 15:26:37.318276 44 208 CarloCosmicWatch 231.122926
2 204 34.73 27.34 2.333754 2021-06-18 15:26:39.652030 44 209 CarloCosmicWatch 233.45668
2 387 81.05 27.34 1.213715 2021-06-18 15:26:40.865745 44 210 CarloCosmicWatch 234.670395
2 63 17.91 27.34 2.3551 2021-06-18 15:26:43.220845 44 211 CarloCosmicWatch 237.025495
2 185 31.51 27.34 3.372607 2021-06-18 15:26:46.593452 44 212 CarloCosmicWatch 240.398102
2 57 16.93 27.34 0.140138 2021-06-18 15:26:46.733590 44 213 CarloCosmicWatch 240.53824
2 184 31.36 27.34 0.763898 2021-06-18 15:26:47.497488 44 214 CarloCosmicWatch 241.302138
0 463 119.23 27.34 0.033807 2021-06-18 15:26:47.531295 30 31 M 241.335945
2 103 22.23 27.34 0.000163 2021-06-18 15:26:47.531458 45 215 CarloCosmicWatch 241.336108
1 124 23.92 27.34 0.947254 2021-06-18 15:26:48.478712 44 45 Florian 242.283362
2 262 45.24 27.34 0.020985 2021-06-18 15:26:48.499697 45 216 CarloCosmicWatch 242.304347
2 56 16.76 27.34 1.461305 2021-06-18 15:26:49.961002 46 217 CarloCosmicWatch 243.765652
2 79 20.03 27.34 0.304903 2021-06-18 15:26:50.265905 46 218 CarloCosmicWatch 244.070555
2 192 32.67 27.34 0.033805 2021-06-18 15:26:50.299710 46 219 CarloCosmicWatch 244.10436
2 67 18.51 27.34 1.284646 2021-06-18 15:26:51.584356 46 220 CarloCosmicWatch 245.389006
2 114 23.10 27.34 0.635495 2021-06-18 15:26:52.219851 46 221 CarloCosmicWatch 246.024501
2 159 27.66 27.34 0.910993 2021-06-18 15:26:53.130844 46 222 CarloCosmicWatch 246.935494
2 67 18.51 27.34 0.304638 2021-06-18 15:26:53.435482 46 223 CarloCosmicWatch 247.240132
2 711 380.66 27.34 2.131997 2021-06-18 15:26:55.567479 46 224 CarloCosmicWatch 249.372129
2 63 17.91 27.34 2.830791 2021-06-18 15:26:58.398270 46 225 CarloCosmicWatch 252.20292
0 76 19.69 27.34 2.358021 2021-06-18 15:27:00.756291 31 32 M 254.560941
1 172 29.49 27.34 0.013797 2021-06-18 15:27:00.770088 45 46 Florian 254.574738
2 127 24.18 27.34 0.007314 2021-06-18 15:27:00.777402 46 226 CarloCosmicWatch 254.582052
2 195 33.17 27.34 0.472241 2021-06-18 15:27:01.249643 47 227 CarloCosmicWatch 255.054293
0 112 22.94 27.34 0.030422 2021-06-18 15:27:01.280065 32 33 M 255.084715
1 156 27.28 27.34 0.000217 2021-06-18 15:27:01.280282 46 47 Florian 255.084932
2 77 19.81 27.34 0.151569 2021-06-18 15:27:01.431851 48 228 CarloCosmicWatch 255.236501
2 140 25.42 27.34 2.138045 2021-06-18 15:27:03.569896 48 229 CarloCosmicWatch 257.374546
2 83 20.46 27.34 0.140722 2021-06-18 15:27:03.710618 48 230 CarloCosmicWatch 257.515268
2 124 23.92 27.34 2.241964 2021-06-18 15:27:05.952582 48 231 CarloCosmicWatch 259.757232
2 105 22.39 27.34 0.259111 2021-06-18 15:27:06.211693 48 232 CarloCosmicWatch 260.016343
2 57 16.93 27.34 1.889889 2021-06-18 15:27:08.101582 48 233 CarloCosmicWatch 261.906232
2 185 31.51 27.34 0.306722 2021-06-18 15:27:08.408304 48 234 CarloCosmicWatch 262.212954
2 167 28.76 27.34 1.510334 2021-06-18 15:27:09.918638 48 235 CarloCosmicWatch 263.723288
2 56 16.76 27.34 1.194183 2021-06-18 15:27:11.112821 48 236 CarloCosmicWatch 264.917471
2 263 45.37 27.34 1.019528 2021-06-18 15:27:12.132349 48 237 CarloCosmicWatch 265.936999
2 61 17.60 27.34 0.641902 2021-06-18 15:27:12.774251 48 238 CarloCosmicWatch 266.578901
2 56 16.76 27.34 1.360226 2021-06-18 15:27:14.134477 48 239 CarloCosmicWatch 267.939127
2 60 17.43 27.34 3.135211 2021-06-18 15:27:17.269688 48 240 CarloCosmicWatch 271.074338
2 376 76.43 27.34 1.743208 2021-06-18 15:27:19.012896 48 241 CarloCosmicWatch 272.817546
1 83 20.46 27.45 1.834846 2021-06-18 15:27:20.847742 47 48 Florian 274.652392
2 238 40.82 27.34 0.020093 2021-06-18 15:27:20.867835 48 242 CarloCosmicWatch 274.672485
2 56 16.76 27.34 1.390826 2021-06-18 15:27:22.258661 49 243 CarloCosmicWatch 276.063311
2 71 19.06 27.34 1.616469 2021-06-18 15:27:23.875130 49 244 CarloCosmicWatch 277.67978
2 167 28.76 27.34 0.165248 2021-06-18 15:27:24.040378 49 245 CarloCosmicWatch 277.845028
1 305 53.88 27.34 0.033814 2021-06-18 15:27:24.074192 48 49 Florian 277.878842
2 387 81.05 27.13 0.000174 2021-06-18 15:27:24.074366 50 246 CarloCosmicWatch 277.879016
0 96 21.67 27.34 0.39859 2021-06-18 15:27:24.472956 33 34 M 278.277606
1 377 76.28 27.34 0.013873 2021-06-18 15:27:24.486829 49 50 Florian 278.291479
2 254 43.77 27.34 0.008385 2021-06-18 15:27:24.495214 50 247 CarloCosmicWatch 278.299864
2 217 37.04 27.34 0.945387 2021-06-18 15:27:25.440601 51 248 CarloCosmicWatch 279.245251
0 63 17.91 27.34 0.030369 2021-06-18 15:27:25.470970 34 35 M 279.27562
1 105 22.39 27.34 0.00022 2021-06-18 15:27:25.471190 50 51 Florian 279.27584
2 63 17.91 27.34 0.43787 2021-06-18 15:27:25.909060 52 249 CarloCosmicWatch 279.71371
2 167 28.76 27.34 2.298313 2021-06-18 15:27:28.207373 52 250 CarloCosmicWatch 282.012023
2 224 38.29 27.34 1.854078 2021-06-18 15:27:30.061451 52 251 CarloCosmicWatch 283.866101
2 49 15.48 27.34 0.351057 2021-06-18 15:27:30.412508 52 252 CarloCosmicWatch 284.217158
2 287 50.23 27.34 3.894968 2021-06-18 15:27:34.307476 52 253 CarloCosmicWatch 288.112126
2 67 18.51 27.34 0.654143 2021-06-18 15:27:34.961619 52 254 CarloCosmicWatch 288.766269
2 327 59.28 27.34 2.167538 2021-06-18 15:27:37.129157 52 255 CarloCosmicWatch 290.933807
2 220 37.58 27.34 0.789004 2021-06-18 15:27:37.918161 52 256 CarloCosmicWatch 291.722811
0 238 40.82 27.34 0.030592 2021-06-18 15:27:37.948753 35 36 M 291.753403
1 138 25.22 27.34 0.000151 2021-06-18 15:27:37.948904 51 52 Florian 291.753554
2 83 20.46 27.34 1.129485 2021-06-18 15:27:39.078389 53 257 CarloCosmicWatch 292.883039
1 98 21.83 27.34 0.28904 2021-06-18 15:27:39.367429 52 53 Florian 293.172079
2 192 32.67 27.34 0.021192 2021-06-18 15:27:39.388621 53 258 CarloCosmicWatch 293.193271
2 131 24.54 27.34 1.335699 2021-06-18 15:27:40.724320 54 259 CarloCosmicWatch 294.52897
2 167 28.76 27.34 0.619004 2021-06-18 15:27:41.343324 54 260 CarloCosmicWatch 295.147974
1 176 30.09 27.34 0.030522 2021-06-18 15:27:41.373846 53 54 Florian 295.178496
2 95 21.58 27.34 2.279417 2021-06-18 15:27:43.653263 55 261 CarloCosmicWatch 297.457913
1 78 19.92 27.34 0.033536 2021-06-18 15:27:43.686799 54 55 Florian 297.491449
2 227 38.83 27.34 0.000166 2021-06-18 15:27:43.686965 56 262 CarloCosmicWatch 297.491615
0 48 15.29 27.34 1.004942 2021-06-18 15:27:44.691907 36 37 M 298.496557
1 102 22.15 27.34 0.014833 2021-06-18 15:27:44.706740 55 56 Florian 298.51139
2 131 24.54 27.34 0.007394 2021-06-18 15:27:44.714134 56 263 CarloCosmicWatch 298.518784
2 568 189.84 27.34 3.108215 2021-06-18 15:27:47.822349 57 264 CarloCosmicWatch 301.626999
2 323 58.48 27.34 0.413578 2021-06-18 15:27:48.235927 57 265 CarloCosmicWatch 302.040577
2 71 19.06 27.34 2.576022 2021-06-18 15:27:50.811949 57 266 CarloCosmicWatch 304.616599
2 455 117.03 27.34 0.816872 2021-06-18 15:27:51.628821 57 267 CarloCosmicWatch 305.433471
1 83 20.46 27.34 1.224444 2021-06-18 15:27:52.853265 56 57 Florian 306.657915
2 112 22.94 27.34 0.021173 2021-06-18 15:27:52.874438 57 268 CarloCosmicWatch 306.679088
2 337 62.30 27.34 0.529513 2021-06-18 15:27:53.403951 58 269 CarloCosmicWatch 307.208601
2 352 66.89 27.34 0.310715 2021-06-18 15:27:53.714666 58 270 CarloCosmicWatch 307.519316
2 167 28.76 27.34 1.264998 2021-06-18 15:27:54.979664 58 271 CarloCosmicWatch 308.784314
2 57 16.93 27.34 3.471867 2021-06-18 15:27:58.451531 58 272 CarloCosmicWatch 312.256181
2 51 15.86 27.34 0.781739 2021-06-18 15:27:59.233270 58 273 CarloCosmicWatch 313.03792
2 193 32.84 27.34 1.03347 2021-06-18 15:28:00.266740 58 274 CarloCosmicWatch 314.07139
2 62 17.75 27.34 1.169333 2021-06-18 15:28:01.436073 58 275 CarloCosmicWatch 315.240723
2 96 21.67 27.34 2.429192 2021-06-18 15:28:03.865265 58 276 CarloCosmicWatch 317.669915
2 83 20.46 27.34 1.259001 2021-06-18 15:28:05.124266 58 277 CarloCosmicWatch 318.928916
2 71 19.06 27.34 1.352497 2021-06-18 15:28:06.476763 58 278 CarloCosmicWatch 320.281413
2 240 41.21 27.34 0.2764 2021-06-18 15:28:06.753163 58 279 CarloCosmicWatch 320.557813
2 67 18.51 27.34 1.505043 2021-06-18 15:28:08.258206 58 280 CarloCosmicWatch 322.062856
2 192 32.67 27.34 2.810398 2021-06-18 15:28:11.068604 58 281 CarloCosmicWatch 324.873254
2 352 66.89 27.34 0.960219 2021-06-18 15:28:12.028823 58 282 CarloCosmicWatch 325.833473
2 316 56.81 27.34 0.092653 2021-06-18 15:28:12.121476 58 283 CarloCosmicWatch 325.926126
1 71 19.06 27.34 0.030522 2021-06-18 15:28:12.151998 57 58 Florian 325.956648
2 135 24.92 27.34 1.087449 2021-06-18 15:28:13.239447 59 284 CarloCosmicWatch 327.044097
2 62 17.75 27.34 1.683341 2021-06-18 15:28:14.922788 59 285 CarloCosmicWatch 328.727438
2 83 20.46 27.34 0.788852 2021-06-18 15:28:15.711640 59 286 CarloCosmicWatch 329.51629
2 270 46.71 27.34 1.514626 2021-06-18 15:28:17.226266 59 287 CarloCosmicWatch 331.030916
2 83 20.46 27.34 0.288509 2021-06-18 15:28:17.514775 59 288 CarloCosmicWatch 331.319425
2 51 15.86 27.34 0.296255 2021-06-18 15:28:17.811030 59 289 CarloCosmicWatch 331.61568
2 231 39.55 27.34 0.209686 2021-06-18 15:28:18.020716 59 290 CarloCosmicWatch 331.825366
2 71 19.06 27.34 0.10679 2021-06-18 15:28:18.127506 59 291 CarloCosmicWatch 331.932156
2 101 22.08 27.34 0.108912 2021-06-18 15:28:18.236418 59 292 CarloCosmicWatch 332.041068
2 60 17.43 27.34 0.033796 2021-06-18 15:28:18.270214 59 293 CarloCosmicWatch 332.074864
2 67 18.51 27.34 0.066559 2021-06-18 15:28:18.336773 59 294 CarloCosmicWatch 332.141423
2 60 17.43 27.34 0.230501 2021-06-18 15:28:18.567274 59 295 CarloCosmicWatch 332.371924
2 207 35.26 27.34 0.249549 2021-06-18 15:28:18.816823 59 296 CarloCosmicWatch 332.621473
2 103 22.23 27.34 1.253171 2021-06-18 15:28:20.069994 59 297 CarloCosmicWatch 333.874644
2 255 43.96 27.34 0.698488 2021-06-18 15:28:20.768482 59 298 CarloCosmicWatch 334.573132
0 60 17.43 27.34 0.030536 2021-06-18 15:28:20.799018 37 38 M 334.603668
1 143 25.74 27.34 0.000153 2021-06-18 15:28:20.799171 58 59 Florian 334.603821
2 60 17.43 27.34 0.113016 2021-06-18 15:28:20.912187 60 299 CarloCosmicWatch 334.716837
2 217 37.04 27.34 0.979261 2021-06-18 15:28:21.891448 60 300 CarloCosmicWatch 335.696098
2 216 36.85 27.34 0.50327 2021-06-18 15:28:22.394718 60 301 CarloCosmicWatch 336.199368
1 115 23.18 27.34 0.030582 2021-06-18 15:28:22.425300 59 60 Florian 336.22995
2 112 22.94 27.34 0.293601 2021-06-18 15:28:22.718901 61 302 CarloCosmicWatch 336.523551
2 211 35.96 27.34 0.30878 2021-06-18 15:28:23.027681 61 303 CarloCosmicWatch 336.832331
0 97 21.75 27.34 0.030528 2021-06-18 15:28:23.058209 38 39 M 336.862859
1 167 28.76 27.34 0.000159 2021-06-18 15:28:23.058368 60 61 Florian 336.863018
2 67 18.51 27.34 1.539835 2021-06-18 15:28:24.598203 62 304 CarloCosmicWatch 338.402853
2 76 19.69 27.34 0.169749 2021-06-18 15:28:24.767952 62 305 CarloCosmicWatch 338.572602
2 207 35.26 27.34 1.118094 2021-06-18 15:28:25.886046 62 306 CarloCosmicWatch 339.690696
2 167 28.76 27.34 1.433134 2021-06-18 15:28:27.319180 62 307 CarloCosmicWatch 341.12383
1 57 16.93 27.34 0.030545 2021-06-18 15:28:27.349725 61 62 Florian 341.154375
2 92 21.32 27.34 1.358877 2021-06-18 15:28:28.708602 63 308 CarloCosmicWatch 342.513252
2 63 17.91 27.34 0.276954 2021-06-18 15:28:28.985556 63 309 CarloCosmicWatch 342.790206
2 152 26.78 27.34 0.74818 2021-06-18 15:28:29.733736 63 310 CarloCosmicWatch 343.538386
2 103 22.23 27.34 0.40422 2021-06-18 15:28:30.137956 63 311 CarloCosmicWatch 343.942606
2 184 31.36 27.34 2.379098 2021-06-18 15:28:32.517054 63 312 CarloCosmicWatch 346.321704
1 76 19.69 27.34 0.803425 2021-06-18 15:28:33.320479 62 63 Florian 347.125129
2 240 41.21 27.34 0.021136 2021-06-18 15:28:33.341615 63 313 CarloCosmicWatch 347.146265
2 79 20.03 27.34 0.161207 2021-06-18 15:28:33.502822 64 314 CarloCosmicWatch 347.307472
2 56 16.76 27.34 2.31794 2021-06-18 15:28:35.820762 64 315 CarloCosmicWatch 349.625412
2 79 20.03 27.34 0.929584 2021-06-18 15:28:36.750346 64 316 CarloCosmicWatch 350.554996
2 57 16.93 27.34 1.635947 2021-06-18 15:28:38.386293 64 317 CarloCosmicWatch 352.190943
2 67 18.51 27.34 0.231474 2021-06-18 15:28:38.617767 64 318 CarloCosmicWatch 352.422417
2 240 41.21 27.34 0.218209 2021-06-18 15:28:38.835976 64 319 CarloCosmicWatch 352.640626
2 158 27.53 27.34 4.056628 2021-06-18 15:28:42.892604 64 320 CarloCosmicWatch 356.697254
2 59 17.27 27.34 0.700421 2021-06-18 15:28:43.593025 64 321 CarloCosmicWatch 357.397675
2 172 29.49 27.34 0.033794 2021-06-18 15:28:43.626819 64 322 CarloCosmicWatch 357.431469
0 263 45.37 27.34 0.057179 2021-06-18 15:28:43.683998 39 40 M 357.488648
2 231 39.55 27.34 1.553265 2021-06-18 15:28:45.237263 64 323 CarloCosmicWatch 359.041913
2 152 26.78 27.34 2.137919 2021-06-18 15:28:47.375182 64 324 CarloCosmicWatch 361.179832
0 73 19.32 27.34 0.94527 2021-06-18 15:28:48.320452 39 41 M 362.125102
1 71 19.06 27.34 0.014745 2021-06-18 15:28:48.335197 63 64 Florian 362.139847
2 135 24.92 27.34 0.006531 2021-06-18 15:28:48.341728 64 325 CarloCosmicWatch 362.146378
2 527 155.96 27.34 0.99742 2021-06-18 15:28:49.339148 65 326 CarloCosmicWatch 363.143798
2 255 43.96 27.34 1.496033 2021-06-18 15:28:50.835181 65 327 CarloCosmicWatch 364.639831
2 126 24.09 27.34 0.925063 2021-06-18 15:28:51.760244 65 328 CarloCosmicWatch 365.564894
2 88 20.96 27.34 0.570303 2021-06-18 15:28:52.330547 65 329 CarloCosmicWatch 366.135197
2 120 23.58 27.34 2.136089 2021-06-18 15:28:54.466636 65 330 CarloCosmicWatch 368.271286
2 56 16.76 27.34 1.445461 2021-06-18 15:28:55.912097 65 331 CarloCosmicWatch 369.716747
2 113 23.02 27.34 0.135565 2021-06-18 15:28:56.047662 65 332 CarloCosmicWatch 369.852312
2 163 28.20 27.34 0.940048 2021-06-18 15:28:56.987710 65 333 CarloCosmicWatch 370.79236
2 109 22.70 27.34 4.06186 2021-06-18 15:29:01.049570 65 334 CarloCosmicWatch 374.85422
2 57 16.93 27.34 0.090203 2021-06-18 15:29:01.139773 65 335 CarloCosmicWatch 374.944423
2 49 15.48 27.34 0.105502 2021-06-18 15:29:01.245275 65 336 CarloCosmicWatch 375.049925
0 89 21.05 27.34 2.408629 2021-06-18 15:29:03.653904 40 42 M 377.458554
1 63 17.91 27.34 0.014899 2021-06-18 15:29:03.668803 64 65 Florian 377.473453
2 103 22.23 27.34 0.006596 2021-06-18 15:29:03.675399 65 337 CarloCosmicWatch 377.480049
2 103 22.23 27.34 0.293738 2021-06-18 15:29:03.969137 66 338 CarloCosmicWatch 377.773787
2 81 20.25 27.34 0.183453 2021-06-18 15:29:04.152590 66 339 CarloCosmicWatch 377.95724
2 60 17.43 27.34 1.002898 2021-06-18 15:29:05.155488 66 340 CarloCosmicWatch 378.960138
0 224 38.29 27.34 0.345183 2021-06-18 15:29:05.500671 41 43 M 379.305321
1 531 160.62 27.34 0.015971 2021-06-18 15:29:05.516642 65 66 Florian 379.321292
2 291 50.97 27.34 0.007296 2021-06-18 15:29:05.523938 66 341 CarloCosmicWatch 379.328588
2 60 17.43 27.34 1.09694 2021-06-18 15:29:06.620878 67 342 CarloCosmicWatch 380.425528
2 184 31.36 27.34 0.108159 2021-06-18 15:29:06.729037 67 343 CarloCosmicWatch 380.533687
1 120 23.58 27.34 0.030561 2021-06-18 15:29:06.759598 66 67 Florian 380.564248
2 115 23.18 27.34 0.112914 2021-06-18 15:29:06.872512 68 344 CarloCosmicWatch 380.677162
0 57 16.93 27.34 0.033678 2021-06-18 15:29:06.906190 42 44 M 380.71084
1 254 43.77 27.34 0.000161 2021-06-18 15:29:06.906351 67 68 Florian 380.711001
2 243 41.74 27.34 0.005647 2021-06-18 15:29:06.911998 69 345 CarloCosmicWatch 380.716648
1 49 15.48 27.34 0.472396 2021-06-18 15:29:07.384394 68 69 Florian 381.189044
2 286 49.78 27.34 0.021108 2021-06-18 15:29:07.405502 69 346 CarloCosmicWatch 381.210152
2 98 21.83 27.34 0.47153 2021-06-18 15:29:07.877032 70 347 CarloCosmicWatch 381.681682
2 56 16.76 27.34 1.458889 2021-06-18 15:29:09.335921 70 348 CarloCosmicWatch 383.140571
2 255 43.96 27.34 2.399846 2021-06-18 15:29:11.735767 70 349 CarloCosmicWatch 385.540417
2 176 30.09 27.34 1.563394 2021-06-18 15:29:13.299161 70 350 CarloCosmicWatch 387.103811
2 240 41.21 27.34 0.679218 2021-06-18 15:29:13.978379 70 351 CarloCosmicWatch 387.783029
2 96 21.67 27.34 1.110951 2021-06-18 15:29:15.089330 70 352 CarloCosmicWatch 388.89398
2 211 35.96 27.34 0.105258 2021-06-18 15:29:15.194588 70 353 CarloCosmicWatch 388.999238
1 96 21.67 27.34 2.184922 2021-06-18 15:29:17.379510 69 70 Florian 391.18416
2 120 23.58 27.34 0.02111 2021-06-18 15:29:17.400620 70 354 CarloCosmicWatch 391.20527
0 65 18.22 27.34 0.009509 2021-06-18 15:29:17.410129 43 45 M 391.214779
2 391 82.35 27.34 0.838982 2021-06-18 15:29:18.249111 71 355 CarloCosmicWatch 392.053761
2 56 16.76 27.45 0.446348 2021-06-18 15:29:18.695459 71 356 CarloCosmicWatch 392.500109
2 396 85.28 27.34 1.226388 2021-06-18 15:29:19.921847 71 357 CarloCosmicWatch 393.726497
1 127 24.18 27.34 0.03055 2021-06-18 15:29:19.952397 70 71 Florian 393.757047
2 240 41.21 27.34 0.549111 2021-06-18 15:29:20.501508 72 358 CarloCosmicWatch 394.306158
2 79 20.03 27.34 2.566577 2021-06-18 15:29:23.068085 72 359 CarloCosmicWatch 396.872735
2 63 17.91 27.34 1.723893 2021-06-18 15:29:24.791978 72 360 CarloCosmicWatch 398.596628
2 611 211.89 27.34 2.657915 2021-06-18 15:29:27.449893 72 361 CarloCosmicWatch 401.254543
2 99 21.91 27.34 1.047425 2021-06-18 15:29:28.497318 72 362 CarloCosmicWatch 402.301968
0 67 18.51 27.34 0.029409 2021-06-18 15:29:28.526727 44 46 M 402.331377
1 108 22.63 27.34 0.000153 2021-06-18 15:29:28.526880 71 72 Florian 402.33153
2 83 20.46 27.34 1.191966 2021-06-18 15:29:29.718846 73 363 CarloCosmicWatch 403.523496
2 60 17.43 27.34 1.275894 2021-06-18 15:29:30.994740 73 364 CarloCosmicWatch 404.79939
2 71 19.06 27.34 1.986767 2021-06-18 15:29:32.981507 73 365 CarloCosmicWatch 406.786157
1 175 29.94 27.34 2.014701 2021-06-18 15:29:34.996208 72 73 Florian 408.800858
2 273 47.25 27.34 0.02207 2021-06-18 15:29:35.018278 73 366 CarloCosmicWatch 408.822928
2 63 17.91 27.34 0.823927 2021-06-18 15:29:35.842205 74 367 CarloCosmicWatch 409.646855
2 76 19.69 27.34 2.295303 2021-06-18 15:29:38.137508 74 368 CarloCosmicWatch 411.942158
2 211 35.96 27.34 0.371575 2021-06-18 15:29:38.509083 74 369 CarloCosmicWatch 412.313733
2 304 53.73 27.34 3.524479 2021-06-18 15:29:42.033562 74 370 CarloCosmicWatch 415.838212
0 238 40.82 27.34 0.030539 2021-06-18 15:29:42.064101 45 47 M 415.868751
1 121 23.66 27.34 0.000156 2021-06-18 15:29:42.064257 73 74 Florian 415.868907
1 167 28.76 27.45 0.40157 2021-06-18 15:29:42.465827 74 75 Florian 416.270477
2 112 22.94 27.34 0.022343 2021-06-18 15:29:42.488170 75 371 CarloCosmicWatch 416.29282
2 408 90.57 27.34 0.064162 2021-06-18 15:29:42.552332 76 372 CarloCosmicWatch 416.356982
2 66 18.36 27.34 3.046375 2021-06-18 15:29:45.598707 76 373 CarloCosmicWatch 419.403357
2 166 28.62 27.34 0.52477 2021-06-18 15:29:46.123477 76 374 CarloCosmicWatch 419.928127
1 83 20.46 27.34 0.446449 2021-06-18 15:29:46.569926 75 76 Florian 420.374576
2 472 125.87 27.34 0.021144 2021-06-18 15:29:46.591070 76 375 CarloCosmicWatch 420.39572
2 81 20.25 27.34 1.331583 2021-06-18 15:29:47.922653 77 376 CarloCosmicWatch 421.727303
2 195 33.17 27.34 1.353853 2021-06-18 15:29:49.276506 77 377 CarloCosmicWatch 423.081156
2 185 31.51 27.13 0.989417 2021-06-18 15:29:50.265923 77 378 CarloCosmicWatch 424.070573
2 60 17.43 27.34 1.996473 2021-06-18 15:29:52.262396 77 379 CarloCosmicWatch 426.067046
0 103 22.23 27.34 0.062163 2021-06-18 15:29:52.324559 46 48 M 426.129209
1 486 135.98 27.34 0.015932 2021-06-18 15:29:52.340491 76 77 Florian 426.145141
2 57 16.93 27.34 0.007525 2021-06-18 15:29:52.348016 77 380 CarloCosmicWatch 426.152666
2 184 31.36 27.34 1.032038 2021-06-18 15:29:53.380054 78 381 CarloCosmicWatch 427.184704
2 108 22.63 27.34 1.730418 2021-06-18 15:29:55.110472 78 382 CarloCosmicWatch 428.915122
