# layer adc volt temp timediff time detector_muon_count detector_count detector_name
0 323 58.48 26.27 10 2021-06-21 16:49:16.989992 0 1 Cecile 0.269028
0 169 29.05 26.27 0.178607 2021-06-21 16:49:17.168599 0 2 Cecile 0.447635
0 396 85.28 26.27 0.242834 2021-06-21 16:49:17.411433 0 3 Cecile 0.690469
0 335 61.77 26.27 1.630615 2021-06-21 16:49:19.042048 0 4 Cecile 2.321084
0 275 47.73 26.16 1.32335 2021-06-21 16:49:20.365398 0 5 Cecile 3.644434
0 31 12.01 26.05 1.278495 2021-06-21 16:49:21.643893 0 6 Cecile 4.922929
0 263 45.37 26.05 2.116334 2021-06-21 16:49:23.760227 0 7 Cecile 7.039263
0 71 19.06 26.27 1.703538 2021-06-21 16:49:25.463765 0 8 Cecile 8.742801
0 263 45.37 26.27 2.839969 2021-06-21 16:49:28.303734 0 9 Cecile 11.58277
0 302 53.30 26.05 0.363651 2021-06-21 16:49:28.667385 0 10 Cecile 11.946421
0 280 48.67 26.27 0.060444 2021-06-21 16:49:28.727829 0 11 Cecile 12.006865
0 110 22.78 26.16 3.860561 2021-06-21 16:49:32.588390 0 12 Cecile 15.867426
0 57 16.93 26.16 1.013325 2021-06-21 16:49:33.601715 0 13 Cecile 16.880751
0 158 27.53 26.27 1.385013 2021-06-21 16:49:34.986728 0 14 Cecile 18.265764
0 94 21.50 26.27 1.197255 2021-06-21 16:49:36.183983 0 15 Cecile 19.463019
0 297 52.13 26.05 2.019547 2021-06-21 16:49:38.203530 0 16 Cecile 21.482566
0 96 21.67 26.05 0.880653 2021-06-21 16:49:39.084183 0 17 Cecile 22.363219
0 140 25.42 26.27 0.553862 2021-06-21 16:49:39.638045 0 18 Cecile 22.917081
2 30 11.83 24.44 0.477076 2021-06-21 16:49:40.115121 0 1 Niels 23.394157
0 127 24.18 26.05 0.013858 2021-06-21 16:49:40.128979 0 19 Cecile 23.408015
0 31 12.01 26.27 0.399874 2021-06-21 16:49:40.528853 1 20 Cecile 23.807889
0 96 21.67 26.27 1.965001 2021-06-21 16:49:42.493854 1 21 Cecile 25.77289
0 45 14.71 26.05 2.256334 2021-06-21 16:49:44.750188 1 22 Cecile 28.029224
0 399 87.30 26.05 0.558733 2021-06-21 16:49:45.308921 1 23 Cecile 28.587957
0 63 17.91 26.27 3.984784 2021-06-21 16:49:49.293705 1 24 Cecile 32.572741
0 307 54.48 26.27 3.213429 2021-06-21 16:49:52.507134 1 25 Cecile 35.78617
0 159 27.66 26.05 1.029784 2021-06-21 16:49:53.536918 1 26 Cecile 36.815954
0 408 90.57 26.05 0.701656 2021-06-21 16:49:54.238574 1 27 Cecile 37.51761
0 76 19.69 26.16 0.45178 2021-06-21 16:49:54.690354 1 28 Cecile 37.96939
0 30 11.83 26.16 0.828116 2021-06-21 16:49:55.518470 1 29 Cecile 38.797506
0 44 14.51 26.27 3.018548 2021-06-21 16:49:58.537018 1 30 Cecile 41.816054
0 185 31.51 26.38 1.052054 2021-06-21 16:49:59.589072 1 31 Cecile 42.868108
0 38 13.33 26.05 0.905312 2021-06-21 16:50:00.494384 1 32 Cecile 43.77342
0 227 38.83 26.16 2.689532 2021-06-21 16:50:03.183916 1 33 Cecile 46.462952
0 236 40.44 26.27 0.125839 2021-06-21 16:50:03.309755 1 34 Cecile 46.588791
1 63 17.91 24.44 0.017097 2021-06-21 16:50:03.326852 0 1 MattiaCosmicWatch 46.605888
0 33 12.37 26.38 0.96799 2021-06-21 16:50:04.294842 2 35 Cecile 47.573878
0 153 26.90 26.16 0.317917 2021-06-21 16:50:04.612759 2 36 Cecile 47.891795
0 31 12.01 26.05 2.752032 2021-06-21 16:50:07.364791 2 37 Cecile 50.643827
0 30 11.83 26.48 0.763503 2021-06-21 16:50:08.128294 2 38 Cecile 51.40733
0 307 54.48 26.16 0.549519 2021-06-21 16:50:08.677813 2 39 Cecile 51.956849
0 79 20.03 26.05 4.070388 2021-06-21 16:50:12.748201 2 40 Cecile 56.027237
0 415 95.00 26.05 1.401732 2021-06-21 16:50:14.149933 2 41 Cecile 57.428969
0 73 19.32 26.27 7.325064 2021-06-21 16:50:21.474997 2 42 Cecile 64.754033
0 39 13.53 26.05 1.697189 2021-06-21 16:50:23.172186 2 43 Cecile 66.451222
0 71 19.06 26.27 5.85741 2021-06-21 16:50:29.029596 2 44 Cecile 72.308632
0 39 13.53 26.05 2.33214 2021-06-21 16:50:31.361736 2 45 Cecile 74.640772
0 39 13.53 26.05 2.643325 2021-06-21 16:50:34.005061 2 46 Cecile 77.284097
0 167 28.76 26.16 0.792648 2021-06-21 16:50:34.797709 2 47 Cecile 78.076745
0 99 21.91 26.05 0.846134 2021-06-21 16:50:35.643843 2 48 Cecile 78.922879
0 51 15.86 26.27 3.681674 2021-06-21 16:50:39.325517 2 49 Cecile 82.604553
0 31 12.01 26.48 0.885999 2021-06-21 16:50:40.211516 2 50 Cecile 83.490552
0 159 27.66 26.38 1.409465 2021-06-21 16:50:41.620981 2 51 Cecile 84.900017
0 62 17.75 26.48 1.418412 2021-06-21 16:50:43.039393 2 52 Cecile 86.318429
0 76 19.69 26.05 0.547031 2021-06-21 16:50:43.586424 2 53 Cecile 86.86546
0 376 76.43 26.05 0.081748 2021-06-21 16:50:43.668172 2 54 Cecile 86.947208
0 403 88.99 26.05 0.458733 2021-06-21 16:50:44.126905 2 55 Cecile 87.405941
0 89 21.05 26.27 1.526513 2021-06-21 16:50:45.653418 2 56 Cecile 88.932454
0 165 28.48 26.27 10.347151 2021-06-21 16:50:56.000569 2 57 Cecile 99.279605
0 48 15.29 26.05 3.350826 2021-06-21 16:50:59.351395 2 58 Cecile 102.630431
0 137 25.12 26.05 0.068896 2021-06-21 16:50:59.420291 2 59 Cecile 102.699327
0 35 12.75 26.27 6.149309 2021-06-21 16:51:05.569600 2 60 Cecile 108.848636
0 112 22.94 26.05 0.499396 2021-06-21 16:51:06.068996 2 61 Cecile 109.348032
0 112 22.94 26.38 0.72498 2021-06-21 16:51:06.793976 2 62 Cecile 110.073012
0 31 12.01 26.05 0.335502 2021-06-21 16:51:07.129478 2 63 Cecile 110.408514
0 147 26.19 26.27 2.302808 2021-06-21 16:51:09.432286 2 64 Cecile 112.711322
0 79 20.03 26.16 4.093591 2021-06-21 16:51:13.525877 2 65 Cecile 116.804913
0 113 23.02 26.05 2.93095 2021-06-21 16:51:16.456827 2 66 Cecile 119.735863
0 280 48.67 26.05 1.61291 2021-06-21 16:51:18.069737 2 67 Cecile 121.348773
0 96 21.67 26.05 3.500716 2021-06-21 16:51:21.570453 2 68 Cecile 124.849489
0 103 22.23 26.05 0.995959 2021-06-21 16:51:22.566412 2 69 Cecile 125.845448
0 287 50.23 26.16 2.841549 2021-06-21 16:51:25.407961 2 70 Cecile 128.686997
0 31 12.01 26.27 1.905447 2021-06-21 16:51:27.313408 2 71 Cecile 130.592444
0 103 22.23 26.16 1.722145 2021-06-21 16:51:29.035553 2 72 Cecile 132.314589
0 238 40.82 26.38 4.070301 2021-06-21 16:51:33.105854 2 73 Cecile 136.38489
0 30 11.83 26.05 2.13235 2021-06-21 16:51:35.238204 2 74 Cecile 138.51724
0 127 24.18 26.05 0.398237 2021-06-21 16:51:35.636441 2 75 Cecile 138.915477
0 44 14.51 26.05 1.542766 2021-06-21 16:51:37.179207 2 76 Cecile 140.458243
0 31 12.01 26.05 0.496344 2021-06-21 16:51:37.675551 2 77 Cecile 140.954587
0 153 26.90 26.27 1.859904 2021-06-21 16:51:39.535455 2 78 Cecile 142.814491
0 231 39.55 26.05 0.033746 2021-06-21 16:51:39.569201 2 79 Cecile 142.848237
0 162 28.06 26.16 0.875221 2021-06-21 16:51:40.444422 2 80 Cecile 143.723458
0 179 30.55 26.27 1.095579 2021-06-21 16:51:41.540001 2 81 Cecile 144.819037
0 44 14.51 26.05 1.802552 2021-06-21 16:51:43.342553 2 82 Cecile 146.621589
0 89 21.05 26.27 0.095333 2021-06-21 16:51:43.437886 2 83 Cecile 146.716922
0 455 117.03 26.05 0.591964 2021-06-21 16:51:44.029850 2 84 Cecile 147.308886
0 39 13.53 26.05 1.227484 2021-06-21 16:51:45.257334 2 85 Cecile 148.53637
0 99 21.91 26.05 0.213508 2021-06-21 16:51:45.470842 2 86 Cecile 148.749878
0 71 19.06 26.16 1.628515 2021-06-21 16:51:47.099357 2 87 Cecile 150.378393
0 249 42.85 26.05 0.417925 2021-06-21 16:51:47.517282 2 88 Cecile 150.796318
0 39 13.53 26.05 1.061135 2021-06-21 16:51:48.578417 2 89 Cecile 151.857453
0 312 55.68 26.16 2.857914 2021-06-21 16:51:51.436331 2 90 Cecile 154.715367
0 51 15.86 26.05 2.261487 2021-06-21 16:51:53.697818 2 91 Cecile 156.976854
0 295 51.75 26.05 2.432808 2021-06-21 16:51:56.130626 2 92 Cecile 159.409662
0 152 26.78 26.05 0.125439 2021-06-21 16:51:56.256065 2 93 Cecile 159.535101
0 49 15.48 26.05 0.073112 2021-06-21 16:51:56.329177 2 94 Cecile 159.608213
0 387 81.05 26.27 0.756153 2021-06-21 16:51:57.085330 2 95 Cecile 160.364366
0 60 17.43 26.27 0.0988 2021-06-21 16:51:57.184130 2 96 Cecile 160.463166
0 51 15.86 26.05 1.135615 2021-06-21 16:51:58.319745 2 97 Cecile 161.598781
0 46 14.91 26.27 2.896244 2021-06-21 16:52:01.215989 2 98 Cecile 164.495025
0 348 65.64 26.05 1.880262 2021-06-21 16:52:03.096251 2 99 Cecile 166.375287
0 48 15.29 26.05 0.033681 2021-06-21 16:52:03.129932 2 100 Cecile 166.408968
0 63 17.91 26.16 0.639577 2021-06-21 16:52:03.769509 2 101 Cecile 167.048545
0 316 56.81 26.05 0.56473 2021-06-21 16:52:04.334239 2 102 Cecile 167.613275
0 49 15.48 26.05 0.236287 2021-06-21 16:52:04.570526 2 103 Cecile 167.849562
0 46 14.91 26.27 0.634513 2021-06-21 16:52:05.205039 2 104 Cecile 168.484075
0 207 35.26 26.05 0.462348 2021-06-21 16:52:05.667387 2 105 Cecile 168.946423
0 348 65.64 26.05 0.455513 2021-06-21 16:52:06.122900 2 106 Cecile 169.401936
0 327 59.28 26.16 0.436417 2021-06-21 16:52:06.559317 2 107 Cecile 169.838353
0 56 16.76 26.05 0.530723 2021-06-21 16:52:07.090040 2 108 Cecile 170.369076
0 281 48.90 26.05 0.357557 2021-06-21 16:52:07.447597 2 109 Cecile 170.726633
0 109 22.70 26.05 0.654727 2021-06-21 16:52:08.102324 2 110 Cecile 171.38136
0 46 14.91 26.05 1.464814 2021-06-21 16:52:09.567138 2 111 Cecile 172.846174
0 49 15.48 26.38 0.748068 2021-06-21 16:52:10.315206 2 112 Cecile 173.594242
0 37 13.14 26.05 0.434041 2021-06-21 16:52:10.749247 2 113 Cecile 174.028283
0 294 51.51 26.16 4.892186 2021-06-21 16:52:15.641433 2 114 Cecile 178.920469
0 31 12.01 26.05 2.039904 2021-06-21 16:52:17.681337 2 115 Cecile 180.960373
0 67 18.51 26.05 1.094815 2021-06-21 16:52:18.776152 2 116 Cecile 182.055188
0 455 117.03 26.05 1.383625 2021-06-21 16:52:20.159777 2 117 Cecile 183.438813
0 56 16.76 26.27 0.857727 2021-06-21 16:52:21.017504 2 118 Cecile 184.29654
0 268 46.26 26.05 0.033638 2021-06-21 16:52:21.051142 2 119 Cecile 184.330178
0 135 24.92 26.16 1.505512 2021-06-21 16:52:22.556654 2 120 Cecile 185.83569
0 67 18.51 26.05 0.109157 2021-06-21 16:52:22.665811 2 121 Cecile 185.944847
0 51 15.86 26.05 0.03367 2021-06-21 16:52:22.699481 2 122 Cecile 185.978517
0 449 112.05 26.05 0.90477 2021-06-21 16:52:23.604251 2 123 Cecile 186.883287
0 39 13.53 26.27 0.130603 2021-06-21 16:52:23.734854 2 124 Cecile 187.01389
0 143 25.74 26.05 0.455612 2021-06-21 16:52:24.190466 2 125 Cecile 187.469502
0 176 30.09 26.05 2.444475 2021-06-21 16:52:26.634941 2 126 Cecile 189.913977
0 48 15.29 26.16 1.848747 2021-06-21 16:52:28.483688 2 127 Cecile 191.762724
0 51 15.86 26.05 0.293791 2021-06-21 16:52:28.777479 2 128 Cecile 192.056515
0 327 59.28 26.16 5.611286 2021-06-21 16:52:34.388765 2 129 Cecile 197.667801
0 51 15.86 26.16 0.228429 2021-06-21 16:52:34.617194 2 130 Cecile 197.89623
0 71 19.06 26.27 1.819248 2021-06-21 16:52:36.436442 2 131 Cecile 199.715478
0 39 13.53 26.05 1.054466 2021-06-21 16:52:37.490908 2 132 Cecile 200.769944
0 31 12.01 26.05 4.279251 2021-06-21 16:52:41.770159 2 133 Cecile 205.049195
0 295 51.75 26.27 0.691422 2021-06-21 16:52:42.461581 2 134 Cecile 205.740617
0 39 13.53 26.05 0.20726 2021-06-21 16:52:42.668841 2 135 Cecile 205.947877
0 455 117.03 26.05 0.033828 2021-06-21 16:52:42.702669 2 136 Cecile 205.981705
0 115 23.18 26.05 0.358114 2021-06-21 16:52:43.060783 2 137 Cecile 206.339819
0 51 15.86 26.05 0.959368 2021-06-21 16:52:44.020151 2 138 Cecile 207.299187
0 51 15.86 26.05 1.169777 2021-06-21 16:52:45.189928 2 139 Cecile 208.468964
0 248 42.69 26.16 0.29298 2021-06-21 16:52:45.482908 2 140 Cecile 208.761944
0 110 22.78 26.05 0.70883 2021-06-21 16:52:46.191738 2 141 Cecile 209.470774
0 280 48.67 26.05 1.896507 2021-06-21 16:52:48.088245 2 142 Cecile 211.367281
0 287 50.23 26.05 0.284921 2021-06-21 16:52:48.373166 2 143 Cecile 211.652202
0 263 45.37 26.05 1.204865 2021-06-21 16:52:49.578031 2 144 Cecile 212.857067
0 35 12.75 26.05 0.666583 2021-06-21 16:52:50.244614 2 145 Cecile 213.52365
0 329 59.91 26.05 2.0995 2021-06-21 16:52:52.344114 2 146 Cecile 215.62315
0 56 16.76 26.05 0.881332 2021-06-21 16:52:53.225446 2 147 Cecile 216.504482
0 103 22.23 26.05 0.117846 2021-06-21 16:52:53.343292 2 148 Cecile 216.622328
0 70 18.93 26.27 5.261128 2021-06-21 16:52:58.604420 2 149 Cecile 221.883456
0 166 28.62 26.05 1.486489 2021-06-21 16:53:00.090909 2 150 Cecile 223.369945
0 88 20.96 26.05 0.622035 2021-06-21 16:53:00.712944 2 151 Cecile 223.99198
0 211 35.96 26.05 0.548454 2021-06-21 16:53:01.261398 2 152 Cecile 224.540434
0 39 13.53 26.27 0.43635 2021-06-21 16:53:01.697748 2 153 Cecile 224.976784
0 238 40.82 26.05 2.019848 2021-06-21 16:53:03.717596 2 154 Cecile 226.996632
0 41 13.92 26.05 0.562137 2021-06-21 16:53:04.279733 2 155 Cecile 227.558769
0 88 20.96 26.05 0.333399 2021-06-21 16:53:04.613132 2 156 Cecile 227.892168
0 348 65.64 26.05 4.685603 2021-06-21 16:53:09.298735 2 157 Cecile 232.577771
0 435 104.92 26.05 0.264966 2021-06-21 16:53:09.563701 2 158 Cecile 232.842737
0 344 64.67 26.05 1.126365 2021-06-21 16:53:10.690066 2 159 Cecile 233.969102
0 121 23.66 26.05 1.126843 2021-06-21 16:53:11.816909 2 160 Cecile 235.095945
0 97 21.75 26.05 2.897683 2021-06-21 16:53:14.714592 2 161 Cecile 237.993628
2 31 12.01 24.44 0.019068 2021-06-21 16:53:14.733660 1 2 Niels 238.012696
0 211 35.96 26.05 0.353602 2021-06-21 16:53:15.087262 3 162 Cecile 238.366298
0 112 22.94 26.05 2.002055 2021-06-21 16:53:17.089317 3 163 Cecile 240.368353
0 350 66.46 26.05 1.249663 2021-06-21 16:53:18.338980 3 164 Cecile 241.618016
0 352 66.89 26.05 0.326001 2021-06-21 16:53:18.664981 3 165 Cecile 241.944017
0 69 18.79 26.05 0.360761 2021-06-21 16:53:19.025742 3 166 Cecile 242.304778
0 120 23.58 26.16 0.750915 2021-06-21 16:53:19.776657 3 167 Cecile 243.055693
0 31 12.01 26.05 0.460676 2021-06-21 16:53:20.237333 3 168 Cecile 243.516369
0 108 22.63 26.05 1.495422 2021-06-21 16:53:21.732755 3 169 Cecile 245.011791
0 39 13.53 26.05 0.673772 2021-06-21 16:53:22.406527 3 170 Cecile 245.685563
0 216 36.85 26.27 1.840665 2021-06-21 16:53:24.247192 3 171 Cecile 247.526228
0 39 13.53 26.27 1.012718 2021-06-21 16:53:25.259910 3 172 Cecile 248.538946
0 89 21.05 26.05 0.033749 2021-06-21 16:53:25.293659 3 173 Cecile 248.572695
0 67 18.51 26.27 2.02616 2021-06-21 16:53:27.319819 3 174 Cecile 250.598855
0 206 35.07 26.05 0.258772 2021-06-21 16:53:27.578591 3 175 Cecile 250.857627
0 455 117.03 26.05 3.641529 2021-06-21 16:53:31.220120 3 176 Cecile 254.499156
0 193 32.84 26.05 0.074904 2021-06-21 16:53:31.295024 3 177 Cecile 254.57406
0 99 21.91 26.05 0.181742 2021-06-21 16:53:31.476766 3 178 Cecile 254.755802
0 115 23.18 26.05 1.717069 2021-06-21 16:53:33.193835 3 179 Cecile 256.472871
0 188 32.01 26.05 1.286811 2021-06-21 16:53:34.480646 3 180 Cecile 257.759682
0 289 50.47 26.05 1.577855 2021-06-21 16:53:36.058501 3 181 Cecile 259.337537
0 302 53.30 26.05 0.033734 2021-06-21 16:53:36.092235 3 182 Cecile 259.371271
0 28 11.49 26.05 0.083137 2021-06-21 16:53:36.175372 3 183 Cecile 259.454408
0 287 50.23 26.05 3.3565 2021-06-21 16:53:39.531872 3 184 Cecile 262.810908
0 286 49.78 26.05 2.683542 2021-06-21 16:53:42.215414 3 185 Cecile 265.49445
0 103 22.23 26.05 2.120985 2021-06-21 16:53:44.336399 3 186 Cecile 267.615435
0 89 21.05 26.05 0.890649 2021-06-21 16:53:45.227048 3 187 Cecile 268.506084
0 174 29.79 26.05 2.495375 2021-06-21 16:53:47.722423 3 188 Cecile 271.001459
0 89 21.05 26.05 0.323793 2021-06-21 16:53:48.046216 3 189 Cecile 271.325252
1 46 14.91 25.52 0.07555 2021-06-21 16:53:48.121766 1 2 MattiaCosmicWatch 271.400802
0 67 18.51 26.05 0.029474 2021-06-21 16:53:48.151240 3 190 Cecile 271.430276
0 167 28.76 26.05 0.204126 2021-06-21 16:53:48.355366 4 191 Cecile 271.634402
0 103 22.23 26.05 0.236086 2021-06-21 16:53:48.591452 4 192 Cecile 271.870488
0 57 16.93 26.05 0.619469 2021-06-21 16:53:49.210921 4 193 Cecile 272.489957
0 134 24.82 26.05 1.077485 2021-06-21 16:53:50.288406 4 194 Cecile 273.567442
0 300 52.79 26.05 0.843675 2021-06-21 16:53:51.132081 4 195 Cecile 274.411117
0 222 37.96 26.05 0.141651 2021-06-21 16:53:51.273732 4 196 Cecile 274.552768
0 243 41.74 26.27 0.307321 2021-06-21 16:53:51.581053 4 197 Cecile 274.860089
0 39 13.53 26.05 1.677512 2021-06-21 16:53:53.258565 4 198 Cecile 276.537601
0 211 35.96 26.05 1.960832 2021-06-21 16:53:55.219397 4 199 Cecile 278.498433
0 142 25.64 26.05 0.266877 2021-06-21 16:53:55.486274 4 200 Cecile 278.76531
0 112 22.94 26.05 0.186585 2021-06-21 16:53:55.672859 4 201 Cecile 278.951895
0 51 15.86 26.05 0.720128 2021-06-21 16:53:56.392987 4 202 Cecile 279.672023
0 31 12.01 26.05 0.319424 2021-06-21 16:53:56.712411 4 203 Cecile 279.991447
0 444 109.09 26.05 0.061198 2021-06-21 16:53:56.773609 4 204 Cecile 280.052645
0 355 68.30 26.05 1.99457 2021-06-21 16:53:58.768179 4 205 Cecile 282.047215
0 39 13.53 26.05 2.608612 2021-06-21 16:54:01.376791 4 206 Cecile 284.655827
0 51 15.86 26.05 1.662958 2021-06-21 16:54:03.039749 4 207 Cecile 286.318785
0 240 41.21 26.05 0.363567 2021-06-21 16:54:03.403316 4 208 Cecile 286.682352
0 39 13.53 26.05 4.766477 2021-06-21 16:54:08.169793 4 209 Cecile 291.448829
0 51 15.86 26.05 4.629681 2021-06-21 16:54:12.799474 4 210 Cecile 296.07851
0 194 33.00 26.05 0.427804 2021-06-21 16:54:13.227278 4 211 Cecile 296.506314
0 62 17.75 26.05 0.835922 2021-06-21 16:54:14.063200 4 212 Cecile 297.342236
0 44 14.51 26.27 0.033618 2021-06-21 16:54:14.096818 4 213 Cecile 297.375854
0 38 13.33 26.05 1.133996 2021-06-21 16:54:15.230814 4 214 Cecile 298.50985
0 48 15.29 26.05 0.110605 2021-06-21 16:54:15.341419 4 215 Cecile 298.620455
0 163 28.20 26.05 0.360899 2021-06-21 16:54:15.702318 4 216 Cecile 298.981354
0 31 12.01 26.05 0.095835 2021-06-21 16:54:15.798153 4 217 Cecile 299.077189
0 41 13.92 26.05 1.392284 2021-06-21 16:54:17.190437 4 218 Cecile 300.469473
0 295 51.75 26.05 0.411755 2021-06-21 16:54:17.602192 4 219 Cecile 300.881228
0 231 39.55 26.05 0.064134 2021-06-21 16:54:17.666326 4 220 Cecile 300.945362
0 63 17.91 26.27 0.033719 2021-06-21 16:54:17.700045 4 221 Cecile 300.979081
0 327 59.28 26.05 1.743327 2021-06-21 16:54:19.443372 4 222 Cecile 302.722408
0 31 12.01 26.05 0.905109 2021-06-21 16:54:20.348481 4 223 Cecile 303.627517
0 396 85.28 26.05 1.488415 2021-06-21 16:54:21.836896 4 224 Cecile 305.115932
0 193 32.84 26.05 0.210257 2021-06-21 16:54:22.047153 4 225 Cecile 305.326189
0 56 16.76 26.27 1.04089 2021-06-21 16:54:23.088043 4 226 Cecile 306.367079
0 51 15.86 26.27 0.206001 2021-06-21 16:54:23.294044 4 227 Cecile 306.57308
0 33 12.37 26.05 0.114005 2021-06-21 16:54:23.408049 4 228 Cecile 306.687085
0 179 30.55 26.05 1.876405 2021-06-21 16:54:25.284454 4 229 Cecile 308.56349
0 99 21.91 26.27 0.835358 2021-06-21 16:54:26.119812 4 230 Cecile 309.398848
1 60 17.43 25.20 0.019047 2021-06-21 16:54:26.138859 2 3 MattiaCosmicWatch 309.417895
0 179 30.55 26.05 0.541199 2021-06-21 16:54:26.680058 5 231 Cecile 309.959094
0 30 11.83 26.27 1.754698 2021-06-21 16:54:28.434756 5 232 Cecile 311.713792
0 312 55.68 26.27 0.169331 2021-06-21 16:54:28.604087 5 233 Cecile 311.883123
0 295 51.75 26.05 0.751598 2021-06-21 16:54:29.355685 5 234 Cecile 312.634721
0 312 55.68 26.05 1.387257 2021-06-21 16:54:30.742942 5 235 Cecile 314.021978
0 198 33.69 26.05 0.968283 2021-06-21 16:54:31.711225 5 236 Cecile 314.990261
1 81 20.25 25.41 0.019982 2021-06-21 16:54:31.731207 3 4 MattiaCosmicWatch 315.010243
2 34 12.56 24.44 0.009448 2021-06-21 16:54:31.740655 2 3 Niels 315.019691
0 48 15.29 26.05 2.296569 2021-06-21 16:54:34.037224 6 237 Cecile 317.31626
0 50 15.67 26.05 1.430824 2021-06-21 16:54:35.468048 6 238 Cecile 318.747084
0 82 20.36 26.05 0.168857 2021-06-21 16:54:35.636905 6 239 Cecile 318.915941
0 344 64.67 26.05 0.072917 2021-06-21 16:54:35.709822 6 240 Cecile 318.988858
0 71 19.06 26.16 0.463961 2021-06-21 16:54:36.173783 6 241 Cecile 319.452819
0 31 12.01 26.05 0.622183 2021-06-21 16:54:36.795966 6 242 Cecile 320.075002
0 79 20.03 26.05 1.283469 2021-06-21 16:54:38.079435 6 243 Cecile 321.358471
0 387 81.05 26.05 0.171479 2021-06-21 16:54:38.250914 6 244 Cecile 321.52995
0 204 34.73 26.05 0.274991 2021-06-21 16:54:38.525905 6 245 Cecile 321.804941
0 159 27.66 26.27 0.972704 2021-06-21 16:54:39.498609 6 246 Cecile 322.777645
0 31 12.01 26.27 2.022005 2021-06-21 16:54:41.520614 6 247 Cecile 324.79965
0 30 11.83 26.05 2.970809 2021-06-21 16:54:44.491423 6 248 Cecile 327.770459
0 39 13.53 26.05 1.628701 2021-06-21 16:54:46.120124 6 249 Cecile 329.39916
0 49 15.48 26.16 0.470274 2021-06-21 16:54:46.590398 6 250 Cecile 329.869434
0 34 12.56 26.27 0.064925 2021-06-21 16:54:46.655323 6 251 Cecile 329.934359
0 35 12.75 26.05 0.983209 2021-06-21 16:54:47.638532 6 252 Cecile 330.917568
0 185 31.51 26.05 2.162389 2021-06-21 16:54:49.800921 6 253 Cecile 333.079957
0 76 19.69 26.48 2.305199 2021-06-21 16:54:52.106120 6 254 Cecile 335.385156
0 127 24.18 26.05 0.326332 2021-06-21 16:54:52.432452 6 255 Cecile 335.711488
0 199 33.86 26.05 0.151433 2021-06-21 16:54:52.583885 6 256 Cecile 335.862921
0 31 12.01 26.27 1.244836 2021-06-21 16:54:53.828721 6 257 Cecile 337.107757
0 185 31.51 26.05 0.764739 2021-06-21 16:54:54.593460 6 258 Cecile 337.872496
0 103 22.23 26.27 0.475744 2021-06-21 16:54:55.069204 6 259 Cecile 338.34824
0 71 19.06 26.27 0.033711 2021-06-21 16:54:55.102915 6 260 Cecile 338.381951
0 286 49.78 26.27 1.022227 2021-06-21 16:54:56.125142 6 261 Cecile 339.404178
0 364 71.71 26.05 0.419461 2021-06-21 16:54:56.544603 6 262 Cecile 339.823639
0 145 25.96 26.05 3.14522 2021-06-21 16:54:59.689823 6 263 Cecile 342.968859
0 31 12.01 26.05 2.492738 2021-06-21 16:55:02.182561 6 264 Cecile 345.461597
0 88 20.96 26.05 0.647492 2021-06-21 16:55:02.830053 6 265 Cecile 346.109089
0 348 65.64 26.27 1.507851 2021-06-21 16:55:04.337904 6 266 Cecile 347.61694
0 79 20.03 26.38 1.367023 2021-06-21 16:55:05.704927 6 267 Cecile 348.983963
0 344 64.67 26.05 4.455664 2021-06-21 16:55:10.160591 6 268 Cecile 353.439627
0 51 15.86 26.05 1.115935 2021-06-21 16:55:11.276526 6 269 Cecile 354.555562
0 140 25.42 26.27 1.136684 2021-06-21 16:55:12.413210 6 270 Cecile 355.692246
0 76 19.69 26.05 0.960661 2021-06-21 16:55:13.373871 6 271 Cecile 356.652907
0 159 27.66 26.05 1.953416 2021-06-21 16:55:15.327287 6 272 Cecile 358.606323
0 31 12.01 26.05 0.465033 2021-06-21 16:55:15.792320 6 273 Cecile 359.071356
0 207 35.26 26.05 1.959685 2021-06-21 16:55:17.752005 6 274 Cecile 361.031041
0 67 18.51 26.48 0.345382 2021-06-21 16:55:18.097387 6 275 Cecile 361.376423
0 79 20.03 26.27 2.098165 2021-06-21 16:55:20.195552 6 276 Cecile 363.474588
0 44 14.51 26.27 1.2722 2021-06-21 16:55:21.467752 6 277 Cecile 364.746788
0 60 17.43 26.05 1.063502 2021-06-21 16:55:22.531254 6 278 Cecile 365.81029
0 143 25.74 26.27 4.514349 2021-06-21 16:55:27.045603 6 279 Cecile 370.324639
0 79 20.03 26.05 1.226384 2021-06-21 16:55:28.271987 6 280 Cecile 371.551023
0 30 11.83 26.05 0.081054 2021-06-21 16:55:28.353041 6 281 Cecile 371.632077
0 71 19.06 26.05 0.692849 2021-06-21 16:55:29.045890 6 282 Cecile 372.324926
0 76 19.69 26.05 0.760403 2021-06-21 16:55:29.806293 6 283 Cecile 373.085329
0 31 12.01 26.05 0.831014 2021-06-21 16:55:30.637307 6 284 Cecile 373.916343
0 224 38.29 26.05 0.068195 2021-06-21 16:55:30.705502 6 285 Cecile 373.984538
0 335 61.77 26.05 0.033723 2021-06-21 16:55:30.739225 6 286 Cecile 374.018261
0 41 13.92 26.05 6.455475 2021-06-21 16:55:37.194700 6 287 Cecile 380.473736
0 35 12.75 26.05 2.073253 2021-06-21 16:55:39.267953 6 288 Cecile 382.546989
0 261 45.09 26.05 3.942703 2021-06-21 16:55:43.210656 6 289 Cecile 386.489692
0 280 48.67 26.05 4.579777 2021-06-21 16:55:47.790433 6 290 Cecile 391.069469
0 105 22.39 26.27 5.009296 2021-06-21 16:55:52.799729 6 291 Cecile 396.078765
0 243 41.74 26.05 0.828093 2021-06-21 16:55:53.627822 6 292 Cecile 396.906858
0 39 13.53 26.05 0.683702 2021-06-21 16:55:54.311524 6 293 Cecile 397.59056
0 39 13.53 26.27 0.952304 2021-06-21 16:55:55.263828 6 294 Cecile 398.542864
0 71 19.06 26.05 0.815041 2021-06-21 16:55:56.078869 6 295 Cecile 399.357905
0 31 12.01 26.05 1.202017 2021-06-21 16:55:57.280886 6 296 Cecile 400.559922
