# layer adc volt temp timediff time detector_muon_count detector_count detector_name
0 45 14.71 26.70 10 2021-06-22 18:20:31.298447 0 1 MattiaCosmicWatch 0.470393
0 179 30.55 27.24 0.184825 2021-06-22 18:20:31.483272 0 2 MattiaCosmicWatch 0.655218
0 120 23.58 27.13 0.128687 2021-06-22 18:20:31.611959 0 3 MattiaCosmicWatch 0.783905
0 48 15.29 26.91 2.142439 2021-06-22 18:20:33.754398 0 4 MattiaCosmicWatch 2.926344
0 88 20.96 27.24 0.060708 2021-06-22 18:20:33.815106 0 5 MattiaCosmicWatch 2.987052
0 17 10.18 26.91 2.713681 2021-06-22 18:20:36.528787 0 6 MattiaCosmicWatch 5.700733
0 19 10.33 27.13 0.922911 2021-06-22 18:20:37.451698 0 7 MattiaCosmicWatch 6.623644
2 255 43.96 27.34 0.025295 2021-06-22 18:20:37.476993 0 1 Franko 6.648939
0 58 17.10 26.59 0.783242 2021-06-22 18:20:38.260235 1 8 MattiaCosmicWatch 7.432181
0 46 14.91 27.13 0.268769 2021-06-22 18:20:38.529004 1 9 MattiaCosmicWatch 7.70095
0 307 54.48 26.16 3.900005 2021-06-22 18:20:42.429009 1 10 MattiaCosmicWatch 11.600955
0 19 10.33 27.02 0.973411 2021-06-22 18:20:43.402420 1 11 MattiaCosmicWatch 12.574366
0 176 30.09 26.81 0.080654 2021-06-22 18:20:43.483074 1 12 MattiaCosmicWatch 12.65502
0 174 29.79 27.34 0.145536 2021-06-22 18:20:43.628610 1 13 MattiaCosmicWatch 12.800556
0 24 10.88 27.02 0.884003 2021-06-22 18:20:44.512613 1 14 MattiaCosmicWatch 13.684559
0 31 12.01 26.81 0.23619 2021-06-22 18:20:44.748803 1 15 MattiaCosmicWatch 13.920749
0 70 18.93 26.70 0.078039 2021-06-22 18:20:44.826842 1 16 MattiaCosmicWatch 13.998788
0 216 36.85 26.91 0.556839 2021-06-22 18:20:45.383681 1 17 MattiaCosmicWatch 14.555627
0 172 29.49 27.13 1.081414 2021-06-22 18:20:46.465095 1 18 MattiaCosmicWatch 15.637041
0 45 14.71 26.91 2.038823 2021-06-22 18:20:48.503918 1 19 MattiaCosmicWatch 17.675864
0 99 21.91 27.02 1.601866 2021-06-22 18:20:50.105784 1 20 MattiaCosmicWatch 19.27773
0 42 14.12 26.81 0.528597 2021-06-22 18:20:50.634381 1 21 MattiaCosmicWatch 19.806327
0 27 11.33 27.13 0.926976 2021-06-22 18:20:51.561357 1 22 MattiaCosmicWatch 20.733303
0 28 11.49 26.81 0.848715 2021-06-22 18:20:52.410072 1 23 MattiaCosmicWatch 21.582018
0 211 35.96 26.81 1.135161 2021-06-22 18:20:53.545233 1 24 MattiaCosmicWatch 22.717179
1 45 14.71 27.67 0.028397 2021-06-22 18:20:53.573630 0 1 Cecile 22.745576
2 56 16.76 27.34 0.000159 2021-06-22 18:20:53.573789 0 1 M 22.745735
0 199 33.86 27.24 2.207012 2021-06-22 18:20:55.780801 2 25 MattiaCosmicWatch 24.952747
0 266 46.00 26.70 0.381457 2021-06-22 18:20:56.162258 2 26 MattiaCosmicWatch 25.334204
0 167 28.76 27.13 1.413444 2021-06-22 18:20:57.575702 2 27 MattiaCosmicWatch 26.747648
0 89 21.05 26.91 1.159018 2021-06-22 18:20:58.734720 2 28 MattiaCosmicWatch 27.906666
0 44 14.51 26.91 0.103515 2021-06-22 18:20:58.838235 2 29 MattiaCosmicWatch 28.010181
0 83 20.46 27.24 0.396305 2021-06-22 18:20:59.234540 2 30 MattiaCosmicWatch 28.406486
0 30 11.83 27.13 0.210033 2021-06-22 18:20:59.444573 2 31 MattiaCosmicWatch 28.616519
0 41 13.92 26.70 0.985601 2021-06-22 18:21:00.430174 2 32 MattiaCosmicWatch 29.60212
0 448 112.41 25.20 0.131763 2021-06-22 18:21:00.561937 2 33 MattiaCosmicWatch 29.733883
0 135 24.92 27.13 0.07423 2021-06-22 18:21:00.636167 2 34 MattiaCosmicWatch 29.808113
0 110 22.78 27.34 0.444458 2021-06-22 18:21:01.080625 2 35 MattiaCosmicWatch 30.252571
0 63 17.91 26.81 0.097119 2021-06-22 18:21:01.177744 2 36 MattiaCosmicWatch 30.34969
0 17 10.18 27.02 4.879054 2021-06-22 18:21:06.056798 2 37 MattiaCosmicWatch 35.228744
0 158 27.53 27.13 1.103489 2021-06-22 18:21:07.160287 2 38 MattiaCosmicWatch 36.332233
0 35 12.75 26.91 0.033645 2021-06-22 18:21:07.193932 2 39 MattiaCosmicWatch 36.365878
0 17 10.18 26.91 0.921717 2021-06-22 18:21:08.115649 2 40 MattiaCosmicWatch 37.287595
0 24 10.88 27.13 0.589825 2021-06-22 18:21:08.705474 2 41 MattiaCosmicWatch 37.87742
