# layer adc volt temp timediff time detector_muon_count detector_count detector_name
1 108 22.63 -1.02 10 2021-06-22 14:03:28.183999 0 1 rens 0.236912
0 66 18.36 26.27 0.281756 2021-06-22 14:03:28.465755 0 1 Cecile 0.518668
1 238 40.82 32.18 0.823536 2021-06-22 14:03:29.289291 0 2 rens 1.342204
1 363 71.20 52.80 0.185198 2021-06-22 14:03:29.474489 0 3 rens 1.527402
0 76 19.69 26.05 1.035703 2021-06-22 14:03:30.510192 0 2 Cecile 2.563105
0 35 12.75 24.44 0.159109 2021-06-22 14:03:30.669301 0 1 Niels 2.722214
1 39 13.53 -4.88 0.035856 2021-06-22 14:03:30.705157 0 4 rens 2.75807
1 94 21.50 3.82 1.216785 2021-06-22 14:03:31.921942 1 5 rens 3.974855
1 93 21.41 -0.69 0.370219 2021-06-22 14:03:32.292161 1 6 rens 4.345074
1 608 202.86 109.84 1.267527 2021-06-22 14:03:33.559688 1 7 rens 5.612601
0 30 11.83 26.05 0.601888 2021-06-22 14:03:34.161576 0 3 Cecile 6.214489
1 71 19.06 6.72 0.25839 2021-06-22 14:03:34.419966 1 8 rens 6.472879
0 380 78.12 24.44 0.915836 2021-06-22 14:03:35.335802 1 2 Niels 7.388715
0 31 12.01 26.05 0.47338 2021-06-22 14:03:35.809182 0 4 Cecile 7.862095
0 163 28.20 24.44 0.120758 2021-06-22 14:03:35.929940 1 3 Niels 7.982853
0 110 22.78 24.44 0.186423 2021-06-22 14:03:36.116363 1 4 Niels 8.169276
1 696 307.73 127.57 0.056192 2021-06-22 14:03:36.172555 1 9 rens 8.225468
1 287 50.23 47.97 1.034949 2021-06-22 14:03:37.207504 2 10 rens 9.260417
1 39 13.53 -4.88 2.037815 2021-06-22 14:03:39.245319 2 11 rens 11.298232
1 176 30.09 12.41 0.256159 2021-06-22 14:03:39.501478 2 12 rens 11.554391
1 99 21.91 -3.16 0.137725 2021-06-22 14:03:39.639203 2 13 rens 11.692116
2 192 32.67 24.44 0.507114 2021-06-22 14:03:40.146317 0 1 MattiaCosmicWatch 12.19923
2 35 12.75 24.44 0.033718 2021-06-22 14:03:40.180035 0 2 MattiaCosmicWatch 12.232948
1 81 20.25 0.60 0.188094 2021-06-22 14:03:40.368129 2 14 rens 12.421042
1 56 16.76 -14.12 0.137396 2021-06-22 14:03:40.505525 2 15 rens 12.558438
2 57 16.93 24.44 0.039935 2021-06-22 14:03:40.545460 0 3 MattiaCosmicWatch 12.598373
2 248 42.69 24.44 1.048542 2021-06-22 14:03:41.594002 1 4 MattiaCosmicWatch 13.646915
1 352 66.89 55.38 0.200377 2021-06-22 14:03:41.794379 3 16 rens 13.847292
1 92 21.32 5.32 1.91856 2021-06-22 14:03:43.712939 3 17 rens 15.765852
0 153 26.90 24.44 0.062545 2021-06-22 14:03:43.775484 2 5 Niels 15.828397
1 275 47.73 40.45 3.814982 2021-06-22 14:03:47.590466 4 18 rens 19.643379
1 35 12.75 -11.01 0.033765 2021-06-22 14:03:47.624231 4 19 rens 19.677144
1 335 61.77 41.52 0.168649 2021-06-22 14:03:47.792880 4 20 rens 19.845793
1 81 20.25 1.24 0.567958 2021-06-22 14:03:48.360838 4 21 rens 20.413751
0 35 12.75 24.44 1.090105 2021-06-22 14:03:49.450943 3 6 Niels 21.503856
1 88 20.96 2.96 0.199703 2021-06-22 14:03:49.650646 4 22 rens 21.703559
2 127 24.18 24.44 0.895701 2021-06-22 14:03:50.546347 1 5 MattiaCosmicWatch 22.59926
1 39 13.53 -5.42 0.733683 2021-06-22 14:03:51.280030 4 23 rens 23.332943
1 76 19.69 -9.39 0.167444 2021-06-22 14:03:51.447474 4 24 rens 23.500387
1 35 12.75 -18.10 0.182723 2021-06-22 14:03:51.630197 4 25 rens 23.68311
0 304 53.73 24.44 0.948846 2021-06-22 14:03:52.579043 3 7 Niels 24.631956
2 39 13.53 24.44 0.508431 2021-06-22 14:03:53.087474 1 6 MattiaCosmicWatch 25.140387
1 66 18.36 -0.59 0.554307 2021-06-22 14:03:53.641781 4 26 rens 25.694694
1 89 21.05 3.82 1.091685 2021-06-22 14:03:54.733466 4 27 rens 26.786379
1 51 15.86 -16.81 0.066493 2021-06-22 14:03:54.799959 4 28 rens 26.852872
1 62 17.75 -10.79 0.283892 2021-06-22 14:03:55.083851 4 29 rens 27.136764
2 31 12.01 24.44 0.565925 2021-06-22 14:03:55.649776 1 7 MattiaCosmicWatch 27.702689
0 440 109.25 26.27 0.33417 2021-06-22 14:03:55.983946 0 5 Cecile 28.036859
0 31 12.01 24.44 0.666704 2021-06-22 14:03:56.650650 3 8 Niels 28.703563
1 31 12.01 -7.78 0.459126 2021-06-22 14:03:57.109776 4 30 rens 29.162689
1 48 15.29 -4.88 0.956073 2021-06-22 14:03:58.065849 4 31 rens 30.118762
1 88 20.96 3.82 1.806213 2021-06-22 14:03:59.872062 4 32 rens 31.924975
0 41 13.92 24.44 0.06903 2021-06-22 14:03:59.941092 3 9 Niels 31.994005
1 184 31.36 9.30 0.014665 2021-06-22 14:03:59.955757 5 33 rens 32.00867
1 176 30.09 19.93 1.058519 2021-06-22 14:04:01.014276 5 34 rens 33.067189
1 31 12.01 -11.33 0.322555 2021-06-22 14:04:01.336831 5 35 rens 33.389744
0 199 33.86 24.44 0.52612 2021-06-22 14:04:01.862951 4 10 Niels 33.915864
0 62 17.75 24.44 0.290756 2021-06-22 14:04:02.153707 4 11 Niels 34.20662
1 48 15.29 -3.92 1.812935 2021-06-22 14:04:03.966642 5 36 rens 36.019555
1 255 43.96 30.24 0.359159 2021-06-22 14:04:04.325801 5 37 rens 36.378714
1 79 20.03 0.92 0.485272 2021-06-22 14:04:04.811073 5 38 rens 36.863986
2 204 34.73 24.44 1.324134 2021-06-22 14:04:06.135207 1 8 MattiaCosmicWatch 38.18812
1 207 35.26 26.48 0.027387 2021-06-22 14:04:06.162594 5 39 rens 38.215507
1 67 18.51 0.27 1.139724 2021-06-22 14:04:07.302318 6 40 rens 39.355231
1 44 14.51 -21.64 0.033473 2021-06-22 14:04:07.335791 6 41 rens 39.388704
0 63 17.91 24.44 0.22937 2021-06-22 14:04:07.565161 4 12 Niels 39.618074
1 70 18.93 -0.80 0.772535 2021-06-22 14:04:08.337696 6 42 rens 40.390609
1 39 13.53 -6.49 1.064558 2021-06-22 14:04:09.402254 6 43 rens 41.455167
0 81 20.25 26.05 0.167327 2021-06-22 14:04:09.569581 0 6 Cecile 41.622494
1 39 13.53 -5.10 1.571711 2021-06-22 14:04:11.141292 6 44 rens 43.194205
1 31 12.01 -24.54 0.033685 2021-06-22 14:04:11.174977 6 45 rens 43.22789
1 99 21.91 -0.69 0.401818 2021-06-22 14:04:11.576795 6 46 rens 43.629708
1 57 16.93 -1.02 1.929077 2021-06-22 14:04:13.505872 6 47 rens 45.558785
1 304 53.73 43.78 0.653992 2021-06-22 14:04:14.159864 6 48 rens 46.212777
1 53 16.22 -2.95 1.429345 2021-06-22 14:04:15.589209 6 49 rens 47.642122
0 31 12.01 26.27 1.881974 2021-06-22 14:04:17.471183 0 7 Cecile 49.524096
1 185 31.51 22.94 0.89799 2021-06-22 14:04:18.369173 6 50 rens 50.422086
1 31 12.01 -13.05 0.197378 2021-06-22 14:04:18.566551 6 51 rens 50.619464
2 304 53.73 24.44 0.185651 2021-06-22 14:04:18.752202 2 9 MattiaCosmicWatch 50.805115
1 34 12.56 -17.45 0.027232 2021-06-22 14:04:18.779434 6 52 rens 50.832347
0 62 17.75 24.44 0.626278 2021-06-22 14:04:19.405712 4 13 Niels 51.458625
1 433 104.37 73.75 0.740237 2021-06-22 14:04:20.145949 7 53 rens 52.198862
0 335 61.77 24.44 0.562747 2021-06-22 14:04:20.708696 4 14 Niels 52.761609
1 30 11.83 -6.49 1.039083 2021-06-22 14:04:21.747779 7 54 rens 53.800692
1 66 18.36 -6.49 0.433602 2021-06-22 14:04:22.181381 7 55 rens 54.234294
1 480 130.21 76.01 0.343271 2021-06-22 14:04:22.524652 7 56 rens 54.577565
1 79 20.03 9.30 0.033641 2021-06-22 14:04:22.558293 7 57 rens 54.611206
1 120 23.58 -3.92 0.033219 2021-06-22 14:04:22.591512 7 58 rens 54.644425
2 44 14.51 24.44 1.412672 2021-06-22 14:04:24.004184 3 10 MattiaCosmicWatch 56.057097
1 39 13.53 -5.42 0.368069 2021-06-22 14:04:24.372253 7 59 rens 56.425166
0 207 35.26 26.05 0.499478 2021-06-22 14:04:24.871731 0 8 Cecile 56.924644
2 31 12.01 24.44 0.130248 2021-06-22 14:04:25.001979 3 11 MattiaCosmicWatch 57.054892
0 85 20.67 26.27 0.983725 2021-06-22 14:04:25.985704 0 9 Cecile 58.038617
1 263 45.37 38.62 0.155851 2021-06-22 14:04:26.141555 7 60 rens 58.194468
2 348 65.64 24.44 0.422215 2021-06-22 14:04:26.563770 3 12 MattiaCosmicWatch 58.616683
1 79 20.03 1.24 0.1864 2021-06-22 14:04:26.750170 7 61 rens 58.803083
1 56 16.76 -3.92 0.875173 2021-06-22 14:04:27.625343 7 62 rens 59.678256
0 252 43.42 26.05 0.119337 2021-06-22 14:04:27.744680 0 10 Cecile 59.797593
1 61 17.60 -1.55 1.13162 2021-06-22 14:04:28.876300 7 63 rens 60.929213
1 316 56.81 37.23 0.124297 2021-06-22 14:04:29.000597 7 64 rens 61.05351
1 255 43.96 34.22 0.313475 2021-06-22 14:04:29.314072 7 65 rens 61.366985
2 83 20.46 24.44 0.014592 2021-06-22 14:04:29.328664 3 13 MattiaCosmicWatch 61.381577
1 51 15.86 -2.63 2.698384 2021-06-22 14:04:32.027048 8 66 rens 64.079961
2 63 17.91 24.44 0.104705 2021-06-22 14:04:32.131753 4 14 MattiaCosmicWatch 64.184666
1 45 14.71 -6.49 0.932093 2021-06-22 14:04:33.063846 8 67 rens 65.116759
0 35 12.75 24.44 0.075657 2021-06-22 14:04:33.139503 4 15 Niels 65.192416
0 63 17.91 26.05 0.701174 2021-06-22 14:04:33.840677 0 11 Cecile 65.89359
1 184 31.36 21.22 0.46605 2021-06-22 14:04:34.306727 9 68 rens 66.35964
0 103 22.23 24.44 0.023539 2021-06-22 14:04:34.330266 5 16 Niels 66.383179
1 266 46.00 30.24 0.045941 2021-06-22 14:04:34.376207 10 69 rens 66.42912
1 76 19.69 -6.49 0.033704 2021-06-22 14:04:34.409911 10 70 rens 66.462824
2 48 15.29 24.44 0.025806 2021-06-22 14:04:34.435717 4 15 MattiaCosmicWatch 66.48863
0 42 14.12 26.05 0.236551 2021-06-22 14:04:34.672268 0 12 Cecile 66.725181
