# layer adc volt temp timediff time detector_muon_count detector_count detector_name
0 88 20.96 24.44 10 2021-06-21 12:06:41.235772 0 1 Franko 5.212165
0 163 28.20 24.44 1.492914 2021-06-21 12:06:42.728686 0 2 Franko 6.705079
0 108 22.63 24.44 1.101423 2021-06-21 12:06:43.830109 0 3 Franko 7.806502
0 159 27.66 24.44 0.291347 2021-06-21 12:06:44.121456 0 4 Franko 8.097849
0 248 42.69 24.44 0.419494 2021-06-21 12:06:44.540950 0 5 Franko 8.517343
0 112 22.94 24.44 1.366037 2021-06-21 12:06:45.906987 0 6 Franko 9.88338
0 99 21.91 24.44 3.020798 2021-06-21 12:06:48.927785 0 7 Franko 12.904178
0 192 32.67 24.44 2.189962 2021-06-21 12:06:51.117747 0 8 Franko 15.09414
0 147 26.19 24.44 0.117492 2021-06-21 12:06:51.235239 0 9 Franko 15.211632
0 254 43.77 24.44 1.809598 2021-06-21 12:06:53.044837 0 10 Franko 17.02123
0 57 16.93 24.44 0.584776 2021-06-21 12:06:53.629613 0 11 Franko 17.606006
0 608 202.86 24.44 2.955424 2021-06-21 12:06:56.585037 0 12 Franko 20.56143
0 120 23.58 24.44 3.209511 2021-06-21 12:06:59.794548 0 13 Franko 23.770941
0 96 21.67 24.44 2.805462 2021-06-21 12:07:02.600010 0 14 Franko 26.576403
0 348 65.64 24.44 7.231553 2021-06-21 12:07:09.831563 0 15 Franko 33.807956
0 126 24.09 24.44 0.805216 2021-06-21 12:07:10.636779 0 16 Franko 34.613172
0 428 101.58 24.44 1.909526 2021-06-21 12:07:12.546305 0 17 Franko 36.522698
0 76 19.69 24.44 3.264032 2021-06-21 12:07:15.810337 0 18 Franko 39.78673
0 71 19.06 24.44 0.450381 2021-06-21 12:07:16.260718 0 19 Franko 40.237111
0 108 22.63 24.44 1.27195 2021-06-21 12:07:17.532668 0 20 Franko 41.509061
0 57 16.93 24.44 0.033611 2021-06-21 12:07:17.566279 0 21 Franko 41.542672
0 56 16.76 24.44 0.475577 2021-06-21 12:07:18.041856 0 22 Franko 42.018249
0 61 17.60 24.44 0.135877 2021-06-21 12:07:18.177733 0 23 Franko 42.154126
0 61 17.60 24.44 0.500365 2021-06-21 12:07:18.678098 0 24 Franko 42.654491
0 195 33.17 24.44 0.23406 2021-06-21 12:07:18.912158 0 25 Franko 42.888551
0 97 21.75 24.44 0.033752 2021-06-21 12:07:18.945910 0 26 Franko 42.922303
0 83 20.46 24.44 1.999179 2021-06-21 12:07:20.945089 0 27 Franko 44.921482
0 103 22.23 24.44 2.84106 2021-06-21 12:07:23.786149 0 28 Franko 47.762542
