# layer adc volt temp timediff time detector_muon_count detector_count detector_name
0 233 39.92 27.34 0.651751 2021-06-21 17:47:26.126544 8 237 Cecile 288.852399
0 188 32.01 27.34 0.146688 2021-06-21 17:47:26.273232 8 238 Cecile 288.999087
0 30 11.83 27.34 1.184212 2021-06-21 17:47:27.457444 8 239 Cecile 290.183299
0 231 39.55 27.34 0.525896 2021-06-21 17:47:27.983340 8 240 Cecile 290.709195
0 30 11.83 27.34 3.255631 2021-06-21 17:47:31.238971 8 241 Cecile 293.964826
0 31 12.01 27.34 4.432129 2021-06-21 17:47:35.671100 8 242 Cecile 298.396955
0 156 27.28 27.34 4.789188 2021-06-21 17:47:40.460288 8 243 Cecile 303.186143
0 41 13.92 27.34 1.10954 2021-06-21 17:47:41.569828 8 244 Cecile 304.295683
0 185 31.51 27.34 0.718276 2021-06-21 17:47:42.288104 8 245 Cecile 305.013959
0 199 33.86 27.34 2.330517 2021-06-21 17:47:44.618621 8 246 Cecile 307.344476
0 255 43.96 27.34 1.65006 2021-06-21 17:47:46.268681 8 247 Cecile 308.994536
0 35 12.75 27.34 2.046243 2021-06-21 17:47:48.314924 8 248 Cecile 311.040779
0 227 38.83 27.34 1.699102 2021-06-21 17:47:50.014026 8 249 Cecile 312.739881
0 73 19.32 27.34 2.029133 2021-06-21 17:47:52.043159 8 250 Cecile 314.769014
0 31 12.01 27.34 0.033814 2021-06-21 17:47:52.076973 8 251 Cecile 314.802828
0 103 22.23 27.34 0.376172 2021-06-21 17:47:52.453145 8 252 Cecile 315.179
0 88 20.96 27.34 0.518946 2021-06-21 17:47:52.972091 8 253 Cecile 315.697946
0 255 43.96 27.34 0.334388 2021-06-21 17:47:53.306479 8 254 Cecile 316.032334
0 35 12.75 27.34 0.238153 2021-06-21 17:47:53.544632 8 255 Cecile 316.270487
0 48 15.29 27.34 0.556654 2021-06-21 17:47:54.101286 8 256 Cecile 316.827141
2 82 20.36 26.05 2.055256 2021-06-21 17:47:56.156542 5 7 Niels 318.882397
0 177 30.25 27.34 0.017374 2021-06-21 17:47:56.173916 8 257 Cecile 318.899771
0 96 21.67 27.34 0.738727 2021-06-21 17:47:56.912643 9 258 Cecile 319.638498
0 63 17.91 27.34 3.102277 2021-06-21 17:48:00.014920 9 259 Cecile 322.740775
0 81 20.25 27.34 0.539812 2021-06-21 17:48:00.554732 9 260 Cecile 323.280587
1 51 15.86 27.02 0.103079 2021-06-21 17:48:00.657811 8 9 MattiaCosmicWatch 323.383666
0 263 45.37 27.34 0.029475 2021-06-21 17:48:00.687286 9 261 Cecile 323.413141
0 316 56.81 27.34 1.257059 2021-06-21 17:48:01.944345 10 262 Cecile 324.6702
0 419 97.20 27.34 0.184346 2021-06-21 17:48:02.128691 10 263 Cecile 324.854546
0 217 37.04 27.34 0.130612 2021-06-21 17:48:02.259303 10 264 Cecile 324.985158
0 316 56.81 27.34 2.104474 2021-06-21 17:48:04.363777 10 265 Cecile 327.089632
0 67 18.51 27.34 0.208737 2021-06-21 17:48:04.572514 10 266 Cecile 327.298369
0 184 31.36 27.34 3.723274 2021-06-21 17:48:08.295788 10 267 Cecile 331.021643
0 305 53.88 27.34 0.358688 2021-06-21 17:48:08.654476 10 268 Cecile 331.380331
0 31 12.01 27.34 0.809723 2021-06-21 17:48:09.464199 10 269 Cecile 332.190054
0 159 27.66 27.34 1.016238 2021-06-21 17:48:10.480437 10 270 Cecile 333.206292
0 96 21.67 27.34 0.975659 2021-06-21 17:48:11.456096 10 271 Cecile 334.181951
0 312 55.68 27.34 0.458623 2021-06-21 17:48:11.914719 10 272 Cecile 334.640574
0 167 28.76 27.34 1.10741 2021-06-21 17:48:13.022129 10 273 Cecile 335.747984
0 63 17.91 27.34 2.104052 2021-06-21 17:48:15.126181 10 274 Cecile 337.852036
0 44 14.51 27.34 0.946048 2021-06-21 17:48:16.072229 10 275 Cecile 338.798084
0 35 12.75 27.34 4.51799 2021-06-21 17:48:20.590219 10 276 Cecile 343.316074
0 60 17.43 27.34 1.500282 2021-06-21 17:48:22.090501 10 277 Cecile 344.816356
0 67 18.51 27.34 0.525469 2021-06-21 17:48:22.615970 10 278 Cecile 345.341825
0 220 37.58 27.34 0.900937 2021-06-21 17:48:23.516907 10 279 Cecile 346.242762
0 67 18.51 27.34 3.129383 2021-06-21 17:48:26.646290 10 280 Cecile 349.372145
0 195 33.17 27.34 4.506016 2021-06-21 17:48:31.152306 10 281 Cecile 353.878161
0 96 21.67 27.34 0.835264 2021-06-21 17:48:31.987570 10 282 Cecile 354.713425
0 323 58.48 27.34 1.302518 2021-06-21 17:48:33.290088 10 283 Cecile 356.015943
0 44 14.51 27.34 0.38797 2021-06-21 17:48:33.678058 10 284 Cecile 356.403913
