# layer adc volt temp timediff time detector_muon_count detector_count detector_name
0 263 45.37 27.34 10 2021-06-21 17:42:38.248076 0 1 Cecile 0.973931
0 147 26.19 27.34 0.227573 2021-06-21 17:42:38.475649 0 2 Cecile 1.201504
0 88 20.96 27.34 0.033791 2021-06-21 17:42:38.509440 0 3 Cecile 1.235295
0 280 48.67 27.34 1.08747 2021-06-21 17:42:39.596910 0 4 Cecile 2.322765
2 38 13.33 26.05 2.27155 2021-06-21 17:42:41.868460 0 1 Niels 4.594315
0 48 15.29 27.34 0.013045 2021-06-21 17:42:41.881505 0 5 Cecile 4.60736
0 63 17.91 27.34 0.025967 2021-06-21 17:42:41.907472 1 6 Cecile 4.633327
0 56 16.76 27.34 0.086393 2021-06-21 17:42:41.993865 1 7 Cecile 4.71972
0 56 16.76 27.34 2.167103 2021-06-21 17:42:44.160968 1 8 Cecile 6.886823
0 291 50.97 27.34 4.262415 2021-06-21 17:42:48.423383 1 9 Cecile 11.149238
0 48 15.29 27.34 1.088134 2021-06-21 17:42:49.511517 1 10 Cecile 12.237372
0 51 15.86 27.34 0.458719 2021-06-21 17:42:49.970236 1 11 Cecile 12.696091
0 152 26.78 27.34 1.606537 2021-06-21 17:42:51.576773 1 12 Cecile 14.302628
0 335 61.77 27.34 1.516743 2021-06-21 17:42:53.093516 1 13 Cecile 15.819371
0 359 69.86 27.34 0.841229 2021-06-21 17:42:53.934745 1 14 Cecile 16.6606
0 262 45.24 27.34 1.227678 2021-06-21 17:42:55.162423 1 15 Cecile 17.888278
0 120 23.58 27.34 0.936043 2021-06-21 17:42:56.098466 1 16 Cecile 18.824321
0 88 20.96 27.34 3.539475 2021-06-21 17:42:59.637941 1 17 Cecile 22.363796
0 163 28.20 27.34 0.226465 2021-06-21 17:42:59.864406 1 18 Cecile 22.590261
0 176 30.09 27.34 0.415298 2021-06-21 17:43:00.279704 1 19 Cecile 23.005559
0 102 22.15 27.34 1.585261 2021-06-21 17:43:01.864965 1 20 Cecile 24.59082
0 391 82.35 27.34 0.599001 2021-06-21 17:43:02.463966 1 21 Cecile 25.189821
0 281 48.90 27.34 0.840244 2021-06-21 17:43:03.304210 1 22 Cecile 26.030065
1 77 19.81 26.70 1.378269 2021-06-21 17:43:04.682479 0 1 MattiaCosmicWatch 27.408334
2 60 17.43 25.73 0.026501 2021-06-21 17:43:04.708980 1 2 Niels 27.434835
0 76 19.69 27.34 0.156741 2021-06-21 17:43:04.865721 1 23 Cecile 27.591576
0 153 26.90 27.34 0.090725 2021-06-21 17:43:04.956446 1 24 Cecile 27.682301
0 243 41.74 27.34 0.556305 2021-06-21 17:43:05.512751 1 25 Cecile 28.238606
0 88 20.96 27.34 0.905471 2021-06-21 17:43:06.418222 1 26 Cecile 29.144077
0 51 15.86 27.34 1.950073 2021-06-21 17:43:08.368295 1 27 Cecile 31.09415
0 94 21.50 27.34 0.49722 2021-06-21 17:43:08.865515 1 28 Cecile 31.59137
0 79 20.03 27.34 1.084514 2021-06-21 17:43:09.950029 1 29 Cecile 32.675884
0 60 17.43 27.34 0.617826 2021-06-21 17:43:10.567855 1 30 Cecile 33.29371
0 56 16.76 27.34 0.503285 2021-06-21 17:43:11.071140 1 31 Cecile 33.796995
0 108 22.63 27.34 1.971525 2021-06-21 17:43:13.042665 1 32 Cecile 35.76852
0 177 30.25 27.34 0.845773 2021-06-21 17:43:13.888438 1 33 Cecile 36.614293
0 460 119.54 27.34 0.505141 2021-06-21 17:43:14.393579 1 34 Cecile 37.119434
0 41 13.92 27.34 1.592946 2021-06-21 17:43:15.986525 1 35 Cecile 38.71238
0 30 11.83 27.34 0.364319 2021-06-21 17:43:16.350844 1 36 Cecile 39.076699
0 312 55.68 27.34 1.271827 2021-06-21 17:43:17.622671 1 37 Cecile 40.348526
0 115 23.18 27.34 3.577413 2021-06-21 17:43:21.200084 1 38 Cecile 43.925939
0 49 15.48 27.34 0.206875 2021-06-21 17:43:21.406959 1 39 Cecile 44.132814
0 39 13.53 27.34 3.472787 2021-06-21 17:43:24.879746 1 40 Cecile 47.605601
0 31 12.01 27.34 0.752123 2021-06-21 17:43:25.631869 1 41 Cecile 48.357724
0 81 20.25 27.34 3.50661 2021-06-21 17:43:29.138479 1 42 Cecile 51.864334
0 41 13.92 27.34 1.148863 2021-06-21 17:43:30.287342 1 43 Cecile 53.013197
0 103 22.23 27.34 1.865055 2021-06-21 17:43:32.152397 1 44 Cecile 54.878252
0 300 52.79 27.34 0.1065 2021-06-21 17:43:32.258897 1 45 Cecile 54.984752
0 35 12.75 27.34 0.964217 2021-06-21 17:43:33.223114 1 46 Cecile 55.948969
1 88 20.96 26.70 0.735597 2021-06-21 17:43:33.958711 1 2 MattiaCosmicWatch 56.684566
