# layer adc volt temp timediff time detector_muon_count detector_count detector_name
2 76 19.69 26.05 0.029301 2021-06-21 17:43:33.988012 2 3 Niels 56.713867
0 270 46.71 27.34 0.000817 2021-06-21 17:43:33.988829 1 47 Cecile 56.714684
0 30 11.83 27.34 2.961248 2021-06-21 17:43:36.950077 2 48 Cecile 59.675932
0 455 117.03 27.34 1.329075 2021-06-21 17:43:38.279152 2 49 Cecile 61.005007
0 51 15.86 27.34 0.033985 2021-06-21 17:43:38.313137 2 50 Cecile 61.038992
0 271 46.93 27.34 2.686801 2021-06-21 17:43:40.999938 2 51 Cecile 63.725793
0 152 26.78 27.34 1.377302 2021-06-21 17:43:42.377240 2 52 Cecile 65.103095
0 176 30.09 27.34 0.034019 2021-06-21 17:43:42.411259 2 53 Cecile 65.137114
0 46 14.91 27.34 0.094611 2021-06-21 17:43:42.505870 2 54 Cecile 65.231725
0 110 22.78 27.34 0.7889 2021-06-21 17:43:43.294770 2 55 Cecile 66.020625
1 31 12.01 26.70 0.18481 2021-06-21 17:43:43.479580 2 3 MattiaCosmicWatch 66.205435
0 174 29.79 27.34 0.028487 2021-06-21 17:43:43.508067 2 56 Cecile 66.233922
0 207 35.26 27.34 0.806173 2021-06-21 17:43:44.314240 3 57 Cecile 67.040095
0 44 14.51 27.34 0.557404 2021-06-21 17:43:44.871644 3 58 Cecile 67.597499
0 57 16.93 27.34 0.034013 2021-06-21 17:43:44.905657 3 59 Cecile 67.631512
0 56 16.76 27.34 1.480368 2021-06-21 17:43:46.386025 3 60 Cecile 69.11188
0 39 13.53 27.34 1.26054 2021-06-21 17:43:47.646565 3 61 Cecile 70.37242
0 286 49.78 27.34 0.476674 2021-06-21 17:43:48.123239 3 62 Cecile 70.849094
0 48 15.29 27.34 0.034006 2021-06-21 17:43:48.157245 3 63 Cecile 70.8831
0 207 35.26 27.34 0.281429 2021-06-21 17:43:48.438674 3 64 Cecile 71.164529
0 291 50.97 27.34 0.908073 2021-06-21 17:43:49.346747 3 65 Cecile 72.072602
0 39 13.53 27.34 0.257419 2021-06-21 17:43:49.604166 3 66 Cecile 72.330021
0 231 39.55 27.34 0.643178 2021-06-21 17:43:50.247344 3 67 Cecile 72.973199
0 396 85.28 27.34 2.697872 2021-06-21 17:43:52.945216 3 68 Cecile 75.671071
0 327 59.28 27.34 0.180445 2021-06-21 17:43:53.125661 3 69 Cecile 75.851516
2 66 18.36 26.05 0.192173 2021-06-21 17:43:53.317834 3 4 Niels 76.043689
0 220 37.58 27.34 0.101066 2021-06-21 17:43:53.418900 3 70 Cecile 76.144755
0 280 48.67 27.34 0.67872 2021-06-21 17:43:54.097620 3 71 Cecile 76.823475
0 300 52.79 27.34 0.938947 2021-06-21 17:43:55.036567 3 72 Cecile 77.762422
0 281 48.90 27.34 4.155249 2021-06-21 17:43:59.191816 3 73 Cecile 81.917671
0 33 12.37 27.34 4.024112 2021-06-21 17:44:03.215928 3 74 Cecile 85.941783
0 103 22.23 27.34 2.808483 2021-06-21 17:44:06.024411 3 75 Cecile 88.750266
0 83 20.46 27.34 1.982503 2021-06-21 17:44:08.006914 3 76 Cecile 90.732769
0 158 27.53 27.34 0.960891 2021-06-21 17:44:08.967805 3 77 Cecile 91.69366
0 153 26.90 27.34 0.255981 2021-06-21 17:44:09.223786 3 78 Cecile 91.949641
0 51 15.86 27.34 1.199729 2021-06-21 17:44:10.423515 3 79 Cecile 93.14937
0 115 23.18 27.34 0.151399 2021-06-21 17:44:10.574914 3 80 Cecile 93.300769
0 56 16.76 27.34 0.780066 2021-06-21 17:44:11.354980 3 81 Cecile 94.080835
0 252 43.42 27.34 0.060469 2021-06-21 17:44:11.415449 3 82 Cecile 94.141304
0 236 40.44 27.34 0.732807 2021-06-21 17:44:12.148256 3 83 Cecile 94.874111
0 159 27.66 27.34 1.079974 2021-06-21 17:44:13.228230 3 84 Cecile 95.954085
0 30 11.83 27.34 1.832039 2021-06-21 17:44:15.060269 3 85 Cecile 97.786124
0 224 38.29 27.34 1.952511 2021-06-21 17:44:17.012780 3 86 Cecile 99.738635
0 28 11.49 27.34 0.144651 2021-06-21 17:44:17.157431 3 87 Cecile 99.883286
0 243 41.74 27.34 2.840953 2021-06-21 17:44:19.998384 3 88 Cecile 102.724239
0 103 22.23 27.34 0.886499 2021-06-21 17:44:20.884883 3 89 Cecile 103.610738
0 44 14.51 27.34 0.441222 2021-06-21 17:44:21.326105 3 90 Cecile 104.05196
0 103 22.23 27.34 0.8924 2021-06-21 17:44:22.218505 3 91 Cecile 104.94436
0 47 15.10 27.34 3.659341 2021-06-21 17:44:25.877846 3 92 Cecile 108.603701
0 44 14.51 27.34 0.657158 2021-06-21 17:44:26.535004 3 93 Cecile 109.260859
