0 122 43.96 27.34 2.739193 2021-06-21 17:49:38.084558 16 326 Cecile 420.810413
1 124 23.92 27.34 0.033954 2021-06-21 17:49:38.118512 14 14 MattiaCosmicWatch 420.844367
2 88 20.96 26.05 0.006154 2021-06-21 17:49:38.124666 9 10 Niels 420.850521

0 623 43.96 27.34 2.739193 2021-06-21 17:49:38.084558 16 326 Cecile 420.810413
1 124 23.92 27.34 0.033954 2021-06-21 17:49:38.118512 14 14 MattiaCosmicWatch 420.844367
2 88 20.96 26.05 0.006154 2021-06-21 17:49:38.124666 9 10 Niels 420.850521

0 565 43.96 27.34 2.739193 2021-06-21 17:49:38.084558 16 326 Cecile 420.810413
1 124 23.92 27.34 0.033954 2021-06-21 17:49:38.118512 14 14 MattiaCosmicWatch 420.844367
2 88 20.96 26.05 0.006154 2021-06-21 17:49:38.124666 9 10 Niels 420.850521

0 464 43.96 27.34 2.739193 2021-06-21 17:49:38.084558 16 326 Cecile 420.810413
1 124 23.92 27.34 0.033954 2021-06-21 17:49:38.118512 14 14 MattiaCosmicWatch 420.844367
2 88 20.96 26.05 0.006154 2021-06-21 17:49:38.124666 9 10 Niels 420.850521

0 374 43.96 27.34 2.739193 2021-06-21 17:49:38.084558 16 326 Cecile 420.810413
1 124 23.92 27.34 0.033954 2021-06-21 17:49:38.118512 14 14 MattiaCosmicWatch 420.844367
2 88 20.96 26.05 0.006154 2021-06-21 17:49:38.124666 9 10 Niels 420.850521

0 463 43.96 27.34 2.739193 2021-06-21 17:49:38.084558 16 326 Cecile 420.810413
1 124 23.92 27.34 0.033954 2021-06-21 17:49:38.118512 14 14 MattiaCosmicWatch 420.844367
2 88 20.96 26.05 0.006154 2021-06-21 17:49:38.124666 9 10 Niels 420.850521

0 545 43.96 27.34 2.739193 2021-06-21 17:49:38.084558 16 326 Cecile 420.810413
1 124 23.92 27.34 0.033954 2021-06-21 17:49:38.118512 14 14 MattiaCosmicWatch 420.844367
2 88 20.96 26.05 0.006154 2021-06-21 17:49:38.124666 9 10 Niels 420.850521

0 513 43.96 27.34 2.739193 2021-06-21 17:49:38.084558 16 326 Cecile 420.810413
1 124 23.92 27.34 0.033954 2021-06-21 17:49:38.118512 14 14 MattiaCosmicWatch 420.844367
2 88 20.96 26.05 0.006154 2021-06-21 17:49:38.124666 9 10 Niels 420.850521

0 327 43.96 27.34 2.739193 2021-06-21 17:49:38.084558 16 326 Cecile 420.810413
1 124 23.92 27.34 0.033954 2021-06-21 17:49:38.118512 14 14 MattiaCosmicWatch 420.844367
2 88 20.96 26.05 0.006154 2021-06-21 17:49:38.124666 9 10 Niels 420.850521

0 119 43.96 27.34 2.739193 2021-06-21 17:49:38.084558 16 326 Cecile 420.810413
1 124 23.92 27.34 0.033954 2021-06-21 17:49:38.118512 14 14 MattiaCosmicWatch 420.844367
2 88 20.96 26.05 0.006154 2021-06-21 17:49:38.124666 9 10 Niels 420.850521

0 893 43.96 27.34 2.739193 2021-06-21 17:49:38.084558 16 326 Cecile 420.810413
1 124 23.92 27.34 0.033954 2021-06-21 17:49:38.118512 14 14 MattiaCosmicWatch 420.844367
2 88 20.96 26.05 0.006154 2021-06-21 17:49:38.124666 9 10 Niels 420.850521

0 159 43.96 27.34 2.739193 2021-06-21 17:49:38.084558 16 326 Cecile 420.810413
1 124 23.92 27.34 0.033954 2021-06-21 17:49:38.118512 14 14 MattiaCosmicWatch 420.844367
2 88 20.96 26.05 0.006154 2021-06-21 17:49:38.124666 9 10 Niels 420.850521

0 583 43.96 27.34 2.739193 2021-06-21 17:49:38.084558 16 326 Cecile 420.810413
1 124 23.92 27.34 0.033954 2021-06-21 17:49:38.118512 14 14 MattiaCosmicWatch 420.844367
2 88 20.96 26.05 0.006154 2021-06-21 17:49:38.124666 9 10 Niels 420.850521

0 535 43.96 27.34 2.739193 2021-06-21 17:49:38.084558 16 326 Cecile 420.810413
1 124 23.92 27.34 0.033954 2021-06-21 17:49:38.118512 14 14 MattiaCosmicWatch 420.844367
2 88 20.96 26.05 0.006154 2021-06-21 17:49:38.124666 9 10 Niels 420.850521

0 856 43.96 27.34 2.739193 2021-06-21 17:49:38.084558 16 326 Cecile 420.810413
1 124 23.92 27.34 0.033954 2021-06-21 17:49:38.118512 14 14 MattiaCosmicWatch 420.844367
2 88 20.96 26.05 0.006154 2021-06-21 17:49:38.124666 9 10 Niels 420.850521

0 848 43.96 27.34 2.739193 2021-06-21 17:49:38.084558 16 326 Cecile 420.810413
1 124 23.92 27.34 0.033954 2021-06-21 17:49:38.118512 14 14 MattiaCosmicWatch 420.844367
2 88 20.96 26.05 0.006154 2021-06-21 17:49:38.124666 9 10 Niels 420.850521

0 145 43.96 27.34 2.739193 2021-06-21 17:49:38.084558 16 326 Cecile 420.810413
1 124 23.92 27.34 0.033954 2021-06-21 17:49:38.118512 14 14 MattiaCosmicWatch 420.844367
2 88 20.96 26.05 0.006154 2021-06-21 17:49:38.124666 9 10 Niels 420.850521

0 164 43.96 27.34 2.739193 2021-06-21 17:49:38.084558 16 326 Cecile 420.810413
1 124 23.92 27.34 0.033954 2021-06-21 17:49:38.118512 14 14 MattiaCosmicWatch 420.844367
2 88 20.96 26.05 0.006154 2021-06-21 17:49:38.124666 9 10 Niels 420.850521

0 834 43.96 27.34 2.739193 2021-06-21 17:49:38.084558 16 326 Cecile 420.810413
1 124 23.92 27.34 0.033954 2021-06-21 17:49:38.118512 14 14 MattiaCosmicWatch 420.844367
2 88 20.96 26.05 0.006154 2021-06-21 17:49:38.124666 9 10 Niels 420.850521

0 904 43.96 27.34 2.739193 2021-06-21 17:49:38.084558 16 326 Cecile 420.810413
1 124 23.92 27.34 0.033954 2021-06-21 17:49:38.118512 14 14 MattiaCosmicWatch 420.844367
2 88 20.96 26.05 0.006154 2021-06-21 17:49:38.124666 9 10 Niels 420.850521

0 142 43.96 27.34 2.739193 2021-06-21 17:49:38.084558 16 326 Cecile 420.810413
1 124 23.92 27.34 0.033954 2021-06-21 17:49:38.118512 14 14 MattiaCosmicWatch 420.844367
2 88 20.96 26.05 0.006154 2021-06-21 17:49:38.124666 9 10 Niels 420.850521

0 933 43.96 27.34 2.739193 2021-06-21 17:49:38.084558 16 326 Cecile 420.810413
1 124 23.92 27.34 0.033954 2021-06-21 17:49:38.118512 14 14 MattiaCosmicWatch 420.844367
2 88 20.96 26.05 0.006154 2021-06-21 17:49:38.124666 9 10 Niels 420.850521

0 523 43.96 27.34 2.739193 2021-06-21 17:49:38.084558 16 326 Cecile 420.810413
1 124 23.92 27.34 0.033954 2021-06-21 17:49:38.118512 14 14 MattiaCosmicWatch 420.844367
2 88 20.96 26.05 0.006154 2021-06-21 17:49:38.124666 9 10 Niels 420.850521

0 670 43.96 27.34 2.739193 2021-06-21 17:49:38.084558 16 326 Cecile 420.810413
1 124 23.92 27.34 0.033954 2021-06-21 17:49:38.118512 14 14 MattiaCosmicWatch 420.844367
2 88 20.96 26.05 0.006154 2021-06-21 17:49:38.124666 9 10 Niels 420.850521

0 480 43.96 27.34 2.739193 2021-06-21 17:49:38.084558 16 326 Cecile 420.810413
1 124 23.92 27.34 0.033954 2021-06-21 17:49:38.118512 14 14 MattiaCosmicWatch 420.844367
2 88 20.96 26.05 0.006154 2021-06-21 17:49:38.124666 9 10 Niels 420.850521

0 618 43.96 27.34 2.739193 2021-06-21 17:49:38.084558 16 326 Cecile 420.810413
1 124 23.92 27.34 0.033954 2021-06-21 17:49:38.118512 14 14 MattiaCosmicWatch 420.844367
2 88 20.96 26.05 0.006154 2021-06-21 17:49:38.124666 9 10 Niels 420.850521

0 363 43.96 27.34 2.739193 2021-06-21 17:49:38.084558 16 326 Cecile 420.810413
1 124 23.92 27.34 0.033954 2021-06-21 17:49:38.118512 14 14 MattiaCosmicWatch 420.844367
2 88 20.96 26.05 0.006154 2021-06-21 17:49:38.124666 9 10 Niels 420.850521

0 825 43.96 27.34 2.739193 2021-06-21 17:49:38.084558 16 326 Cecile 420.810413
1 124 23.92 27.34 0.033954 2021-06-21 17:49:38.118512 14 14 MattiaCosmicWatch 420.844367
2 88 20.96 26.05 0.006154 2021-06-21 17:49:38.124666 9 10 Niels 420.850521

0 803 43.96 27.34 2.739193 2021-06-21 17:49:38.084558 16 326 Cecile 420.810413
1 124 23.92 27.34 0.033954 2021-06-21 17:49:38.118512 14 14 MattiaCosmicWatch 420.844367
2 88 20.96 26.05 0.006154 2021-06-21 17:49:38.124666 9 10 Niels 420.850521

0 206 43.96 27.34 2.739193 2021-06-21 17:49:38.084558 16 326 Cecile 420.810413
1 124 23.92 27.34 0.033954 2021-06-21 17:49:38.118512 14 14 MattiaCosmicWatch 420.844367
2 88 20.96 26.05 0.006154 2021-06-21 17:49:38.124666 9 10 Niels 420.850521

0 909 43.96 27.34 2.739193 2021-06-21 17:49:38.084558 16 326 Cecile 420.810413
1 124 23.92 27.34 0.033954 2021-06-21 17:49:38.118512 14 14 MattiaCosmicWatch 420.844367
2 88 20.96 26.05 0.006154 2021-06-21 17:49:38.124666 9 10 Niels 420.850521

0 897 43.96 27.34 2.739193 2021-06-21 17:49:38.084558 16 326 Cecile 420.810413
1 124 23.92 27.34 0.033954 2021-06-21 17:49:38.118512 14 14 MattiaCosmicWatch 420.844367
2 88 20.96 26.05 0.006154 2021-06-21 17:49:38.124666 9 10 Niels 420.850521

0 699 43.96 27.34 2.739193 2021-06-21 17:49:38.084558 16 326 Cecile 420.810413
1 124 23.92 27.34 0.033954 2021-06-21 17:49:38.118512 14 14 MattiaCosmicWatch 420.844367
2 88 20.96 26.05 0.006154 2021-06-21 17:49:38.124666 9 10 Niels 420.850521

0 228 43.96 27.34 2.739193 2021-06-21 17:49:38.084558 16 326 Cecile 420.810413
1 124 23.92 27.34 0.033954 2021-06-21 17:49:38.118512 14 14 MattiaCosmicWatch 420.844367
2 88 20.96 26.05 0.006154 2021-06-21 17:49:38.124666 9 10 Niels 420.850521

0 538 43.96 27.34 2.739193 2021-06-21 17:49:38.084558 16 326 Cecile 420.810413
1 124 23.92 27.34 0.033954 2021-06-21 17:49:38.118512 14 14 MattiaCosmicWatch 420.844367
2 88 20.96 26.05 0.006154 2021-06-21 17:49:38.124666 9 10 Niels 420.850521

0 593 43.96 27.34 2.739193 2021-06-21 17:49:38.084558 16 326 Cecile 420.810413
1 124 23.92 27.34 0.033954 2021-06-21 17:49:38.118512 14 14 MattiaCosmicWatch 420.844367
2 88 20.96 26.05 0.006154 2021-06-21 17:49:38.124666 9 10 Niels 420.850521

0 946 43.96 27.34 2.739193 2021-06-21 17:49:38.084558 16 326 Cecile 420.810413
1 124 23.92 27.34 0.033954 2021-06-21 17:49:38.118512 14 14 MattiaCosmicWatch 420.844367
2 88 20.96 26.05 0.006154 2021-06-21 17:49:38.124666 9 10 Niels 420.850521

0 907 43.96 27.34 2.739193 2021-06-21 17:49:38.084558 16 326 Cecile 420.810413
1 124 23.92 27.34 0.033954 2021-06-21 17:49:38.118512 14 14 MattiaCosmicWatch 420.844367
2 88 20.96 26.05 0.006154 2021-06-21 17:49:38.124666 9 10 Niels 420.850521

0 504 43.96 27.34 2.739193 2021-06-21 17:49:38.084558 16 326 Cecile 420.810413
1 124 23.92 27.34 0.033954 2021-06-21 17:49:38.118512 14 14 MattiaCosmicWatch 420.844367
2 88 20.96 26.05 0.006154 2021-06-21 17:49:38.124666 9 10 Niels 420.850521

0 411 43.96 27.34 2.739193 2021-06-21 17:49:38.084558 16 326 Cecile 420.810413
1 124 23.92 27.34 0.033954 2021-06-21 17:49:38.118512 14 14 MattiaCosmicWatch 420.844367
2 88 20.96 26.05 0.006154 2021-06-21 17:49:38.124666 9 10 Niels 420.850521

0 699 43.96 27.34 2.739193 2021-06-21 17:49:38.084558 16 326 Cecile 420.810413
1 124 23.92 27.34 0.033954 2021-06-21 17:49:38.118512 14 14 MattiaCosmicWatch 420.844367
2 88 20.96 26.05 0.006154 2021-06-21 17:49:38.124666 9 10 Niels 420.850521

0 587 43.96 27.34 2.739193 2021-06-21 17:49:38.084558 16 326 Cecile 420.810413
1 124 23.92 27.34 0.033954 2021-06-21 17:49:38.118512 14 14 MattiaCosmicWatch 420.844367
2 88 20.96 26.05 0.006154 2021-06-21 17:49:38.124666 9 10 Niels 420.850521

0 759 43.96 27.34 2.739193 2021-06-21 17:49:38.084558 16 326 Cecile 420.810413
1 124 23.92 27.34 0.033954 2021-06-21 17:49:38.118512 14 14 MattiaCosmicWatch 420.844367
2 88 20.96 26.05 0.006154 2021-06-21 17:49:38.124666 9 10 Niels 420.850521

0 537 43.96 27.34 2.739193 2021-06-21 17:49:38.084558 16 326 Cecile 420.810413
1 124 23.92 27.34 0.033954 2021-06-21 17:49:38.118512 14 14 MattiaCosmicWatch 420.844367
2 88 20.96 26.05 0.006154 2021-06-21 17:49:38.124666 9 10 Niels 420.850521

0 200 43.96 27.34 2.739193 2021-06-21 17:49:38.084558 16 326 Cecile 420.810413
1 124 23.92 27.34 0.033954 2021-06-21 17:49:38.118512 14 14 MattiaCosmicWatch 420.844367
2 88 20.96 26.05 0.006154 2021-06-21 17:49:38.124666 9 10 Niels 420.850521

0 931 43.96 27.34 2.739193 2021-06-21 17:49:38.084558 16 326 Cecile 420.810413
1 124 23.92 27.34 0.033954 2021-06-21 17:49:38.118512 14 14 MattiaCosmicWatch 420.844367
2 88 20.96 26.05 0.006154 2021-06-21 17:49:38.124666 9 10 Niels 420.850521

0 638 43.96 27.34 2.739193 2021-06-21 17:49:38.084558 16 326 Cecile 420.810413
1 124 23.92 27.34 0.033954 2021-06-21 17:49:38.118512 14 14 MattiaCosmicWatch 420.844367
2 88 20.96 26.05 0.006154 2021-06-21 17:49:38.124666 9 10 Niels 420.850521

0 196 43.96 27.34 2.739193 2021-06-21 17:49:38.084558 16 326 Cecile 420.810413
1 124 23.92 27.34 0.033954 2021-06-21 17:49:38.118512 14 14 MattiaCosmicWatch 420.844367
2 88 20.96 26.05 0.006154 2021-06-21 17:49:38.124666 9 10 Niels 420.850521

0 262 43.96 27.34 2.739193 2021-06-21 17:49:38.084558 16 326 Cecile 420.810413
1 124 23.92 27.34 0.033954 2021-06-21 17:49:38.118512 14 14 MattiaCosmicWatch 420.844367
2 88 20.96 26.05 0.006154 2021-06-21 17:49:38.124666 9 10 Niels 420.850521

0 317 43.96 27.34 2.739193 2021-06-21 17:49:38.084558 16 326 Cecile 420.810413
1 124 23.92 27.34 0.033954 2021-06-21 17:49:38.118512 14 14 MattiaCosmicWatch 420.844367
2 88 20.96 26.05 0.006154 2021-06-21 17:49:38.124666 9 10 Niels 420.850521

0 166 43.96 27.34 2.739193 2021-06-21 17:49:38.084558 16 326 Cecile 420.810413
1 124 23.92 27.34 0.033954 2021-06-21 17:49:38.118512 14 14 MattiaCosmicWatch 420.844367
2 88 20.96 26.05 0.006154 2021-06-21 17:49:38.124666 9 10 Niels 420.850521

0 873 43.96 27.34 2.739193 2021-06-21 17:49:38.084558 16 326 Cecile 420.810413
1 124 23.92 27.34 0.033954 2021-06-21 17:49:38.118512 14 14 MattiaCosmicWatch 420.844367
2 88 20.96 26.05 0.006154 2021-06-21 17:49:38.124666 9 10 Niels 420.850521

0 770 43.96 27.34 2.739193 2021-06-21 17:49:38.084558 16 326 Cecile 420.810413
1 124 23.92 27.34 0.033954 2021-06-21 17:49:38.118512 14 14 MattiaCosmicWatch 420.844367
2 88 20.96 26.05 0.006154 2021-06-21 17:49:38.124666 9 10 Niels 420.850521

0 776 43.96 27.34 2.739193 2021-06-21 17:49:38.084558 16 326 Cecile 420.810413
1 124 23.92 27.34 0.033954 2021-06-21 17:49:38.118512 14 14 MattiaCosmicWatch 420.844367
2 88 20.96 26.05 0.006154 2021-06-21 17:49:38.124666 9 10 Niels 420.850521

0 784 43.96 27.34 2.739193 2021-06-21 17:49:38.084558 16 326 Cecile 420.810413
1 124 23.92 27.34 0.033954 2021-06-21 17:49:38.118512 14 14 MattiaCosmicWatch 420.844367
2 88 20.96 26.05 0.006154 2021-06-21 17:49:38.124666 9 10 Niels 420.850521

0 939 43.96 27.34 2.739193 2021-06-21 17:49:38.084558 16 326 Cecile 420.810413
1 124 23.92 27.34 0.033954 2021-06-21 17:49:38.118512 14 14 MattiaCosmicWatch 420.844367
2 88 20.96 26.05 0.006154 2021-06-21 17:49:38.124666 9 10 Niels 420.850521

0 34 43.96 27.34 2.739193 2021-06-21 17:49:38.084558 16 326 Cecile 420.810413
1 124 23.92 27.34 0.033954 2021-06-21 17:49:38.118512 14 14 MattiaCosmicWatch 420.844367
2 88 20.96 26.05 0.006154 2021-06-21 17:49:38.124666 9 10 Niels 420.850521

0 816 43.96 27.34 2.739193 2021-06-21 17:49:38.084558 16 326 Cecile 420.810413
1 124 23.92 27.34 0.033954 2021-06-21 17:49:38.118512 14 14 MattiaCosmicWatch 420.844367
2 88 20.96 26.05 0.006154 2021-06-21 17:49:38.124666 9 10 Niels 420.850521

0 585 43.96 27.34 2.739193 2021-06-21 17:49:38.084558 16 326 Cecile 420.810413
1 124 23.92 27.34 0.033954 2021-06-21 17:49:38.118512 14 14 MattiaCosmicWatch 420.844367
2 88 20.96 26.05 0.006154 2021-06-21 17:49:38.124666 9 10 Niels 420.850521

0 804 43.96 27.34 2.739193 2021-06-21 17:49:38.084558 16 326 Cecile 420.810413
1 124 23.92 27.34 0.033954 2021-06-21 17:49:38.118512 14 14 MattiaCosmicWatch 420.844367
2 88 20.96 26.05 0.006154 2021-06-21 17:49:38.124666 9 10 Niels 420.850521

0 1003 43.96 27.34 2.739193 2021-06-21 17:49:38.084558 16 326 Cecile 420.810413
1 124 23.92 27.34 0.033954 2021-06-21 17:49:38.118512 14 14 MattiaCosmicWatch 420.844367
2 88 20.96 26.05 0.006154 2021-06-21 17:49:38.124666 9 10 Niels 420.850521

0 191 43.96 27.34 2.739193 2021-06-21 17:49:38.084558 16 326 Cecile 420.810413
1 124 23.92 27.34 0.033954 2021-06-21 17:49:38.118512 14 14 MattiaCosmicWatch 420.844367
2 88 20.96 26.05 0.006154 2021-06-21 17:49:38.124666 9 10 Niels 420.850521

0 322 43.96 27.34 2.739193 2021-06-21 17:49:38.084558 16 326 Cecile 420.810413
1 124 23.92 27.34 0.033954 2021-06-21 17:49:38.118512 14 14 MattiaCosmicWatch 420.844367
2 88 20.96 26.05 0.006154 2021-06-21 17:49:38.124666 9 10 Niels 420.850521

0 766 43.96 27.34 2.739193 2021-06-21 17:49:38.084558 16 326 Cecile 420.810413
1 124 23.92 27.34 0.033954 2021-06-21 17:49:38.118512 14 14 MattiaCosmicWatch 420.844367
2 88 20.96 26.05 0.006154 2021-06-21 17:49:38.124666 9 10 Niels 420.850521

0 740 43.96 27.34 2.739193 2021-06-21 17:49:38.084558 16 326 Cecile 420.810413
1 124 23.92 27.34 0.033954 2021-06-21 17:49:38.118512 14 14 MattiaCosmicWatch 420.844367
2 88 20.96 26.05 0.006154 2021-06-21 17:49:38.124666 9 10 Niels 420.850521

0 127 43.96 27.34 2.739193 2021-06-21 17:49:38.084558 16 326 Cecile 420.810413
1 124 23.92 27.34 0.033954 2021-06-21 17:49:38.118512 14 14 MattiaCosmicWatch 420.844367
2 88 20.96 26.05 0.006154 2021-06-21 17:49:38.124666 9 10 Niels 420.850521

0 799 43.96 27.34 2.739193 2021-06-21 17:49:38.084558 16 326 Cecile 420.810413
1 124 23.92 27.34 0.033954 2021-06-21 17:49:38.118512 14 14 MattiaCosmicWatch 420.844367
2 88 20.96 26.05 0.006154 2021-06-21 17:49:38.124666 9 10 Niels 420.850521

0 570 43.96 27.34 2.739193 2021-06-21 17:49:38.084558 16 326 Cecile 420.810413
1 124 23.92 27.34 0.033954 2021-06-21 17:49:38.118512 14 14 MattiaCosmicWatch 420.844367
2 88 20.96 26.05 0.006154 2021-06-21 17:49:38.124666 9 10 Niels 420.850521

0 983 43.96 27.34 2.739193 2021-06-21 17:49:38.084558 16 326 Cecile 420.810413
1 124 23.92 27.34 0.033954 2021-06-21 17:49:38.118512 14 14 MattiaCosmicWatch 420.844367
2 88 20.96 26.05 0.006154 2021-06-21 17:49:38.124666 9 10 Niels 420.850521

0 601 43.96 27.34 2.739193 2021-06-21 17:49:38.084558 16 326 Cecile 420.810413
1 124 23.92 27.34 0.033954 2021-06-21 17:49:38.118512 14 14 MattiaCosmicWatch 420.844367
2 88 20.96 26.05 0.006154 2021-06-21 17:49:38.124666 9 10 Niels 420.850521

0 443 43.96 27.34 2.739193 2021-06-21 17:49:38.084558 16 326 Cecile 420.810413
1 124 23.92 27.34 0.033954 2021-06-21 17:49:38.118512 14 14 MattiaCosmicWatch 420.844367
2 88 20.96 26.05 0.006154 2021-06-21 17:49:38.124666 9 10 Niels 420.850521

0 18 43.96 27.34 2.739193 2021-06-21 17:49:38.084558 16 326 Cecile 420.810413
1 124 23.92 27.34 0.033954 2021-06-21 17:49:38.118512 14 14 MattiaCosmicWatch 420.844367
2 88 20.96 26.05 0.006154 2021-06-21 17:49:38.124666 9 10 Niels 420.850521

0 627 43.96 27.34 2.739193 2021-06-21 17:49:38.084558 16 326 Cecile 420.810413
1 124 23.92 27.34 0.033954 2021-06-21 17:49:38.118512 14 14 MattiaCosmicWatch 420.844367
2 88 20.96 26.05 0.006154 2021-06-21 17:49:38.124666 9 10 Niels 420.850521

0 706 43.96 27.34 2.739193 2021-06-21 17:49:38.084558 16 326 Cecile 420.810413
1 124 23.92 27.34 0.033954 2021-06-21 17:49:38.118512 14 14 MattiaCosmicWatch 420.844367
2 88 20.96 26.05 0.006154 2021-06-21 17:49:38.124666 9 10 Niels 420.850521

0 457 43.96 27.34 2.739193 2021-06-21 17:49:38.084558 16 326 Cecile 420.810413
1 124 23.92 27.34 0.033954 2021-06-21 17:49:38.118512 14 14 MattiaCosmicWatch 420.844367
2 88 20.96 26.05 0.006154 2021-06-21 17:49:38.124666 9 10 Niels 420.850521

0 994 43.96 27.34 2.739193 2021-06-21 17:49:38.084558 16 326 Cecile 420.810413
1 124 23.92 27.34 0.033954 2021-06-21 17:49:38.118512 14 14 MattiaCosmicWatch 420.844367
2 88 20.96 26.05 0.006154 2021-06-21 17:49:38.124666 9 10 Niels 420.850521

0 506 43.96 27.34 2.739193 2021-06-21 17:49:38.084558 16 326 Cecile 420.810413
1 124 23.92 27.34 0.033954 2021-06-21 17:49:38.118512 14 14 MattiaCosmicWatch 420.844367
2 88 20.96 26.05 0.006154 2021-06-21 17:49:38.124666 9 10 Niels 420.850521

0 800 43.96 27.34 2.739193 2021-06-21 17:49:38.084558 16 326 Cecile 420.810413
1 124 23.92 27.34 0.033954 2021-06-21 17:49:38.118512 14 14 MattiaCosmicWatch 420.844367
2 88 20.96 26.05 0.006154 2021-06-21 17:49:38.124666 9 10 Niels 420.850521

0 510 43.96 27.34 2.739193 2021-06-21 17:49:38.084558 16 326 Cecile 420.810413
1 124 23.92 27.34 0.033954 2021-06-21 17:49:38.118512 14 14 MattiaCosmicWatch 420.844367
2 88 20.96 26.05 0.006154 2021-06-21 17:49:38.124666 9 10 Niels 420.850521

0 404 43.96 27.34 2.739193 2021-06-21 17:49:38.084558 16 326 Cecile 420.810413
1 124 23.92 27.34 0.033954 2021-06-21 17:49:38.118512 14 14 MattiaCosmicWatch 420.844367
2 88 20.96 26.05 0.006154 2021-06-21 17:49:38.124666 9 10 Niels 420.850521

0 691 43.96 27.34 2.739193 2021-06-21 17:49:38.084558 16 326 Cecile 420.810413
1 124 23.92 27.34 0.033954 2021-06-21 17:49:38.118512 14 14 MattiaCosmicWatch 420.844367
2 88 20.96 26.05 0.006154 2021-06-21 17:49:38.124666 9 10 Niels 420.850521

0 597 43.96 27.34 2.739193 2021-06-21 17:49:38.084558 16 326 Cecile 420.810413
1 124 23.92 27.34 0.033954 2021-06-21 17:49:38.118512 14 14 MattiaCosmicWatch 420.844367
2 88 20.96 26.05 0.006154 2021-06-21 17:49:38.124666 9 10 Niels 420.850521

0 769 43.96 27.34 2.739193 2021-06-21 17:49:38.084558 16 326 Cecile 420.810413
1 124 23.92 27.34 0.033954 2021-06-21 17:49:38.118512 14 14 MattiaCosmicWatch 420.844367
2 88 20.96 26.05 0.006154 2021-06-21 17:49:38.124666 9 10 Niels 420.850521

0 982 43.96 27.34 2.739193 2021-06-21 17:49:38.084558 16 326 Cecile 420.810413
1 124 23.92 27.34 0.033954 2021-06-21 17:49:38.118512 14 14 MattiaCosmicWatch 420.844367
2 88 20.96 26.05 0.006154 2021-06-21 17:49:38.124666 9 10 Niels 420.850521

0 161 43.96 27.34 2.739193 2021-06-21 17:49:38.084558 16 326 Cecile 420.810413
1 124 23.92 27.34 0.033954 2021-06-21 17:49:38.118512 14 14 MattiaCosmicWatch 420.844367
2 88 20.96 26.05 0.006154 2021-06-21 17:49:38.124666 9 10 Niels 420.850521

0 380 43.96 27.34 2.739193 2021-06-21 17:49:38.084558 16 326 Cecile 420.810413
1 124 23.92 27.34 0.033954 2021-06-21 17:49:38.118512 14 14 MattiaCosmicWatch 420.844367
2 88 20.96 26.05 0.006154 2021-06-21 17:49:38.124666 9 10 Niels 420.850521

0 866 43.96 27.34 2.739193 2021-06-21 17:49:38.084558 16 326 Cecile 420.810413
1 124 23.92 27.34 0.033954 2021-06-21 17:49:38.118512 14 14 MattiaCosmicWatch 420.844367
2 88 20.96 26.05 0.006154 2021-06-21 17:49:38.124666 9 10 Niels 420.850521

0 251 43.96 27.34 2.739193 2021-06-21 17:49:38.084558 16 326 Cecile 420.810413
1 124 23.92 27.34 0.033954 2021-06-21 17:49:38.118512 14 14 MattiaCosmicWatch 420.844367
2 88 20.96 26.05 0.006154 2021-06-21 17:49:38.124666 9 10 Niels 420.850521

0 302 43.96 27.34 2.739193 2021-06-21 17:49:38.084558 16 326 Cecile 420.810413
1 124 23.92 27.34 0.033954 2021-06-21 17:49:38.118512 14 14 MattiaCosmicWatch 420.844367
2 88 20.96 26.05 0.006154 2021-06-21 17:49:38.124666 9 10 Niels 420.850521

0 250 43.96 27.34 2.739193 2021-06-21 17:49:38.084558 16 326 Cecile 420.810413
1 124 23.92 27.34 0.033954 2021-06-21 17:49:38.118512 14 14 MattiaCosmicWatch 420.844367
2 88 20.96 26.05 0.006154 2021-06-21 17:49:38.124666 9 10 Niels 420.850521

0 302 43.96 27.34 2.739193 2021-06-21 17:49:38.084558 16 326 Cecile 420.810413
1 124 23.92 27.34 0.033954 2021-06-21 17:49:38.118512 14 14 MattiaCosmicWatch 420.844367
2 88 20.96 26.05 0.006154 2021-06-21 17:49:38.124666 9 10 Niels 420.850521

0 609 43.96 27.34 2.739193 2021-06-21 17:49:38.084558 16 326 Cecile 420.810413
1 124 23.92 27.34 0.033954 2021-06-21 17:49:38.118512 14 14 MattiaCosmicWatch 420.844367
2 88 20.96 26.05 0.006154 2021-06-21 17:49:38.124666 9 10 Niels 420.850521

0 466 43.96 27.34 2.739193 2021-06-21 17:49:38.084558 16 326 Cecile 420.810413
1 124 23.92 27.34 0.033954 2021-06-21 17:49:38.118512 14 14 MattiaCosmicWatch 420.844367
2 88 20.96 26.05 0.006154 2021-06-21 17:49:38.124666 9 10 Niels 420.850521

0 924 43.96 27.34 2.739193 2021-06-21 17:49:38.084558 16 326 Cecile 420.810413
1 124 23.92 27.34 0.033954 2021-06-21 17:49:38.118512 14 14 MattiaCosmicWatch 420.844367
2 88 20.96 26.05 0.006154 2021-06-21 17:49:38.124666 9 10 Niels 420.850521

0 1005 43.96 27.34 2.739193 2021-06-21 17:49:38.084558 16 326 Cecile 420.810413
1 124 23.92 27.34 0.033954 2021-06-21 17:49:38.118512 14 14 MattiaCosmicWatch 420.844367
2 88 20.96 26.05 0.006154 2021-06-21 17:49:38.124666 9 10 Niels 420.850521

0 659 43.96 27.34 2.739193 2021-06-21 17:49:38.084558 16 326 Cecile 420.810413
1 124 23.92 27.34 0.033954 2021-06-21 17:49:38.118512 14 14 MattiaCosmicWatch 420.844367
2 88 20.96 26.05 0.006154 2021-06-21 17:49:38.124666 9 10 Niels 420.850521

0 1005 43.96 27.34 2.739193 2021-06-21 17:49:38.084558 16 326 Cecile 420.810413
1 124 23.92 27.34 0.033954 2021-06-21 17:49:38.118512 14 14 MattiaCosmicWatch 420.844367
2 88 20.96 26.05 0.006154 2021-06-21 17:49:38.124666 9 10 Niels 420.850521

0 201 43.96 27.34 2.739193 2021-06-21 17:49:38.084558 16 326 Cecile 420.810413
1 124 23.92 27.34 0.033954 2021-06-21 17:49:38.118512 14 14 MattiaCosmicWatch 420.844367
2 88 20.96 26.05 0.006154 2021-06-21 17:49:38.124666 9 10 Niels 420.850521

0 601 43.96 27.34 2.739193 2021-06-21 17:49:38.084558 16 326 Cecile 420.810413
1 124 23.92 27.34 0.033954 2021-06-21 17:49:38.118512 14 14 MattiaCosmicWatch 420.844367
2 88 20.96 26.05 0.006154 2021-06-21 17:49:38.124666 9 10 Niels 420.850521

0 586 43.96 27.34 2.739193 2021-06-21 17:49:38.084558 16 326 Cecile 420.810413
1 124 23.92 27.34 0.033954 2021-06-21 17:49:38.118512 14 14 MattiaCosmicWatch 420.844367
2 88 20.96 26.05 0.006154 2021-06-21 17:49:38.124666 9 10 Niels 420.850521

0 432 43.96 27.34 2.739193 2021-06-21 17:49:38.084558 16 326 Cecile 420.810413
1 124 23.92 27.34 0.033954 2021-06-21 17:49:38.118512 14 14 MattiaCosmicWatch 420.844367
2 88 20.96 26.05 0.006154 2021-06-21 17:49:38.124666 9 10 Niels 420.850521

0 70 43.96 27.34 2.739193 2021-06-21 17:49:38.084558 16 326 Cecile 420.810413
1 124 23.92 27.34 0.033954 2021-06-21 17:49:38.118512 14 14 MattiaCosmicWatch 420.844367
2 88 20.96 26.05 0.006154 2021-06-21 17:49:38.124666 9 10 Niels 420.850521

0 379 43.96 27.34 2.739193 2021-06-21 17:49:38.084558 16 326 Cecile 420.810413
1 124 23.92 27.34 0.033954 2021-06-21 17:49:38.118512 14 14 MattiaCosmicWatch 420.844367
2 88 20.96 26.05 0.006154 2021-06-21 17:49:38.124666 9 10 Niels 420.850521

0 229 43.96 27.34 2.739193 2021-06-21 17:49:38.084558 16 326 Cecile 420.810413
1 124 23.92 27.34 0.033954 2021-06-21 17:49:38.118512 14 14 MattiaCosmicWatch 420.844367
2 88 20.96 26.05 0.006154 2021-06-21 17:49:38.124666 9 10 Niels 420.850521

0 203 43.96 27.34 2.739193 2021-06-21 17:49:38.084558 16 326 Cecile 420.810413
1 124 23.92 27.34 0.033954 2021-06-21 17:49:38.118512 14 14 MattiaCosmicWatch 420.844367
2 88 20.96 26.05 0.006154 2021-06-21 17:49:38.124666 9 10 Niels 420.850521

0 612 43.96 27.34 2.739193 2021-06-21 17:49:38.084558 16 326 Cecile 420.810413
1 124 23.92 27.34 0.033954 2021-06-21 17:49:38.118512 14 14 MattiaCosmicWatch 420.844367
2 88 20.96 26.05 0.006154 2021-06-21 17:49:38.124666 9 10 Niels 420.850521

0 869 43.96 27.34 2.739193 2021-06-21 17:49:38.084558 16 326 Cecile 420.810413
1 124 23.92 27.34 0.033954 2021-06-21 17:49:38.118512 14 14 MattiaCosmicWatch 420.844367
2 88 20.96 26.05 0.006154 2021-06-21 17:49:38.124666 9 10 Niels 420.850521

0 1 43.96 27.34 2.739193 2021-06-21 17:49:38.084558 16 326 Cecile 420.810413
1 124 23.92 27.34 0.033954 2021-06-21 17:49:38.118512 14 14 MattiaCosmicWatch 420.844367
2 88 20.96 26.05 0.006154 2021-06-21 17:49:38.124666 9 10 Niels 420.850521

0 84 43.96 27.34 2.739193 2021-06-21 17:49:38.084558 16 326 Cecile 420.810413
1 124 23.92 27.34 0.033954 2021-06-21 17:49:38.118512 14 14 MattiaCosmicWatch 420.844367
2 88 20.96 26.05 0.006154 2021-06-21 17:49:38.124666 9 10 Niels 420.850521

0 228 43.96 27.34 2.739193 2021-06-21 17:49:38.084558 16 326 Cecile 420.810413
1 124 23.92 27.34 0.033954 2021-06-21 17:49:38.118512 14 14 MattiaCosmicWatch 420.844367
2 88 20.96 26.05 0.006154 2021-06-21 17:49:38.124666 9 10 Niels 420.850521

0 767 43.96 27.34 2.739193 2021-06-21 17:49:38.084558 16 326 Cecile 420.810413
1 124 23.92 27.34 0.033954 2021-06-21 17:49:38.118512 14 14 MattiaCosmicWatch 420.844367
2 88 20.96 26.05 0.006154 2021-06-21 17:49:38.124666 9 10 Niels 420.850521

0 964 43.96 27.34 2.739193 2021-06-21 17:49:38.084558 16 326 Cecile 420.810413
1 124 23.92 27.34 0.033954 2021-06-21 17:49:38.118512 14 14 MattiaCosmicWatch 420.844367
2 88 20.96 26.05 0.006154 2021-06-21 17:49:38.124666 9 10 Niels 420.850521

0 713 43.96 27.34 2.739193 2021-06-21 17:49:38.084558 16 326 Cecile 420.810413
1 124 23.92 27.34 0.033954 2021-06-21 17:49:38.118512 14 14 MattiaCosmicWatch 420.844367
2 88 20.96 26.05 0.006154 2021-06-21 17:49:38.124666 9 10 Niels 420.850521

0 570 43.96 27.34 2.739193 2021-06-21 17:49:38.084558 16 326 Cecile 420.810413
1 124 23.92 27.34 0.033954 2021-06-21 17:49:38.118512 14 14 MattiaCosmicWatch 420.844367
2 88 20.96 26.05 0.006154 2021-06-21 17:49:38.124666 9 10 Niels 420.850521

0 69 43.96 27.34 2.739193 2021-06-21 17:49:38.084558 16 326 Cecile 420.810413
1 124 23.92 27.34 0.033954 2021-06-21 17:49:38.118512 14 14 MattiaCosmicWatch 420.844367
2 88 20.96 26.05 0.006154 2021-06-21 17:49:38.124666 9 10 Niels 420.850521

0 424 43.96 27.34 2.739193 2021-06-21 17:49:38.084558 16 326 Cecile 420.810413
1 124 23.92 27.34 0.033954 2021-06-21 17:49:38.118512 14 14 MattiaCosmicWatch 420.844367
2 88 20.96 26.05 0.006154 2021-06-21 17:49:38.124666 9 10 Niels 420.850521

0 376 43.96 27.34 2.739193 2021-06-21 17:49:38.084558 16 326 Cecile 420.810413
1 124 23.92 27.34 0.033954 2021-06-21 17:49:38.118512 14 14 MattiaCosmicWatch 420.844367
2 88 20.96 26.05 0.006154 2021-06-21 17:49:38.124666 9 10 Niels 420.850521

0 105 43.96 27.34 2.739193 2021-06-21 17:49:38.084558 16 326 Cecile 420.810413
1 124 23.92 27.34 0.033954 2021-06-21 17:49:38.118512 14 14 MattiaCosmicWatch 420.844367
2 88 20.96 26.05 0.006154 2021-06-21 17:49:38.124666 9 10 Niels 420.850521

0 372 43.96 27.34 2.739193 2021-06-21 17:49:38.084558 16 326 Cecile 420.810413
1 124 23.92 27.34 0.033954 2021-06-21 17:49:38.118512 14 14 MattiaCosmicWatch 420.844367
2 88 20.96 26.05 0.006154 2021-06-21 17:49:38.124666 9 10 Niels 420.850521

0 993 43.96 27.34 2.739193 2021-06-21 17:49:38.084558 16 326 Cecile 420.810413
1 124 23.92 27.34 0.033954 2021-06-21 17:49:38.118512 14 14 MattiaCosmicWatch 420.844367
2 88 20.96 26.05 0.006154 2021-06-21 17:49:38.124666 9 10 Niels 420.850521

0 477 43.96 27.34 2.739193 2021-06-21 17:49:38.084558 16 326 Cecile 420.810413
1 124 23.92 27.34 0.033954 2021-06-21 17:49:38.118512 14 14 MattiaCosmicWatch 420.844367
2 88 20.96 26.05 0.006154 2021-06-21 17:49:38.124666 9 10 Niels 420.850521

0 521 43.96 27.34 2.739193 2021-06-21 17:49:38.084558 16 326 Cecile 420.810413
1 124 23.92 27.34 0.033954 2021-06-21 17:49:38.118512 14 14 MattiaCosmicWatch 420.844367
2 88 20.96 26.05 0.006154 2021-06-21 17:49:38.124666 9 10 Niels 420.850521

0 541 43.96 27.34 2.739193 2021-06-21 17:49:38.084558 16 326 Cecile 420.810413
1 124 23.92 27.34 0.033954 2021-06-21 17:49:38.118512 14 14 MattiaCosmicWatch 420.844367
2 88 20.96 26.05 0.006154 2021-06-21 17:49:38.124666 9 10 Niels 420.850521

0 543 43.96 27.34 2.739193 2021-06-21 17:49:38.084558 16 326 Cecile 420.810413
1 124 23.92 27.34 0.033954 2021-06-21 17:49:38.118512 14 14 MattiaCosmicWatch 420.844367
2 88 20.96 26.05 0.006154 2021-06-21 17:49:38.124666 9 10 Niels 420.850521

0 35 43.96 27.34 2.739193 2021-06-21 17:49:38.084558 16 326 Cecile 420.810413
1 124 23.92 27.34 0.033954 2021-06-21 17:49:38.118512 14 14 MattiaCosmicWatch 420.844367
2 88 20.96 26.05 0.006154 2021-06-21 17:49:38.124666 9 10 Niels 420.850521

0 936 43.96 27.34 2.739193 2021-06-21 17:49:38.084558 16 326 Cecile 420.810413
1 124 23.92 27.34 0.033954 2021-06-21 17:49:38.118512 14 14 MattiaCosmicWatch 420.844367
2 88 20.96 26.05 0.006154 2021-06-21 17:49:38.124666 9 10 Niels 420.850521

0 353 43.96 27.34 2.739193 2021-06-21 17:49:38.084558 16 326 Cecile 420.810413
1 124 23.92 27.34 0.033954 2021-06-21 17:49:38.118512 14 14 MattiaCosmicWatch 420.844367
2 88 20.96 26.05 0.006154 2021-06-21 17:49:38.124666 9 10 Niels 420.850521

0 4 43.96 27.34 2.739193 2021-06-21 17:49:38.084558 16 326 Cecile 420.810413
1 124 23.92 27.34 0.033954 2021-06-21 17:49:38.118512 14 14 MattiaCosmicWatch 420.844367
2 88 20.96 26.05 0.006154 2021-06-21 17:49:38.124666 9 10 Niels 420.850521

0 75 43.96 27.34 2.739193 2021-06-21 17:49:38.084558 16 326 Cecile 420.810413
1 124 23.92 27.34 0.033954 2021-06-21 17:49:38.118512 14 14 MattiaCosmicWatch 420.844367
2 88 20.96 26.05 0.006154 2021-06-21 17:49:38.124666 9 10 Niels 420.850521

0 60 43.96 27.34 2.739193 2021-06-21 17:49:38.084558 16 326 Cecile 420.810413
1 124 23.92 27.34 0.033954 2021-06-21 17:49:38.118512 14 14 MattiaCosmicWatch 420.844367
2 88 20.96 26.05 0.006154 2021-06-21 17:49:38.124666 9 10 Niels 420.850521

0 815 43.96 27.34 2.739193 2021-06-21 17:49:38.084558 16 326 Cecile 420.810413
1 124 23.92 27.34 0.033954 2021-06-21 17:49:38.118512 14 14 MattiaCosmicWatch 420.844367
2 88 20.96 26.05 0.006154 2021-06-21 17:49:38.124666 9 10 Niels 420.850521

0 66 43.96 27.34 2.739193 2021-06-21 17:49:38.084558 16 326 Cecile 420.810413
1 124 23.92 27.34 0.033954 2021-06-21 17:49:38.118512 14 14 MattiaCosmicWatch 420.844367
2 88 20.96 26.05 0.006154 2021-06-21 17:49:38.124666 9 10 Niels 420.850521

0 137 43.96 27.34 2.739193 2021-06-21 17:49:38.084558 16 326 Cecile 420.810413
1 124 23.92 27.34 0.033954 2021-06-21 17:49:38.118512 14 14 MattiaCosmicWatch 420.844367
2 88 20.96 26.05 0.006154 2021-06-21 17:49:38.124666 9 10 Niels 420.850521

0 730 43.96 27.34 2.739193 2021-06-21 17:49:38.084558 16 326 Cecile 420.810413
1 124 23.92 27.34 0.033954 2021-06-21 17:49:38.118512 14 14 MattiaCosmicWatch 420.844367
2 88 20.96 26.05 0.006154 2021-06-21 17:49:38.124666 9 10 Niels 420.850521

0 818 43.96 27.34 2.739193 2021-06-21 17:49:38.084558 16 326 Cecile 420.810413
1 124 23.92 27.34 0.033954 2021-06-21 17:49:38.118512 14 14 MattiaCosmicWatch 420.844367
2 88 20.96 26.05 0.006154 2021-06-21 17:49:38.124666 9 10 Niels 420.850521

0 462 43.96 27.34 2.739193 2021-06-21 17:49:38.084558 16 326 Cecile 420.810413
1 124 23.92 27.34 0.033954 2021-06-21 17:49:38.118512 14 14 MattiaCosmicWatch 420.844367
2 88 20.96 26.05 0.006154 2021-06-21 17:49:38.124666 9 10 Niels 420.850521

0 567 43.96 27.34 2.739193 2021-06-21 17:49:38.084558 16 326 Cecile 420.810413
1 124 23.92 27.34 0.033954 2021-06-21 17:49:38.118512 14 14 MattiaCosmicWatch 420.844367
2 88 20.96 26.05 0.006154 2021-06-21 17:49:38.124666 9 10 Niels 420.850521

0 443 43.96 27.34 2.739193 2021-06-21 17:49:38.084558 16 326 Cecile 420.810413
1 124 23.92 27.34 0.033954 2021-06-21 17:49:38.118512 14 14 MattiaCosmicWatch 420.844367
2 88 20.96 26.05 0.006154 2021-06-21 17:49:38.124666 9 10 Niels 420.850521

0 754 43.96 27.34 2.739193 2021-06-21 17:49:38.084558 16 326 Cecile 420.810413
1 124 23.92 27.34 0.033954 2021-06-21 17:49:38.118512 14 14 MattiaCosmicWatch 420.844367
2 88 20.96 26.05 0.006154 2021-06-21 17:49:38.124666 9 10 Niels 420.850521

0 987 43.96 27.34 2.739193 2021-06-21 17:49:38.084558 16 326 Cecile 420.810413
1 124 23.92 27.34 0.033954 2021-06-21 17:49:38.118512 14 14 MattiaCosmicWatch 420.844367
2 88 20.96 26.05 0.006154 2021-06-21 17:49:38.124666 9 10 Niels 420.850521

0 397 43.96 27.34 2.739193 2021-06-21 17:49:38.084558 16 326 Cecile 420.810413
1 124 23.92 27.34 0.033954 2021-06-21 17:49:38.118512 14 14 MattiaCosmicWatch 420.844367
2 88 20.96 26.05 0.006154 2021-06-21 17:49:38.124666 9 10 Niels 420.850521

0 310 43.96 27.34 2.739193 2021-06-21 17:49:38.084558 16 326 Cecile 420.810413
1 124 23.92 27.34 0.033954 2021-06-21 17:49:38.118512 14 14 MattiaCosmicWatch 420.844367
2 88 20.96 26.05 0.006154 2021-06-21 17:49:38.124666 9 10 Niels 420.850521

0 963 43.96 27.34 2.739193 2021-06-21 17:49:38.084558 16 326 Cecile 420.810413
1 124 23.92 27.34 0.033954 2021-06-21 17:49:38.118512 14 14 MattiaCosmicWatch 420.844367
2 88 20.96 26.05 0.006154 2021-06-21 17:49:38.124666 9 10 Niels 420.850521

0 983 43.96 27.34 2.739193 2021-06-21 17:49:38.084558 16 326 Cecile 420.810413
1 124 23.92 27.34 0.033954 2021-06-21 17:49:38.118512 14 14 MattiaCosmicWatch 420.844367
2 88 20.96 26.05 0.006154 2021-06-21 17:49:38.124666 9 10 Niels 420.850521

0 597 43.96 27.34 2.739193 2021-06-21 17:49:38.084558 16 326 Cecile 420.810413
1 124 23.92 27.34 0.033954 2021-06-21 17:49:38.118512 14 14 MattiaCosmicWatch 420.844367
2 88 20.96 26.05 0.006154 2021-06-21 17:49:38.124666 9 10 Niels 420.850521

0 848 43.96 27.34 2.739193 2021-06-21 17:49:38.084558 16 326 Cecile 420.810413
1 124 23.92 27.34 0.033954 2021-06-21 17:49:38.118512 14 14 MattiaCosmicWatch 420.844367
2 88 20.96 26.05 0.006154 2021-06-21 17:49:38.124666 9 10 Niels 420.850521

0 234 43.96 27.34 2.739193 2021-06-21 17:49:38.084558 16 326 Cecile 420.810413
1 124 23.92 27.34 0.033954 2021-06-21 17:49:38.118512 14 14 MattiaCosmicWatch 420.844367
2 88 20.96 26.05 0.006154 2021-06-21 17:49:38.124666 9 10 Niels 420.850521

0 510 43.96 27.34 2.739193 2021-06-21 17:49:38.084558 16 326 Cecile 420.810413
1 124 23.92 27.34 0.033954 2021-06-21 17:49:38.118512 14 14 MattiaCosmicWatch 420.844367
2 88 20.96 26.05 0.006154 2021-06-21 17:49:38.124666 9 10 Niels 420.850521

0 418 43.96 27.34 2.739193 2021-06-21 17:49:38.084558 16 326 Cecile 420.810413
1 124 23.92 27.34 0.033954 2021-06-21 17:49:38.118512 14 14 MattiaCosmicWatch 420.844367
2 88 20.96 26.05 0.006154 2021-06-21 17:49:38.124666 9 10 Niels 420.850521

0 543 43.96 27.34 2.739193 2021-06-21 17:49:38.084558 16 326 Cecile 420.810413
1 124 23.92 27.34 0.033954 2021-06-21 17:49:38.118512 14 14 MattiaCosmicWatch 420.844367
2 88 20.96 26.05 0.006154 2021-06-21 17:49:38.124666 9 10 Niels 420.850521

0 232 43.96 27.34 2.739193 2021-06-21 17:49:38.084558 16 326 Cecile 420.810413
1 124 23.92 27.34 0.033954 2021-06-21 17:49:38.118512 14 14 MattiaCosmicWatch 420.844367
2 88 20.96 26.05 0.006154 2021-06-21 17:49:38.124666 9 10 Niels 420.850521

0 878 43.96 27.34 2.739193 2021-06-21 17:49:38.084558 16 326 Cecile 420.810413
1 124 23.92 27.34 0.033954 2021-06-21 17:49:38.118512 14 14 MattiaCosmicWatch 420.844367
2 88 20.96 26.05 0.006154 2021-06-21 17:49:38.124666 9 10 Niels 420.850521

0 290 43.96 27.34 2.739193 2021-06-21 17:49:38.084558 16 326 Cecile 420.810413
1 124 23.92 27.34 0.033954 2021-06-21 17:49:38.118512 14 14 MattiaCosmicWatch 420.844367
2 88 20.96 26.05 0.006154 2021-06-21 17:49:38.124666 9 10 Niels 420.850521

0 898 43.96 27.34 2.739193 2021-06-21 17:49:38.084558 16 326 Cecile 420.810413
1 124 23.92 27.34 0.033954 2021-06-21 17:49:38.118512 14 14 MattiaCosmicWatch 420.844367
2 88 20.96 26.05 0.006154 2021-06-21 17:49:38.124666 9 10 Niels 420.850521

0 179 43.96 27.34 2.739193 2021-06-21 17:49:38.084558 16 326 Cecile 420.810413
1 124 23.92 27.34 0.033954 2021-06-21 17:49:38.118512 14 14 MattiaCosmicWatch 420.844367
2 88 20.96 26.05 0.006154 2021-06-21 17:49:38.124666 9 10 Niels 420.850521

0 1014 43.96 27.34 2.739193 2021-06-21 17:49:38.084558 16 326 Cecile 420.810413
1 124 23.92 27.34 0.033954 2021-06-21 17:49:38.118512 14 14 MattiaCosmicWatch 420.844367
2 88 20.96 26.05 0.006154 2021-06-21 17:49:38.124666 9 10 Niels 420.850521

0 474 43.96 27.34 2.739193 2021-06-21 17:49:38.084558 16 326 Cecile 420.810413
1 124 23.92 27.34 0.033954 2021-06-21 17:49:38.118512 14 14 MattiaCosmicWatch 420.844367
2 88 20.96 26.05 0.006154 2021-06-21 17:49:38.124666 9 10 Niels 420.850521

0 905 43.96 27.34 2.739193 2021-06-21 17:49:38.084558 16 326 Cecile 420.810413
1 124 23.92 27.34 0.033954 2021-06-21 17:49:38.118512 14 14 MattiaCosmicWatch 420.844367
2 88 20.96 26.05 0.006154 2021-06-21 17:49:38.124666 9 10 Niels 420.850521

0 210 43.96 27.34 2.739193 2021-06-21 17:49:38.084558 16 326 Cecile 420.810413
1 124 23.92 27.34 0.033954 2021-06-21 17:49:38.118512 14 14 MattiaCosmicWatch 420.844367
2 88 20.96 26.05 0.006154 2021-06-21 17:49:38.124666 9 10 Niels 420.850521

0 532 43.96 27.34 2.739193 2021-06-21 17:49:38.084558 16 326 Cecile 420.810413
1 124 23.92 27.34 0.033954 2021-06-21 17:49:38.118512 14 14 MattiaCosmicWatch 420.844367
2 88 20.96 26.05 0.006154 2021-06-21 17:49:38.124666 9 10 Niels 420.850521

0 38 43.96 27.34 2.739193 2021-06-21 17:49:38.084558 16 326 Cecile 420.810413
1 124 23.92 27.34 0.033954 2021-06-21 17:49:38.118512 14 14 MattiaCosmicWatch 420.844367
2 88 20.96 26.05 0.006154 2021-06-21 17:49:38.124666 9 10 Niels 420.850521

0 996 43.96 27.34 2.739193 2021-06-21 17:49:38.084558 16 326 Cecile 420.810413
1 124 23.92 27.34 0.033954 2021-06-21 17:49:38.118512 14 14 MattiaCosmicWatch 420.844367
2 88 20.96 26.05 0.006154 2021-06-21 17:49:38.124666 9 10 Niels 420.850521

0 166 43.96 27.34 2.739193 2021-06-21 17:49:38.084558 16 326 Cecile 420.810413
1 124 23.92 27.34 0.033954 2021-06-21 17:49:38.118512 14 14 MattiaCosmicWatch 420.844367
2 88 20.96 26.05 0.006154 2021-06-21 17:49:38.124666 9 10 Niels 420.850521

0 161 43.96 27.34 2.739193 2021-06-21 17:49:38.084558 16 326 Cecile 420.810413
1 124 23.92 27.34 0.033954 2021-06-21 17:49:38.118512 14 14 MattiaCosmicWatch 420.844367
2 88 20.96 26.05 0.006154 2021-06-21 17:49:38.124666 9 10 Niels 420.850521

0 585 43.96 27.34 2.739193 2021-06-21 17:49:38.084558 16 326 Cecile 420.810413
1 124 23.92 27.34 0.033954 2021-06-21 17:49:38.118512 14 14 MattiaCosmicWatch 420.844367
2 88 20.96 26.05 0.006154 2021-06-21 17:49:38.124666 9 10 Niels 420.850521

0 111 43.96 27.34 2.739193 2021-06-21 17:49:38.084558 16 326 Cecile 420.810413
1 124 23.92 27.34 0.033954 2021-06-21 17:49:38.118512 14 14 MattiaCosmicWatch 420.844367
2 88 20.96 26.05 0.006154 2021-06-21 17:49:38.124666 9 10 Niels 420.850521

0 152 43.96 27.34 2.739193 2021-06-21 17:49:38.084558 16 326 Cecile 420.810413
1 124 23.92 27.34 0.033954 2021-06-21 17:49:38.118512 14 14 MattiaCosmicWatch 420.844367
2 88 20.96 26.05 0.006154 2021-06-21 17:49:38.124666 9 10 Niels 420.850521

0 679 43.96 27.34 2.739193 2021-06-21 17:49:38.084558 16 326 Cecile 420.810413
1 124 23.92 27.34 0.033954 2021-06-21 17:49:38.118512 14 14 MattiaCosmicWatch 420.844367
2 88 20.96 26.05 0.006154 2021-06-21 17:49:38.124666 9 10 Niels 420.850521

0 455 43.96 27.34 2.739193 2021-06-21 17:49:38.084558 16 326 Cecile 420.810413
1 124 23.92 27.34 0.033954 2021-06-21 17:49:38.118512 14 14 MattiaCosmicWatch 420.844367
2 88 20.96 26.05 0.006154 2021-06-21 17:49:38.124666 9 10 Niels 420.850521

0 803 43.96 27.34 2.739193 2021-06-21 17:49:38.084558 16 326 Cecile 420.810413
1 124 23.92 27.34 0.033954 2021-06-21 17:49:38.118512 14 14 MattiaCosmicWatch 420.844367
2 88 20.96 26.05 0.006154 2021-06-21 17:49:38.124666 9 10 Niels 420.850521

0 202 43.96 27.34 2.739193 2021-06-21 17:49:38.084558 16 326 Cecile 420.810413
1 124 23.92 27.34 0.033954 2021-06-21 17:49:38.118512 14 14 MattiaCosmicWatch 420.844367
2 88 20.96 26.05 0.006154 2021-06-21 17:49:38.124666 9 10 Niels 420.850521

0 587 43.96 27.34 2.739193 2021-06-21 17:49:38.084558 16 326 Cecile 420.810413
1 124 23.92 27.34 0.033954 2021-06-21 17:49:38.118512 14 14 MattiaCosmicWatch 420.844367
2 88 20.96 26.05 0.006154 2021-06-21 17:49:38.124666 9 10 Niels 420.850521

0 788 43.96 27.34 2.739193 2021-06-21 17:49:38.084558 16 326 Cecile 420.810413
1 124 23.92 27.34 0.033954 2021-06-21 17:49:38.118512 14 14 MattiaCosmicWatch 420.844367
2 88 20.96 26.05 0.006154 2021-06-21 17:49:38.124666 9 10 Niels 420.850521

0 738 43.96 27.34 2.739193 2021-06-21 17:49:38.084558 16 326 Cecile 420.810413
1 124 23.92 27.34 0.033954 2021-06-21 17:49:38.118512 14 14 MattiaCosmicWatch 420.844367
2 88 20.96 26.05 0.006154 2021-06-21 17:49:38.124666 9 10 Niels 420.850521

0 70 43.96 27.34 2.739193 2021-06-21 17:49:38.084558 16 326 Cecile 420.810413
1 124 23.92 27.34 0.033954 2021-06-21 17:49:38.118512 14 14 MattiaCosmicWatch 420.844367
2 88 20.96 26.05 0.006154 2021-06-21 17:49:38.124666 9 10 Niels 420.850521

0 308 43.96 27.34 2.739193 2021-06-21 17:49:38.084558 16 326 Cecile 420.810413
1 124 23.92 27.34 0.033954 2021-06-21 17:49:38.118512 14 14 MattiaCosmicWatch 420.844367
2 88 20.96 26.05 0.006154 2021-06-21 17:49:38.124666 9 10 Niels 420.850521

0 971 43.96 27.34 2.739193 2021-06-21 17:49:38.084558 16 326 Cecile 420.810413
1 124 23.92 27.34 0.033954 2021-06-21 17:49:38.118512 14 14 MattiaCosmicWatch 420.844367
2 88 20.96 26.05 0.006154 2021-06-21 17:49:38.124666 9 10 Niels 420.850521

0 926 43.96 27.34 2.739193 2021-06-21 17:49:38.084558 16 326 Cecile 420.810413
1 124 23.92 27.34 0.033954 2021-06-21 17:49:38.118512 14 14 MattiaCosmicWatch 420.844367
2 88 20.96 26.05 0.006154 2021-06-21 17:49:38.124666 9 10 Niels 420.850521

0 206 43.96 27.34 2.739193 2021-06-21 17:49:38.084558 16 326 Cecile 420.810413
1 124 23.92 27.34 0.033954 2021-06-21 17:49:38.118512 14 14 MattiaCosmicWatch 420.844367
2 88 20.96 26.05 0.006154 2021-06-21 17:49:38.124666 9 10 Niels 420.850521

0 218 43.96 27.34 2.739193 2021-06-21 17:49:38.084558 16 326 Cecile 420.810413
1 124 23.92 27.34 0.033954 2021-06-21 17:49:38.118512 14 14 MattiaCosmicWatch 420.844367
2 88 20.96 26.05 0.006154 2021-06-21 17:49:38.124666 9 10 Niels 420.850521

0 245 43.96 27.34 2.739193 2021-06-21 17:49:38.084558 16 326 Cecile 420.810413
1 124 23.92 27.34 0.033954 2021-06-21 17:49:38.118512 14 14 MattiaCosmicWatch 420.844367
2 88 20.96 26.05 0.006154 2021-06-21 17:49:38.124666 9 10 Niels 420.850521

0 862 43.96 27.34 2.739193 2021-06-21 17:49:38.084558 16 326 Cecile 420.810413
1 124 23.92 27.34 0.033954 2021-06-21 17:49:38.118512 14 14 MattiaCosmicWatch 420.844367
2 88 20.96 26.05 0.006154 2021-06-21 17:49:38.124666 9 10 Niels 420.850521

0 707 43.96 27.34 2.739193 2021-06-21 17:49:38.084558 16 326 Cecile 420.810413
1 124 23.92 27.34 0.033954 2021-06-21 17:49:38.118512 14 14 MattiaCosmicWatch 420.844367
2 88 20.96 26.05 0.006154 2021-06-21 17:49:38.124666 9 10 Niels 420.850521

0 1004 43.96 27.34 2.739193 2021-06-21 17:49:38.084558 16 326 Cecile 420.810413
1 124 23.92 27.34 0.033954 2021-06-21 17:49:38.118512 14 14 MattiaCosmicWatch 420.844367
2 88 20.96 26.05 0.006154 2021-06-21 17:49:38.124666 9 10 Niels 420.850521

0 213 43.96 27.34 2.739193 2021-06-21 17:49:38.084558 16 326 Cecile 420.810413
1 124 23.92 27.34 0.033954 2021-06-21 17:49:38.118512 14 14 MattiaCosmicWatch 420.844367
2 88 20.96 26.05 0.006154 2021-06-21 17:49:38.124666 9 10 Niels 420.850521

0 442 43.96 27.34 2.739193 2021-06-21 17:49:38.084558 16 326 Cecile 420.810413
1 124 23.92 27.34 0.033954 2021-06-21 17:49:38.118512 14 14 MattiaCosmicWatch 420.844367
2 88 20.96 26.05 0.006154 2021-06-21 17:49:38.124666 9 10 Niels 420.850521

0 504 43.96 27.34 2.739193 2021-06-21 17:49:38.084558 16 326 Cecile 420.810413
1 124 23.92 27.34 0.033954 2021-06-21 17:49:38.118512 14 14 MattiaCosmicWatch 420.844367
2 88 20.96 26.05 0.006154 2021-06-21 17:49:38.124666 9 10 Niels 420.850521

0 725 43.96 27.34 2.739193 2021-06-21 17:49:38.084558 16 326 Cecile 420.810413
1 124 23.92 27.34 0.033954 2021-06-21 17:49:38.118512 14 14 MattiaCosmicWatch 420.844367
2 88 20.96 26.05 0.006154 2021-06-21 17:49:38.124666 9 10 Niels 420.850521

0 226 43.96 27.34 2.739193 2021-06-21 17:49:38.084558 16 326 Cecile 420.810413
1 124 23.92 27.34 0.033954 2021-06-21 17:49:38.118512 14 14 MattiaCosmicWatch 420.844367
2 88 20.96 26.05 0.006154 2021-06-21 17:49:38.124666 9 10 Niels 420.850521

0 863 43.96 27.34 2.739193 2021-06-21 17:49:38.084558 16 326 Cecile 420.810413
1 124 23.92 27.34 0.033954 2021-06-21 17:49:38.118512 14 14 MattiaCosmicWatch 420.844367
2 88 20.96 26.05 0.006154 2021-06-21 17:49:38.124666 9 10 Niels 420.850521

