# layer adc volt temp timediff time detector_muon_count detector_count detector_name
0 99 21.91 27.34 0.841118 2021-06-21 17:45:35.140396 3 144 Cecile 177.866251
0 31 12.01 27.34 0.925463 2021-06-21 17:45:36.065859 3 145 Cecile 178.791714
0 312 55.68 27.34 0.071305 2021-06-21 17:45:36.137164 3 146 Cecile 178.863019
0 28 11.49 27.34 1.836329 2021-06-21 17:45:37.973493 3 147 Cecile 180.699348
0 71 19.06 27.34 0.148795 2021-06-21 17:45:38.122288 3 148 Cecile 180.848143
0 440 109.25 27.34 0.03386 2021-06-21 17:45:38.156148 3 149 Cecile 180.882003
0 39 13.53 27.34 0.293132 2021-06-21 17:45:38.449280 3 150 Cecile 181.175135
0 41 13.92 27.34 5.086467 2021-06-21 17:45:43.535747 3 151 Cecile 186.261602
0 448 112.41 27.34 0.457817 2021-06-21 17:45:43.993564 3 152 Cecile 186.719419
1 48 15.29 26.70 0.231567 2021-06-21 17:45:44.225131 3 4 MattiaCosmicWatch 186.950986
2 76 19.69 26.05 0.029426 2021-06-21 17:45:44.254557 3 5 Niels 186.980412
0 248 42.69 27.34 0.000498 2021-06-21 17:45:44.255055 3 153 Cecile 186.98091
1 39 13.53 26.70 0.06087 2021-06-21 17:45:44.315925 4 5 MattiaCosmicWatch 187.04178
2 472 125.87 26.05 0.030168 2021-06-21 17:45:44.346093 4 6 Niels 187.071948
0 147 26.19 27.34 0.000995 2021-06-21 17:45:44.347088 4 154 Cecile 187.072943
0 143 25.74 27.34 0.007925 2021-06-21 17:45:44.355013 5 155 Cecile 187.080868
0 89 21.05 27.34 0.813348 2021-06-21 17:45:45.168361 5 156 Cecile 187.894216
0 33 12.37 27.34 0.248774 2021-06-21 17:45:45.417135 5 157 Cecile 188.14299
0 131 24.54 27.34 0.066016 2021-06-21 17:45:45.483151 5 158 Cecile 188.209006
0 192 32.67 27.34 0.407837 2021-06-21 17:45:45.890988 5 159 Cecile 188.616843
0 152 26.78 27.34 0.549609 2021-06-21 17:45:46.440597 5 160 Cecile 189.166452
0 56 16.76 27.34 1.006971 2021-06-21 17:45:47.447568 5 161 Cecile 190.173423
0 31 12.01 27.34 0.507389 2021-06-21 17:45:47.954957 5 162 Cecile 190.680812
0 48 15.29 27.34 0.283208 2021-06-21 17:45:48.238165 5 163 Cecile 190.96402
0 49 15.48 27.34 3.445055 2021-06-21 17:45:51.683220 5 164 Cecile 194.409075
0 319 57.64 27.34 0.753721 2021-06-21 17:45:52.436941 5 165 Cecile 195.162796
0 44 14.51 27.34 0.135831 2021-06-21 17:45:52.572772 5 166 Cecile 195.298627
0 110 22.78 27.34 0.372481 2021-06-21 17:45:52.945253 5 167 Cecile 195.671108
0 56 16.76 27.34 0.225417 2021-06-21 17:45:53.170670 5 168 Cecile 195.896525
0 44 14.51 27.34 1.039287 2021-06-21 17:45:54.209957 5 169 Cecile 196.935812
0 56 16.76 27.34 0.378251 2021-06-21 17:45:54.588208 5 170 Cecile 197.314063
0 242 41.58 27.34 1.920268 2021-06-21 17:45:56.508476 5 171 Cecile 199.234331
0 184 31.36 27.34 2.440735 2021-06-21 17:45:58.949211 5 172 Cecile 201.675066
0 35 12.75 27.34 0.641056 2021-06-21 17:45:59.590267 5 173 Cecile 202.316122
0 63 17.91 27.34 0.034053 2021-06-21 17:45:59.624320 5 174 Cecile 202.350175
1 143 25.74 26.81 0.590981 2021-06-21 17:46:00.215301 5 6 MattiaCosmicWatch 202.941156
0 110 22.78 27.34 0.030795 2021-06-21 17:46:00.246096 5 175 Cecile 202.971951
0 216 36.85 27.34 0.821279 2021-06-21 17:46:01.067375 6 176 Cecile 203.79323
0 56 16.76 27.34 0.603248 2021-06-21 17:46:01.670623 6 177 Cecile 204.396478
0 178 30.40 27.34 6.341736 2021-06-21 17:46:08.012359 6 178 Cecile 210.738214
0 31 12.01 27.34 0.202415 2021-06-21 17:46:08.214774 6 179 Cecile 210.940629
0 248 42.69 27.34 5.208202 2021-06-21 17:46:13.422976 6 180 Cecile 216.148831
0 184 31.36 27.34 0.033953 2021-06-21 17:46:13.456929 6 181 Cecile 216.182784
0 202 34.38 27.34 0.119691 2021-06-21 17:46:13.576620 6 182 Cecile 216.302475
0 37 13.14 27.34 0.723237 2021-06-21 17:46:14.299857 6 183 Cecile 217.025712
0 275 47.73 27.34 6.145219 2021-06-21 17:46:20.445076 6 184 Cecile 223.170931
0 241 41.39 27.34 0.540252 2021-06-21 17:46:20.985328 6 185 Cecile 223.711183
0 108 22.63 27.34 0.195326 2021-06-21 17:46:21.180654 6 186 Cecile 223.906509
0 220 37.58 27.34 0.216356 2021-06-21 17:46:21.397010 6 187 Cecile 224.122865
0 33 12.37 27.34 0.561698 2021-06-21 17:46:21.958708 6 188 Cecile 224.684563
