# layer adc volt temp timediff time detector_muon_count detector_count detector_name
0 120 23.58 27.34 1.815901 2021-06-21 17:48:35.493959 10 285 Cecile 358.219814
0 391 82.35 27.34 1.647555 2021-06-21 17:48:37.141514 10 286 Cecile 359.867369
0 193 32.84 27.34 0.405799 2021-06-21 17:48:37.547313 10 287 Cecile 360.273168
0 207 35.26 27.34 0.53055 2021-06-21 17:48:38.077863 10 288 Cecile 360.803718
0 57 16.93 27.34 3.414446 2021-06-21 17:48:41.492309 10 289 Cecile 364.218164
0 69 18.79 27.34 0.221628 2021-06-21 17:48:41.713937 10 290 Cecile 364.439792
0 412 92.93 27.34 4.463882 2021-06-21 17:48:46.177819 10 291 Cecile 368.903674
1 62 17.75 26.70 1.828044 2021-06-21 17:48:48.005863 9 10 MattiaCosmicWatch 370.731718
0 254 43.77 27.34 0.030874 2021-06-21 17:48:48.036737 10 292 Cecile 370.762592
0 167 28.76 27.34 3.284747 2021-06-21 17:48:51.321484 11 293 Cecile 374.047339
0 71 19.06 27.34 1.08783 2021-06-21 17:48:52.409314 11 294 Cecile 375.135169
0 35 12.75 27.34 1.786858 2021-06-21 17:48:54.196172 11 295 Cecile 376.922027
0 60 17.43 27.34 1.954218 2021-06-21 17:48:56.150390 11 296 Cecile 378.876245
0 105 22.39 27.34 1.288859 2021-06-21 17:48:57.439249 11 297 Cecile 380.165104
0 327 59.28 27.34 2.174666 2021-06-21 17:48:59.613915 11 298 Cecile 382.33977
0 271 46.93 27.34 0.583379 2021-06-21 17:49:00.197294 11 299 Cecile 382.923149
0 271 46.93 27.34 1.933486 2021-06-21 17:49:02.130780 11 300 Cecile 384.856635
0 31 12.01 27.34 2.576385 2021-06-21 17:49:04.707165 11 301 Cecile 387.43302
2 467 121.56 26.05 3.507759 2021-06-21 17:49:08.214924 6 8 Niels 390.940779
0 112 22.94 27.34 0.01925 2021-06-21 17:49:08.234174 11 302 Cecile 390.960029
1 46 14.91 27.34 0.734224 2021-06-21 17:49:08.968398 10 11 MattiaCosmicWatch 391.694253
0 280 48.67 27.34 0.032541 2021-06-21 17:49:09.000939 12 303 Cecile 391.726794
0 71 19.06 27.34 0.675615 2021-06-21 17:49:09.676554 13 304 Cecile 392.402409
0 39 13.53 27.34 0.408456 2021-06-21 17:49:10.085010 13 305 Cecile 392.810865
0 275 47.73 27.34 0.195184 2021-06-21 17:49:10.280194 13 306 Cecile 393.006049
0 97 21.75 27.34 0.864544 2021-06-21 17:49:11.144738 13 307 Cecile 393.870593
1 184 31.36 27.34 4.012552 2021-06-21 17:49:15.157290 11 12 MattiaCosmicWatch 397.883145
2 240 41.21 26.05 0.031631 2021-06-21 17:49:15.188921 7 9 Niels 397.914776
0 291 50.97 27.34 0.000814 2021-06-21 17:49:15.189735 13 308 Cecile 397.91559
0 39 13.53 27.34 0.736238 2021-06-21 17:49:15.925973 14 309 Cecile 398.651828
0 163 28.20 27.34 0.722977 2021-06-21 17:49:16.648950 14 310 Cecile 399.374805
0 284 49.41 27.34 2.308079 2021-06-21 17:49:18.957029 14 311 Cecile 401.682884
0 57 16.93 27.34 1.393002 2021-06-21 17:49:20.350031 14 312 Cecile 403.075886
0 71 19.06 27.34 0.25037 2021-06-21 17:49:20.600401 14 313 Cecile 403.326256
0 30 11.83 27.34 1.879448 2021-06-21 17:49:22.479849 14 314 Cecile 405.205704
0 177 30.25 27.34 0.997409 2021-06-21 17:49:23.477258 14 315 Cecile 406.203113
0 61 17.60 27.34 0.159861 2021-06-21 17:49:23.637119 14 316 Cecile 406.362974
0 432 101.61 27.34 0.330291 2021-06-21 17:49:23.967410 14 317 Cecile 406.693265
0 39 13.53 27.34 0.273236 2021-06-21 17:49:24.240646 14 318 Cecile 406.966501
0 177 30.25 27.34 2.132756 2021-06-21 17:49:26.373402 14 319 Cecile 409.099257
0 161 27.93 27.34 3.563313 2021-06-21 17:49:29.936715 14 320 Cecile 412.66257
0 39 13.53 27.34 1.256482 2021-06-21 17:49:31.193197 14 321 Cecile 413.919052
0 193 32.84 27.34 1.146945 2021-06-21 17:49:32.340142 14 322 Cecile 415.065997
1 56 16.76 27.13 2.974676 2021-06-21 17:49:35.314818 12 13 MattiaCosmicWatch 418.040673
0 185 31.51 27.34 0.030547 2021-06-21 17:49:35.345365 14 323 Cecile 418.07122
0 255 43.96 27.34 2.739193 2021-06-21 17:49:38.084558 15 324 Cecile 420.810413
1 124 23.92 27.34 0.033954 2021-06-21 17:49:38.118512 13 14 MattiaCosmicWatch 420.844367
2 88 20.96 26.05 0.006154 2021-06-21 17:49:38.124666 8 10 Niels 420.850521
0 227 38.83 27.34 0.000772 2021-06-21 17:49:38.125438 16 325 Cecile 420.851293
0 113 23.02 27.34 0.096523 2021-06-21 17:49:38.221961 16 326 Cecile 420.947816
