# layer adc volt temp timediff time detector_muon_count detector_count detector_name
0 124 23.92 27.34 0.99122 2021-06-21 17:44:27.526224 3 94 Cecile 110.252079
0 316 56.81 27.34 1.549576 2021-06-21 17:44:29.075800 3 95 Cecile 111.801655
0 236 40.44 27.34 0.377577 2021-06-21 17:44:29.453377 3 96 Cecile 112.179232
0 92 21.32 27.34 1.818837 2021-06-21 17:44:31.272214 3 97 Cecile 113.998069
0 51 15.86 27.34 2.94438 2021-06-21 17:44:34.216594 3 98 Cecile 116.942449
0 83 20.46 27.34 0.186732 2021-06-21 17:44:34.403326 3 99 Cecile 117.129181
0 48 15.29 27.34 2.240904 2021-06-21 17:44:36.644230 3 100 Cecile 119.370085
0 35 12.75 27.34 2.627787 2021-06-21 17:44:39.272017 3 101 Cecile 121.997872
0 263 45.37 27.34 2.037656 2021-06-21 17:44:41.309673 3 102 Cecile 124.035528
0 46 14.91 27.34 1.59082 2021-06-21 17:44:42.900493 3 103 Cecile 125.626348
0 300 52.79 27.34 4.292811 2021-06-21 17:44:47.193304 3 104 Cecile 129.919159
0 33 12.37 27.34 3.156057 2021-06-21 17:44:50.349361 3 105 Cecile 133.075216
0 211 35.96 27.34 0.089776 2021-06-21 17:44:50.439137 3 106 Cecile 133.164992
0 97 21.75 27.34 0.801716 2021-06-21 17:44:51.240853 3 107 Cecile 133.966708
0 435 104.92 27.34 0.717863 2021-06-21 17:44:51.958716 3 108 Cecile 134.684571
0 83 20.46 27.34 5.425331 2021-06-21 17:44:57.384047 3 109 Cecile 140.109902
0 60 17.43 27.34 0.120206 2021-06-21 17:44:57.504253 3 110 Cecile 140.230108
0 368 72.93 27.34 0.511448 2021-06-21 17:44:58.015701 3 111 Cecile 140.741556
0 287 50.23 27.34 0.075174 2021-06-21 17:44:58.090875 3 112 Cecile 140.81673
0 31 12.01 27.34 1.216822 2021-06-21 17:44:59.307697 3 113 Cecile 142.033552
0 71 19.06 27.34 1.941071 2021-06-21 17:45:01.248768 3 114 Cecile 143.974623
0 98 21.83 27.34 0.337742 2021-06-21 17:45:01.586510 3 115 Cecile 144.312365
0 39 13.53 27.34 0.612141 2021-06-21 17:45:02.198651 3 116 Cecile 144.924506
0 143 25.74 27.34 0.033983 2021-06-21 17:45:02.232634 3 117 Cecile 144.958489
0 131 24.54 27.34 1.007335 2021-06-21 17:45:03.239969 3 118 Cecile 145.965824
0 332 61.17 27.34 0.166438 2021-06-21 17:45:03.406407 3 119 Cecile 146.132262
0 67 18.51 27.34 1.628999 2021-06-21 17:45:05.035406 3 120 Cecile 147.761261
0 51 15.86 27.34 1.959092 2021-06-21 17:45:06.994498 3 121 Cecile 149.720353
0 224 38.29 27.34 0.491586 2021-06-21 17:45:07.486084 3 122 Cecile 150.211939
0 305 53.88 27.34 0.743461 2021-06-21 17:45:08.229545 3 123 Cecile 150.9554
0 163 28.20 27.34 0.187349 2021-06-21 17:45:08.416894 3 124 Cecile 151.142749
0 255 43.96 27.34 0.923184 2021-06-21 17:45:09.340078 3 125 Cecile 152.065933
0 192 32.67 27.34 0.780504 2021-06-21 17:45:10.120582 3 126 Cecile 152.846437
0 31 12.01 27.34 0.168936 2021-06-21 17:45:10.289518 3 127 Cecile 153.015373
0 31 12.01 27.34 0.225388 2021-06-21 17:45:10.514906 3 128 Cecile 153.240761
0 99 21.91 27.34 0.830653 2021-06-21 17:45:11.345559 3 129 Cecile 154.071414
0 135 24.92 27.34 1.689418 2021-06-21 17:45:13.034977 3 130 Cecile 155.760832
0 39 13.53 27.34 0.08697 2021-06-21 17:45:13.121947 3 131 Cecile 155.847802
0 115 23.18 27.34 1.473497 2021-06-21 17:45:14.595444 3 132 Cecile 157.321299
0 89 21.05 27.34 5.350793 2021-06-21 17:45:19.946237 3 133 Cecile 162.672092
0 188 32.01 27.34 3.209122 2021-06-21 17:45:23.155359 3 134 Cecile 165.881214
0 323 58.48 27.34 0.80434 2021-06-21 17:45:23.959699 3 135 Cecile 166.685554
0 112 22.94 27.34 2.588369 2021-06-21 17:45:26.548068 3 136 Cecile 169.273923
0 319 57.64 27.34 0.479143 2021-06-21 17:45:27.027211 3 137 Cecile 169.753066
0 159 27.66 27.34 1.171074 2021-06-21 17:45:28.198285 3 138 Cecile 170.92414
0 35 12.75 27.24 1.757405 2021-06-21 17:45:29.955690 3 139 Cecile 172.681545
0 295 51.75 27.34 2.045867 2021-06-21 17:45:32.001557 3 140 Cecile 174.727412
0 83 20.46 27.34 1.583651 2021-06-21 17:45:33.585208 3 141 Cecile 176.311063
0 76 19.69 27.34 0.431436 2021-06-21 17:45:34.016644 3 142 Cecile 176.742499
0 31 12.01 27.34 0.282634 2021-06-21 17:45:34.299278 3 143 Cecile 177.025133
