# layer adc volt temp timediff time detector_muon_count detector_count detector_name
0 231 39.55 27.34 1.965484 2021-06-21 17:46:23.924192 6 189 Cecile 226.650047
0 323 58.48 27.34 2.128127 2021-06-21 17:46:26.052319 6 190 Cecile 228.778174
0 241 41.39 27.34 1.463518 2021-06-21 17:46:27.515837 6 191 Cecile 230.241692
0 344 64.67 27.34 1.729984 2021-06-21 17:46:29.245821 6 192 Cecile 231.971676
0 92 21.32 27.34 1.287477 2021-06-21 17:46:30.533298 6 193 Cecile 233.259153
0 31 12.01 27.34 0.622589 2021-06-21 17:46:31.155887 6 194 Cecile 233.881742
0 35 12.75 27.34 2.016475 2021-06-21 17:46:33.172362 6 195 Cecile 235.898217
0 39 13.53 27.34 0.2274 2021-06-21 17:46:33.399762 6 196 Cecile 236.125617
0 71 19.06 27.34 0.498924 2021-06-21 17:46:33.898686 6 197 Cecile 236.624541
0 67 18.51 27.34 2.649476 2021-06-21 17:46:36.548162 6 198 Cecile 239.274017
0 263 45.37 27.34 0.113207 2021-06-21 17:46:36.661369 6 199 Cecile 239.387224
0 81 20.25 27.34 1.612345 2021-06-21 17:46:38.273714 6 200 Cecile 240.999569
0 287 50.23 27.34 3.013366 2021-06-21 17:46:41.287080 6 201 Cecile 244.012935
0 99 21.91 27.34 1.222068 2021-06-21 17:46:42.509148 6 202 Cecile 245.235003
0 124 23.92 27.34 0.603017 2021-06-21 17:46:43.112165 6 203 Cecile 245.83802
0 103 22.23 27.34 0.423976 2021-06-21 17:46:43.536141 6 204 Cecile 246.261996
0 127 24.18 27.34 1.100504 2021-06-21 17:46:44.636645 6 205 Cecile 247.3625
0 124 23.92 27.34 1.711047 2021-06-21 17:46:46.347692 6 206 Cecile 249.073547
0 199 33.86 27.34 4.013181 2021-06-21 17:46:50.360873 6 207 Cecile 253.086728
0 49 15.48 27.34 0.782331 2021-06-21 17:46:51.143204 6 208 Cecile 253.869059
0 92 21.32 27.34 1.065413 2021-06-21 17:46:52.208617 6 209 Cecile 254.934472
0 49 15.48 27.34 0.987461 2021-06-21 17:46:53.196078 6 210 Cecile 255.921933
0 35 12.75 27.34 0.056713 2021-06-21 17:46:53.252791 6 211 Cecile 255.978646
0 31 12.01 27.34 1.374445 2021-06-21 17:46:54.627236 6 212 Cecile 257.353091
0 83 20.46 27.34 0.524292 2021-06-21 17:46:55.151528 6 213 Cecile 257.877383
0 110 22.78 27.34 2.222721 2021-06-21 17:46:57.374249 6 214 Cecile 260.100104
0 70 18.93 27.34 2.703046 2021-06-21 17:47:00.077295 6 215 Cecile 262.80315
0 96 21.67 27.34 1.109572 2021-06-21 17:47:01.186867 6 216 Cecile 263.912722
0 78 19.92 27.34 0.45643 2021-06-21 17:47:01.643297 6 217 Cecile 264.369152
0 89 21.05 27.34 1.299576 2021-06-21 17:47:02.942873 6 218 Cecile 265.668728
0 60 17.43 27.34 0.670637 2021-06-21 17:47:03.613510 6 219 Cecile 266.339365
0 140 25.42 27.34 2.442585 2021-06-21 17:47:06.056095 6 220 Cecile 268.78195
0 430 101.41 27.34 0.453315 2021-06-21 17:47:06.509410 6 221 Cecile 269.235265
0 38 13.33 27.34 3.050579 2021-06-21 17:47:09.559989 6 222 Cecile 272.285844
0 51 15.86 27.34 1.942938 2021-06-21 17:47:11.502927 6 223 Cecile 274.228782
0 338 62.67 27.34 0.401747 2021-06-21 17:47:11.904674 6 224 Cecile 274.630529
0 44 14.51 27.34 0.511541 2021-06-21 17:47:12.416215 6 225 Cecile 275.14207
0 143 25.74 27.34 0.21166 2021-06-21 17:47:12.627875 6 226 Cecile 275.35373
0 152 26.78 27.34 0.552328 2021-06-21 17:47:13.180203 6 227 Cecile 275.906058
0 199 33.86 27.34 3.288189 2021-06-21 17:47:16.468392 6 228 Cecile 279.194247
0 103 22.23 27.34 0.524735 2021-06-21 17:47:16.993127 6 229 Cecile 279.718982
0 31 12.01 27.34 2.997066 2021-06-21 17:47:19.990193 6 230 Cecile 282.716048
0 163 28.20 27.34 0.454991 2021-06-21 17:47:20.445184 6 231 Cecile 283.171039
1 56 16.76 26.70 0.731021 2021-06-21 17:47:21.176205 6 7 MattiaCosmicWatch 283.90206
0 323 58.48 27.34 0.029678 2021-06-21 17:47:21.205883 6 232 Cecile 283.931738
0 224 38.29 27.34 0.822072 2021-06-21 17:47:22.027955 7 233 Cecile 284.75381
1 30 11.83 26.70 2.661037 2021-06-21 17:47:24.688992 7 8 MattiaCosmicWatch 287.414847
0 199 33.86 27.34 0.029508 2021-06-21 17:47:24.718500 7 234 Cecile 287.444355
0 88 20.96 27.34 0.392101 2021-06-21 17:47:25.110601 8 235 Cecile 287.836456
0 167 28.76 27.34 0.364192 2021-06-21 17:47:25.474793 8 236 Cecile 288.200648
