# layer adc volt temp timediff time detector_muon_count detector_count detector_name
0 44 14.51 27.34 4.126025 2021-06-21 17:49:42.347986 16 327 Cecile 425.073841
0 30 11.83 27.34 1.308284 2021-06-21 17:49:43.656270 16 328 Cecile 426.382125
0 120 23.58 27.34 0.767782 2021-06-21 17:49:44.424052 16 329 Cecile 427.149907
0 271 46.93 27.34 1.073243 2021-06-21 17:49:45.497295 16 330 Cecile 428.22315
0 30 11.83 27.34 0.168703 2021-06-21 17:49:45.665998 16 331 Cecile 428.391853
0 30 11.83 27.34 0.411423 2021-06-21 17:49:46.077421 16 332 Cecile 428.803276
0 51 15.86 27.34 2.235733 2021-06-21 17:49:48.313154 16 333 Cecile 431.039009
0 56 16.76 27.34 0.769829 2021-06-21 17:49:49.082983 16 334 Cecile 431.808838
0 359 69.86 27.34 0.900675 2021-06-21 17:49:49.983658 16 335 Cecile 432.709513
0 376 76.43 27.34 0.05526 2021-06-21 17:49:50.038918 16 336 Cecile 432.764773
0 357 68.97 27.34 1.260494 2021-06-21 17:49:51.299412 16 337 Cecile 434.025267
0 172 29.49 27.34 0.126949 2021-06-21 17:49:51.426361 16 338 Cecile 434.152216
2 79 20.03 26.05 0.708915 2021-06-21 17:49:52.135276 9 11 Niels 434.861131
0 291 50.97 27.34 0.018207 2021-06-21 17:49:52.153483 16 339 Cecile 434.879338
1 63 17.91 26.81 4.077215 2021-06-21 17:49:56.230698 14 15 MattiaCosmicWatch 438.956553
0 172 29.49 27.34 0.031294 2021-06-21 17:49:56.261992 17 340 Cecile 438.987847
0 172 29.49 27.34 2.684677 2021-06-21 17:49:58.946669 18 341 Cecile 441.672524
0 216 36.85 27.34 2.472092 2021-06-21 17:50:01.418761 18 342 Cecile 444.144616
0 188 32.01 27.34 0.133654 2021-06-21 17:50:01.552415 18 343 Cecile 444.27827
0 167 28.76 27.34 1.847155 2021-06-21 17:50:03.399570 18 344 Cecile 446.125425
0 35 12.75 27.34 0.758894 2021-06-21 17:50:04.158464 18 345 Cecile 446.884319
0 39 13.53 27.34 1.187739 2021-06-21 17:50:05.346203 18 346 Cecile 448.072058
0 177 30.25 27.34 0.586849 2021-06-21 17:50:05.933052 18 347 Cecile 448.658907
0 39 13.53 27.34 0.196052 2021-06-21 17:50:06.129104 18 348 Cecile 448.854959
0 207 35.26 27.34 0.209498 2021-06-21 17:50:06.338602 18 349 Cecile 449.064457
0 396 85.28 27.34 0.072523 2021-06-21 17:50:06.411125 18 350 Cecile 449.13698
0 195 33.17 27.34 0.569897 2021-06-21 17:50:06.981022 18 351 Cecile 449.706877
0 34 12.56 27.34 1.408957 2021-06-21 17:50:08.389979 18 352 Cecile 451.115834
0 48 15.29 27.34 0.182806 2021-06-21 17:50:08.572785 18 353 Cecile 451.29864
0 71 19.06 27.34 0.863972 2021-06-21 17:50:09.436757 18 354 Cecile 452.162612
0 63 17.91 27.34 2.003839 2021-06-21 17:50:11.440596 18 355 Cecile 454.166451
0 48 15.29 27.34 0.551671 2021-06-21 17:50:11.992267 18 356 Cecile 454.718122
0 211 35.96 27.34 0.292417 2021-06-21 17:50:12.284684 18 357 Cecile 455.010539
0 103 22.23 27.34 0.189567 2021-06-21 17:50:12.474251 18 358 Cecile 455.200106
0 49 15.48 27.34 0.514177 2021-06-21 17:50:12.988428 18 359 Cecile 455.714283
0 108 22.63 27.34 2.120342 2021-06-21 17:50:15.108770 18 360 Cecile 457.834625
0 49 15.48 27.34 1.408011 2021-06-21 17:50:16.516781 18 361 Cecile 459.242636
0 35 12.75 27.34 0.17319 2021-06-21 17:50:16.689971 18 362 Cecile 459.415826
0 96 21.67 27.34 1.257896 2021-06-21 17:50:17.947867 18 363 Cecile 460.673722
0 300 52.79 27.34 3.176496 2021-06-21 17:50:21.124363 18 364 Cecile 463.850218
0 199 33.86 27.34 1.983533 2021-06-21 17:50:23.107896 18 365 Cecile 465.833751
0 409 91.12 27.34 0.5885 2021-06-21 17:50:23.696396 18 366 Cecile 466.422251
0 152 26.78 27.34 1.559245 2021-06-21 17:50:25.255641 18 367 Cecile 467.981496
0 300 52.79 27.34 0.4301 2021-06-21 17:50:25.685741 18 368 Cecile 468.411596
0 35 12.75 27.34 0.252027 2021-06-21 17:50:25.937768 18 369 Cecile 468.663623
