# layer adc volt temp timediff time detector_muon_count detector_count detector_name
2 71 19.06 27.34 10 2021-06-18 19:17:04.613210 0 1 Florian 0.076301
2 409 91.12 27.34 0.118245 2021-06-18 19:17:04.731455 0 2 Florian 0.194546
2 147 26.19 26.05 0.078769 2021-06-18 19:17:04.810224 0 1 CarloCosmicWatch 0.273315
2 92 21.32 26.05 0.37834 2021-06-18 19:17:05.188564 0 2 CarloCosmicWatch 0.651655
2 49 15.48 24.44 0.240798 2021-06-18 19:17:05.429362 0 1 M 0.892453
2 184 31.36 24.44 0.987313 2021-06-18 19:17:06.416675 0 2 M 1.879766
2 70 18.93 27.34 0.951549 2021-06-18 19:17:07.368224 0 3 Florian 2.831315
2 231 39.55 26.27 0.422011 2021-06-18 19:17:07.790235 0 3 CarloCosmicWatch 3.253326
2 56 16.76 26.27 0.25682 2021-06-18 19:17:08.047055 0 4 CarloCosmicWatch 3.510146
2 112 22.94 24.44 1.018175 2021-06-18 19:17:09.065230 0 3 M 4.528321
2 304 53.73 27.34 0.321764 2021-06-18 19:17:09.386994 0 4 Florian 4.850085
2 432 101.61 26.05 0.714685 2021-06-18 19:17:10.101679 0 5 CarloCosmicWatch 5.56477
2 76 19.69 26.27 1.017031 2021-06-18 19:17:11.118710 0 6 CarloCosmicWatch 6.581801
2 60 17.43 26.05 0.200708 2021-06-18 19:17:11.319418 0 7 CarloCosmicWatch 6.782509
2 112 22.94 24.44 0.405549 2021-06-18 19:17:11.724967 0 4 M 7.188058
2 108 22.63 24.44 0.033666 2021-06-18 19:17:11.758633 0 5 M 7.221724
2 99 21.91 27.34 0.681871 2021-06-18 19:17:12.440504 0 5 Florian 7.903595
2 115 23.18 26.27 0.698548 2021-06-18 19:17:13.139052 0 8 CarloCosmicWatch 8.602143
2 92 21.32 26.27 0.290254 2021-06-18 19:17:13.429306 0 9 CarloCosmicWatch 8.892397
2 83 20.46 24.44 0.610132 2021-06-18 19:17:14.039438 0 6 M 9.502529
2 163 28.20 24.44 0.612675 2021-06-18 19:17:14.652113 0 7 M 10.115204
2 241 41.39 26.48 0.015657 2021-06-18 19:17:14.667770 0 10 CarloCosmicWatch 10.130861
2 79 20.03 27.34 0.223568 2021-06-18 19:17:14.891338 0 6 Florian 10.354429
2 115 23.18 26.70 1.309603 2021-06-18 19:17:16.200941 0 11 CarloCosmicWatch 11.664032
2 248 42.69 24.44 2.949715 2021-06-18 19:17:19.150656 0 8 M 14.613747
2 96 21.67 27.34 0.550477 2021-06-18 19:17:19.701133 0 7 Florian 15.164224
2 209 35.61 26.05 0.560219 2021-06-18 19:17:20.261352 0 12 CarloCosmicWatch 15.724443
2 358 69.10 27.34 0.331354 2021-06-18 19:17:20.592706 0 8 Florian 16.055797
2 60 17.43 26.48 0.18108 2021-06-18 19:17:20.773786 0 13 CarloCosmicWatch 16.236877
2 67 18.51 24.44 0.194261 2021-06-18 19:17:20.968047 0 9 M 16.431138
2 51 15.86 26.70 0.190899 2021-06-18 19:17:21.158946 0 14 CarloCosmicWatch 16.622037
2 172 29.49 26.70 0.23331 2021-06-18 19:17:21.392256 0 15 CarloCosmicWatch 16.855347
2 60 17.43 27.34 0.240305 2021-06-18 19:17:21.632561 0 9 Florian 17.095652
2 56 16.76 24.44 0.116142 2021-06-18 19:17:21.748703 0 10 M 17.211794
2 67 18.51 27.34 1.420943 2021-06-18 19:17:23.169646 0 10 Florian 18.632737
2 448 112.41 26.05 1.49548 2021-06-18 19:17:24.665126 0 16 CarloCosmicWatch 20.128217
2 193 32.84 27.34 0.715505 2021-06-18 19:17:25.380631 0 11 Florian 20.843722
2 177 30.25 26.48 0.055685 2021-06-18 19:17:25.436316 0 17 CarloCosmicWatch 20.899407
2 124 23.92 26.48 1.302257 2021-06-18 19:17:26.738573 0 18 CarloCosmicWatch 22.201664
2 49 15.48 26.48 2.021427 2021-06-18 19:17:28.760000 0 19 CarloCosmicWatch 24.223091
2 185 31.51 27.34 0.240058 2021-06-18 19:17:29.000058 0 12 Florian 24.463149
2 57 16.93 27.34 0.569556 2021-06-18 19:17:29.569614 0 13 Florian 25.032705
2 159 27.66 24.44 0.089017 2021-06-18 19:17:29.658631 0 11 M 25.121722
2 78 19.92 24.44 0.547301 2021-06-18 19:17:30.205932 0 12 M 25.669023
2 71 19.06 26.05 1.246646 2021-06-18 19:17:31.452578 0 20 CarloCosmicWatch 26.915669
2 263 45.37 27.34 0.899453 2021-06-18 19:17:32.352031 0 14 Florian 27.815122
2 56 16.76 27.34 0.534958 2021-06-18 19:17:32.886989 0 15 Florian 28.35008
2 63 17.91 26.48 1.378563 2021-06-18 19:17:34.265552 0 21 CarloCosmicWatch 29.728643
2 419 97.20 26.48 1.357639 2021-06-18 19:17:35.623191 0 22 CarloCosmicWatch 31.086282
2 192 32.67 24.44 0.19829 2021-06-18 19:17:35.821481 0 13 M 31.284572
2 551 164.56 26.05 2.1493 2021-06-18 19:17:37.970781 0 23 CarloCosmicWatch 33.433872
2 67 18.51 27.34 0.302058 2021-06-18 19:17:38.272839 0 16 Florian 33.73593
2 79 20.03 27.34 0.106943 2021-06-18 19:17:38.379782 0 17 Florian 33.842873
2 252 43.42 26.48 0.699569 2021-06-18 19:17:39.079351 0 24 CarloCosmicWatch 34.542442
2 63 17.91 27.34 0.176967 2021-06-18 19:17:39.256318 0 18 Florian 34.719409
2 57 16.93 26.27 0.954356 2021-06-18 19:17:40.210674 0 25 CarloCosmicWatch 35.673765
2 207 35.26 24.44 0.133473 2021-06-18 19:17:40.344147 0 14 M 35.807238
2 66 18.36 26.27 1.065423 2021-06-18 19:17:41.409570 0 26 CarloCosmicWatch 36.872661
2 67 18.51 26.27 0.732 2021-06-18 19:17:42.141570 0 27 CarloCosmicWatch 37.604661
2 48 15.29 26.27 0.254992 2021-06-18 19:17:42.396562 0 28 CarloCosmicWatch 37.859653
2 83 20.46 26.27 0.517968 2021-06-18 19:17:42.914530 0 29 CarloCosmicWatch 38.377621
2 240 41.21 26.48 0.345144 2021-06-18 19:17:43.259674 0 30 CarloCosmicWatch 38.722765
2 56 16.76 26.48 0.345696 2021-06-18 19:17:43.605370 0 31 CarloCosmicWatch 39.068461
2 92 21.32 27.34 0.107549 2021-06-18 19:17:43.712919 0 19 Florian 39.17601
2 51 15.86 24.44 0.240649 2021-06-18 19:17:43.953568 0 15 M 39.416659
2 92 21.32 27.34 0.188088 2021-06-18 19:17:44.141656 0 20 Florian 39.604747
2 357 68.97 26.27 0.390923 2021-06-18 19:17:44.532579 0 32 CarloCosmicWatch 39.99567
2 220 37.58 24.44 0.027343 2021-06-18 19:17:44.559922 0 16 M 40.023013
2 192 32.67 27.34 0.734749 2021-06-18 19:17:45.294671 0 21 Florian 40.757762
2 252 43.42 24.44 0.02376 2021-06-18 19:17:45.318431 0 17 M 40.781522
2 81 20.25 24.44 0.033772 2021-06-18 19:17:45.352203 0 18 M 40.815294
2 83 20.46 26.27 1.022665 2021-06-18 19:17:46.374868 0 33 CarloCosmicWatch 41.837959
2 249 42.85 26.05 1.214537 2021-06-18 19:17:47.589405 0 34 CarloCosmicWatch 43.052496
2 176 30.09 27.34 0.067997 2021-06-18 19:17:47.657402 0 22 Florian 43.120493
2 167 28.76 27.34 0.539592 2021-06-18 19:17:48.196994 0 23 Florian 43.660085
2 126 24.09 26.05 0.550682 2021-06-18 19:17:48.747676 0 35 CarloCosmicWatch 44.210767
2 167 28.76 24.44 1.986384 2021-06-18 19:17:50.734060 0 19 M 46.197151
2 167 28.76 24.44 0.482204 2021-06-18 19:17:51.216264 0 20 M 46.679355
2 83 20.46 24.44 0.107768 2021-06-18 19:17:51.324032 0 21 M 46.787123
2 94 21.50 24.44 0.371555 2021-06-18 19:17:51.695587 0 22 M 47.158678
2 83 20.46 27.34 0.515467 2021-06-18 19:17:52.211054 0 24 Florian 47.674145
2 106 22.47 26.05 0.016972 2021-06-18 19:17:52.228026 0 36 CarloCosmicWatch 47.691117
2 240 41.21 24.44 0.13054 2021-06-18 19:17:52.358566 0 23 M 47.821657
2 327 59.28 24.44 0.634383 2021-06-18 19:17:52.992949 0 24 M 48.45604
2 163 28.20 26.05 0.887495 2021-06-18 19:17:53.880444 0 37 CarloCosmicWatch 49.343535
2 141 25.53 26.05 0.612981 2021-06-18 19:17:54.493425 0 38 CarloCosmicWatch 49.956516
2 463 119.23 26.27 0.276581 2021-06-18 19:17:54.770006 0 39 CarloCosmicWatch 50.233097
2 358 69.10 26.05 2.18367 2021-06-18 19:17:56.953676 0 40 CarloCosmicWatch 52.416767
2 56 16.76 26.27 0.066719 2021-06-18 19:17:57.020395 0 41 CarloCosmicWatch 52.483486
2 76 19.69 27.34 0.964151 2021-06-18 19:17:57.984546 0 25 Florian 53.447637
2 192 32.67 26.05 0.570521 2021-06-18 19:17:58.555067 0 42 CarloCosmicWatch 54.018158
2 184 31.36 26.05 0.284804 2021-06-18 19:17:58.839871 0 43 CarloCosmicWatch 54.302962
2 50 15.67 27.34 0.298716 2021-06-18 19:17:59.138587 0 26 Florian 54.601678
2 85 20.67 27.34 0.991588 2021-06-18 19:18:00.130175 0 27 Florian 55.593266
2 79 20.03 26.05 0.038273 2021-06-18 19:18:00.168448 0 44 CarloCosmicWatch 55.631539
2 51 15.86 24.44 0.026245 2021-06-18 19:18:00.194693 0 25 M 55.657784
2 78 19.92 26.05 0.384262 2021-06-18 19:18:00.578955 0 45 CarloCosmicWatch 56.042046
2 179 30.55 27.34 0.355592 2021-06-18 19:18:00.934547 0 28 Florian 56.397638
2 364 71.71 26.27 0.76206 2021-06-18 19:18:01.696607 0 46 CarloCosmicWatch 57.159698
2 108 22.63 24.44 1.086355 2021-06-18 19:18:02.782962 0 26 M 58.246053
2 307 54.48 26.05 0.292889 2021-06-18 19:18:03.075851 0 47 CarloCosmicWatch 58.538942
2 88 20.96 26.27 1.613104 2021-06-18 19:18:04.688955 0 48 CarloCosmicWatch 60.152046
2 70 18.93 24.44 0.847142 2021-06-18 19:18:05.536097 0 27 M 60.999188
2 127 24.18 24.44 0.506791 2021-06-18 19:18:06.042888 0 28 M 61.505979
2 108 22.63 26.05 0.245307 2021-06-18 19:18:06.288195 0 49 CarloCosmicWatch 61.751286
2 96 21.67 26.05 0.033769 2021-06-18 19:18:06.321964 0 50 CarloCosmicWatch 61.785055
2 103 22.23 26.05 1.557455 2021-06-18 19:18:07.879419 0 51 CarloCosmicWatch 63.34251
2 103 22.23 26.05 0.971705 2021-06-18 19:18:08.851124 0 52 CarloCosmicWatch 64.314215
2 98 21.83 24.44 0.821698 2021-06-18 19:18:09.672822 0 29 M 65.135913
2 184 31.36 24.44 1.370968 2021-06-18 19:18:11.043790 0 30 M 66.506881
2 216 36.85 27.34 0.395323 2021-06-18 19:18:11.439113 0 29 Florian 66.902204
2 60 17.43 26.27 0.05102 2021-06-18 19:18:11.490133 0 53 CarloCosmicWatch 66.953224
2 252 43.42 26.48 0.568953 2021-06-18 19:18:12.059086 0 54 CarloCosmicWatch 67.522177
2 99 21.91 27.34 0.224205 2021-06-18 19:18:12.283291 0 30 Florian 67.746382
2 92 21.32 27.34 0.144994 2021-06-18 19:18:12.428285 0 31 Florian 67.891376
2 313 56.02 26.05 0.154386 2021-06-18 19:18:12.582671 0 55 CarloCosmicWatch 68.045762
2 103 22.23 26.27 0.17472 2021-06-18 19:18:12.757391 0 56 CarloCosmicWatch 68.220482
2 63 17.91 24.44 1.283043 2021-06-18 19:18:14.040434 0 31 M 69.503525
2 307 54.48 24.44 0.305219 2021-06-18 19:18:14.345653 0 32 M 69.808744
2 60 17.43 24.44 0.31938 2021-06-18 19:18:14.665033 0 33 M 70.128124
2 108 22.63 24.44 1.981056 2021-06-18 19:18:16.646089 0 34 M 72.10918
2 83 20.46 27.34 0.105738 2021-06-18 19:18:16.751827 0 32 Florian 72.214918
2 76 19.69 24.44 0.636941 2021-06-18 19:18:17.388768 0 35 M 72.851859
2 63 17.91 27.34 0.03866 2021-06-18 19:18:17.427428 0 33 Florian 72.890519
2 89 21.05 26.27 0.147871 2021-06-18 19:18:17.575299 0 57 CarloCosmicWatch 73.03839
2 103 22.23 24.44 1.200941 2021-06-18 19:18:18.776240 0 36 M 74.239331
2 231 39.55 24.44 0.481453 2021-06-18 19:18:19.257693 0 37 M 74.720784
2 143 25.74 24.44 0.848243 2021-06-18 19:18:20.105936 0 38 M 75.569027
2 71 19.06 27.34 0.224451 2021-06-18 19:18:20.330387 0 34 Florian 75.793478
2 83 20.46 24.44 0.15263 2021-06-18 19:18:20.483017 0 39 M 75.946108
2 249 42.85 27.34 0.031823 2021-06-18 19:18:20.514840 0 35 Florian 75.977931
2 79 20.03 27.34 0.137541 2021-06-18 19:18:20.652381 0 36 Florian 76.115472
2 161 27.93 26.48 0.197278 2021-06-18 19:18:20.849659 0 58 CarloCosmicWatch 76.31275
2 143 25.74 26.05 1.16407 2021-06-18 19:18:22.013729 0 59 CarloCosmicWatch 77.47682
2 312 55.68 24.44 0.679013 2021-06-18 19:18:22.692742 0 40 M 78.155833
2 448 112.41 24.44 0.570702 2021-06-18 19:18:23.263444 0 41 M 78.726535
2 124 23.92 27.34 0.962355 2021-06-18 19:18:24.225799 0 37 Florian 79.68889
2 62 17.75 27.34 0.911493 2021-06-18 19:18:25.137292 0 38 Florian 80.600383
2 79 20.03 27.34 0.586755 2021-06-18 19:18:25.724047 0 39 Florian 81.187138
2 71 19.06 27.34 0.257244 2021-06-18 19:18:25.981291 0 40 Florian 81.444382
2 236 40.44 26.27 1.037743 2021-06-18 19:18:27.019034 0 60 CarloCosmicWatch 82.482125
2 193 32.84 24.44 0.762419 2021-06-18 19:18:27.781453 0 42 M 83.244544
2 92 21.32 26.05 0.015704 2021-06-18 19:18:27.797157 0 61 CarloCosmicWatch 83.260248
2 76 19.69 26.05 0.314632 2021-06-18 19:18:28.111789 0 62 CarloCosmicWatch 83.57488
2 432 101.61 26.05 0.30818 2021-06-18 19:18:28.419969 0 63 CarloCosmicWatch 83.88306
2 103 22.23 24.66 0.140795 2021-06-18 19:18:28.560764 0 43 M 84.023855
2 62 17.75 27.34 0.363325 2021-06-18 19:18:28.924089 0 41 Florian 84.38718
2 83 20.46 24.44 0.497495 2021-06-18 19:18:29.421584 0 44 M 84.884675
2 126 24.09 24.44 0.215206 2021-06-18 19:18:29.636790 0 45 M 85.099881
2 409 91.12 26.05 0.178539 2021-06-18 19:18:29.815329 0 64 CarloCosmicWatch 85.27842
2 73 19.32 26.05 0.259883 2021-06-18 19:18:30.075212 0 65 CarloCosmicWatch 85.538303
2 57 16.93 24.44 0.026258 2021-06-18 19:18:30.101470 0 46 M 85.564561
2 466 122.00 27.34 0.683696 2021-06-18 19:18:30.785166 0 42 Florian 86.248257
2 113 23.02 24.44 0.779096 2021-06-18 19:18:31.564262 0 47 M 87.027353
2 51 15.86 26.27 0.275688 2021-06-18 19:18:31.839950 0 66 CarloCosmicWatch 87.303041
2 67 18.51 26.05 0.622143 2021-06-18 19:18:32.462093 0 67 CarloCosmicWatch 87.925184
2 224 38.29 24.44 1.446906 2021-06-18 19:18:33.908999 0 48 M 89.37209
2 391 82.35 24.44 2.317399 2021-06-18 19:18:36.226398 0 49 M 91.689489
2 266 46.00 26.27 1.151178 2021-06-18 19:18:37.377576 0 68 CarloCosmicWatch 92.840667
2 679 318.29 24.44 0.971838 2021-06-18 19:18:38.349414 0 50 M 93.812505
2 184 31.36 26.27 0.027607 2021-06-18 19:18:38.377021 0 69 CarloCosmicWatch 93.840112
2 49 15.48 27.34 0.214434 2021-06-18 19:18:38.591455 0 43 Florian 94.054546
2 361 70.62 26.27 0.092233 2021-06-18 19:18:38.683688 0 70 CarloCosmicWatch 94.146779
2 120 23.58 27.34 2.210485 2021-06-18 19:18:40.894173 0 44 Florian 96.357264
2 199 33.86 26.27 0.481278 2021-06-18 19:18:41.375451 0 71 CarloCosmicWatch 96.838542
2 295 51.75 26.27 0.142919 2021-06-18 19:18:41.518370 0 72 CarloCosmicWatch 96.981461
2 113 23.02 27.34 1.190209 2021-06-18 19:18:42.708579 0 45 Florian 98.17167
2 207 35.26 26.27 1.120572 2021-06-18 19:18:43.829151 0 73 CarloCosmicWatch 99.292242
2 184 31.36 26.05 0.03368 2021-06-18 19:18:43.862831 0 74 CarloCosmicWatch 99.325922
2 56 16.76 26.05 0.745421 2021-06-18 19:18:44.608252 0 75 CarloCosmicWatch 100.071343
2 51 15.86 26.27 0.064118 2021-06-18 19:18:44.672370 0 76 CarloCosmicWatch 100.135461
2 115 23.18 26.05 0.135599 2021-06-18 19:18:44.807969 0 77 CarloCosmicWatch 100.27106
2 60 17.43 26.48 0.374062 2021-06-18 19:18:45.182031 0 78 CarloCosmicWatch 100.645122
2 79 20.03 27.34 0.922359 2021-06-18 19:18:46.104390 0 46 Florian 101.567481
2 147 26.19 27.34 0.152547 2021-06-18 19:18:46.256937 0 47 Florian 101.720028
2 51 15.86 26.27 0.780641 2021-06-18 19:18:47.037578 0 79 CarloCosmicWatch 102.500669
2 124 23.92 27.34 0.027304 2021-06-18 19:18:47.064882 0 48 Florian 102.527973
2 108 22.63 27.34 0.089092 2021-06-18 19:18:47.153974 0 49 Florian 102.617065
2 217 37.04 24.44 0.152027 2021-06-18 19:18:47.306001 0 51 M 102.769092
2 56 16.76 27.34 0.071939 2021-06-18 19:18:47.377940 0 50 Florian 102.841031
2 63 17.91 27.34 0.327103 2021-06-18 19:18:47.705043 0 51 Florian 103.168134
2 155 27.15 27.34 1.039972 2021-06-18 19:18:48.745015 0 52 Florian 104.208106
2 57 16.93 27.34 0.416767 2021-06-18 19:18:49.161782 0 53 Florian 104.624873
2 51 15.86 26.48 0.152979 2021-06-18 19:18:49.314761 0 80 CarloCosmicWatch 104.777852
2 440 109.25 27.34 0.406433 2021-06-18 19:18:49.721194 0 54 Florian 105.184285
2 435 104.92 26.27 0.207658 2021-06-18 19:18:49.928852 0 81 CarloCosmicWatch 105.391943
2 63 17.91 27.34 0.360308 2021-06-18 19:18:50.289160 0 55 Florian 105.752251
2 63 17.91 24.44 1.155742 2021-06-18 19:18:51.444902 0 52 M 106.907993
2 76 19.69 24.44 0.099079 2021-06-18 19:18:51.543981 0 53 M 107.007072
2 236 40.44 24.44 0.51265 2021-06-18 19:18:52.056631 0 54 M 107.519722
2 172 29.49 26.27 0.054615 2021-06-18 19:18:52.111246 0 82 CarloCosmicWatch 107.574337
2 353 67.64 26.16 0.033852 2021-06-18 19:18:52.145098 0 83 CarloCosmicWatch 107.608189
2 231 39.55 26.48 0.715683 2021-06-18 19:18:52.860781 0 84 CarloCosmicWatch 108.323872
2 179 30.55 24.44 0.139506 2021-06-18 19:18:53.000287 0 55 M 108.463378
2 63 17.91 26.27 0.785891 2021-06-18 19:18:53.786178 0 85 CarloCosmicWatch 109.249269
2 252 43.42 26.05 0.03374 2021-06-18 19:18:53.819918 0 86 CarloCosmicWatch 109.283009
2 103 22.23 27.34 0.602368 2021-06-18 19:18:54.422286 0 56 Florian 109.885377
2 112 22.94 26.27 0.266434 2021-06-18 19:18:54.688720 0 87 CarloCosmicWatch 110.151811
2 323 58.48 26.27 0.556641 2021-06-18 19:18:55.245361 0 88 CarloCosmicWatch 110.708452
2 108 22.63 24.44 1.678483 2021-06-18 19:18:56.923844 0 56 M 112.386935
2 92 21.32 26.48 0.441481 2021-06-18 19:18:57.365325 0 89 CarloCosmicWatch 112.828416
2 76 19.69 24.44 0.930508 2021-06-18 19:18:58.295833 0 57 M 113.758924
2 97 21.75 27.34 0.395983 2021-06-18 19:18:58.691816 0 57 Florian 114.154907
2 211 35.96 24.44 0.792766 2021-06-18 19:18:59.484582 0 58 M 114.947673
2 69 18.79 26.38 0.388554 2021-06-18 19:18:59.873136 0 90 CarloCosmicWatch 115.336227
2 51 15.86 26.70 0.931579 2021-06-18 19:19:00.804715 0 91 CarloCosmicWatch 116.267806
2 63 17.91 24.44 0.265407 2021-06-18 19:19:01.070122 0 59 M 116.533213
2 177 30.25 26.27 0.222898 2021-06-18 19:19:01.293020 0 92 CarloCosmicWatch 116.756111
2 103 22.23 24.44 0.493821 2021-06-18 19:19:01.786841 0 60 M 117.249932
2 56 16.76 26.27 0.464811 2021-06-18 19:19:02.251652 0 93 CarloCosmicWatch 117.714743
2 159 27.66 24.44 0.180418 2021-06-18 19:19:02.432070 0 61 M 117.895161
2 441 109.77 26.05 0.056485 2021-06-18 19:19:02.488555 0 94 CarloCosmicWatch 117.951646
2 51 15.86 27.34 0.067846 2021-06-18 19:19:02.556401 0 58 Florian 118.019492
2 188 32.01 24.44 0.019333 2021-06-18 19:19:02.575734 0 62 M 118.038825
2 96 21.67 27.34 0.790886 2021-06-18 19:19:03.366620 0 59 Florian 118.829711
2 224 38.29 24.44 0.027979 2021-06-18 19:19:03.394599 0 63 M 118.85769
2 156 27.28 24.44 1.373552 2021-06-18 19:19:04.768151 0 64 M 120.231242
2 248 42.69 26.48 0.386432 2021-06-18 19:19:05.154583 0 95 CarloCosmicWatch 120.617674
2 166 28.62 27.34 1.12363 2021-06-18 19:19:06.278213 0 60 Florian 121.741304
2 51 15.86 26.70 0.171894 2021-06-18 19:19:06.450107 0 96 CarloCosmicWatch 121.913198
2 113 23.02 27.34 1.793563 2021-06-18 19:19:08.243670 0 61 Florian 123.706761
2 287 50.23 24.44 0.056715 2021-06-18 19:19:08.300385 0 65 M 123.763476
2 241 41.39 26.70 0.713655 2021-06-18 19:19:09.014040 0 97 CarloCosmicWatch 124.477131
2 126 24.09 27.34 0.145399 2021-06-18 19:19:09.159439 0 62 Florian 124.62253
2 89 21.05 26.70 0.761252 2021-06-18 19:19:09.920691 0 98 CarloCosmicWatch 125.383782
2 49 15.48 24.44 0.046848 2021-06-18 19:19:09.967539 0 66 M 125.43063
2 56 16.76 27.34 0.25072 2021-06-18 19:19:10.218259 0 63 Florian 125.68135
2 103 22.23 24.44 0.222515 2021-06-18 19:19:10.440774 0 67 M 125.903865
2 263 45.37 26.70 0.244827 2021-06-18 19:19:10.685601 0 99 CarloCosmicWatch 126.148692
2 163 28.20 26.70 0.836076 2021-06-18 19:19:11.521677 0 100 CarloCosmicWatch 126.984768
2 494 141.37 27.34 0.055539 2021-06-18 19:19:11.577216 0 64 Florian 127.040307
2 263 45.37 24.44 0.640023 2021-06-18 19:19:12.217239 0 68 M 127.68033
2 204 34.73 27.34 0.093643 2021-06-18 19:19:12.310882 0 65 Florian 127.773973
2 231 39.55 24.44 0.088808 2021-06-18 19:19:12.399690 0 69 M 127.862781
2 79 20.03 24.44 1.647453 2021-06-18 19:19:14.047143 0 70 M 129.510234
2 60 17.43 27.34 0.59121 2021-06-18 19:19:14.638353 0 66 Florian 130.101444
2 51 15.86 26.27 0.199977 2021-06-18 19:19:14.838330 0 101 CarloCosmicWatch 130.301421
2 60 17.43 27.34 0.425249 2021-06-18 19:19:15.263579 0 67 Florian 130.72667
2 99 21.91 26.27 0.742066 2021-06-18 19:19:16.005645 0 102 CarloCosmicWatch 131.468736
2 174 29.79 26.05 0.701338 2021-06-18 19:19:16.706983 0 103 CarloCosmicWatch 132.170074
2 254 43.77 24.44 0.83802 2021-06-18 19:19:17.545003 0 71 M 133.008094
2 56 16.76 24.44 0.371879 2021-06-18 19:19:17.916882 0 72 M 133.379973
2 112 22.94 26.38 0.203326 2021-06-18 19:19:18.120208 0 104 CarloCosmicWatch 133.583299
2 57 16.93 27.34 0.078317 2021-06-18 19:19:18.198525 0 68 Florian 133.661616
2 82 20.36 27.34 0.164259 2021-06-18 19:19:18.362784 0 69 Florian 133.825875
2 159 27.66 24.44 1.322246 2021-06-18 19:19:19.685030 0 73 M 135.148121
2 124 23.92 26.27 0.159627 2021-06-18 19:19:19.844657 0 105 CarloCosmicWatch 135.307748
2 112 22.94 26.48 0.257387 2021-06-18 19:19:20.102044 0 106 CarloCosmicWatch 135.565135
2 88 20.96 26.27 0.112818 2021-06-18 19:19:20.214862 0 107 CarloCosmicWatch 135.677953
