# layer adc volt temp timediff time detector_muon_count detector_count detector_name
0 274 47.52 27.34 0.025266 2021-06-18 15:22:55.597923 1 1 M 9.402573
1 572 183.73 27.34 0.00015 2021-06-18 15:22:55.598073 1 1 Florian 9.402723
2 359 69.86 27.13 0.375307 2021-06-18 15:22:55.572657 1 8 CarloCosmicWatch 9.377307

0 143 25.74 27.34 0.027381 2021-06-18 15:23:21.483552 2 2 M 35.288202
1 172 29.49 27.34 0.000143 2021-06-18 15:23:21.483695 5 5 Florian 35.288345
2 207 35.26 27.34 0.792356 2021-06-18 15:23:21.456171 5 29 CarloCosmicWatch 35.260821

0 112 22.94 27.34 1.142541 2021-06-18 15:23:40.467197 3 3 M 54.271847
1 71 19.06 27.45 0.011729 2021-06-18 15:23:40.478926 8 8 Florian 54.283576
2 56 16.76 27.34 0.006393 2021-06-18 15:23:40.485319 8 43 CarloCosmicWatch 54.289969

0 71 19.06 27.34 0.453051 2021-06-18 15:23:43.004707 4 4 M 56.809357
1 127 24.18 27.45 0.010838 2021-06-18 15:23:43.015545 9 9 Florian 56.820195
2 163 28.20 27.34 0.008429 2021-06-18 15:23:43.023974 9 47 CarloCosmicWatch 56.828624

0 71 19.06 27.34 0.027347 2021-06-18 15:23:55.225124 5 5 M 69.029774
1 291 50.97 27.34 0.000142 2021-06-18 15:23:55.225266 10 10 Florian 69.029916
2 312 55.68 27.34 1.313577 2021-06-18 15:23:55.197777 10 58 CarloCosmicWatch 69.002427

0 304 53.73 27.34 2.353161 2021-06-18 15:23:59.846681 6 6 M 73.651331
1 126 24.09 27.34 0.01174 2021-06-18 15:23:59.858421 11 11 Florian 73.663071
2 771 600.02 27.34 0.007442 2021-06-18 15:23:59.865863 11 61 CarloCosmicWatch 73.670513

0 67 18.51 27.34 0.010535 2021-06-18 15:24:06.334080 7 7 M 80.13873
1 79 20.03 27.34 0.570062 2021-06-18 15:24:06.305628 14 14 Florian 80.110278
2 627 249.17 27.34 0.017917 2021-06-18 15:24:06.323545 14 70 CarloCosmicWatch 80.128195

0 112 22.94 27.34 0.007506 2021-06-18 15:24:15.723261 8 8 M 89.527911
1 359 69.86 27.34 3.252079 2021-06-18 15:24:15.696618 15 15 Florian 89.501268
2 63 17.91 27.34 0.019137 2021-06-18 15:24:15.715755 15 73 CarloCosmicWatch 89.520405

0 83 20.46 27.34 3.269258 2021-06-18 15:24:37.230723 9 9 M 111.035373
1 224 38.29 27.34 0.011789 2021-06-18 15:24:37.242512 18 18 Florian 111.047162
2 113 23.02 27.34 0.008151 2021-06-18 15:24:37.250663 18 98 CarloCosmicWatch 111.055313

0 56 16.76 27.34 0.489981 2021-06-18 15:24:50.536069 10 10 M 124.340719
1 60 17.43 27.34 0.012711 2021-06-18 15:24:50.548780 19 19 Florian 124.35343
2 268 46.26 27.34 0.006422 2021-06-18 15:24:50.555202 19 109 CarloCosmicWatch 124.359852

0 112 22.94 27.34 0.262004 2021-06-18 15:24:53.110964 11 11 M 126.915614
1 205 34.91 27.34 0.013963 2021-06-18 15:24:53.124927 20 20 Florian 126.929577
2 103 22.23 27.13 0.023986 2021-06-18 15:24:53.148913 20 112 CarloCosmicWatch 126.953563

0 71 19.06 27.34 1.316858 2021-06-18 15:24:59.305610 12 12 M 133.11026
1 96 21.67 27.34 0.012768 2021-06-18 15:24:59.318378 23 23 Florian 133.123028
2 135 24.92 27.34 0.006372 2021-06-18 15:24:59.324750 23 121 CarloCosmicWatch 133.1294

0 83 20.46 27.34 0.604743 2021-06-18 15:25:03.161570 13 13 M 136.96622
1 51 15.86 27.34 0.012851 2021-06-18 15:25:03.174421 24 24 Florian 136.979071
2 127 24.18 27.34 0.00623 2021-06-18 15:25:03.180651 24 124 CarloCosmicWatch 136.985301

0 96 21.67 27.34 2.220453 2021-06-18 15:25:09.562564 14 14 M 143.367214
1 127 24.18 27.34 0.012576 2021-06-18 15:25:09.575140 25 25 Florian 143.37979
2 281 48.90 27.34 0.007376 2021-06-18 15:25:09.582516 25 130 CarloCosmicWatch 143.387166

0 140 25.42 27.34 0.009498 2021-06-18 15:25:15.947553 15 15 M 149.752203
1 167 28.76 27.34 0.726924 2021-06-18 15:25:15.917887 27 27 Florian 149.722537
2 295 51.75 27.34 0.020168 2021-06-18 15:25:15.938055 27 136 CarloCosmicWatch 149.742705

0 73 19.32 27.34 0.029398 2021-06-18 15:25:22.278929 16 16 M 156.083579
1 135 24.92 27.34 0.000145 2021-06-18 15:25:22.279074 29 29 Florian 156.083724
2 199 33.86 27.34 0.064443 2021-06-18 15:25:22.249531 29 143 CarloCosmicWatch 156.054181

0 51 15.86 27.34 1.635451 2021-06-18 15:25:32.923327 17 17 M 166.727977
1 167 28.76 27.34 0.012825 2021-06-18 15:25:32.936152 30 30 Florian 166.740802
2 240 41.21 27.34 0.008427 2021-06-18 15:25:32.944579 30 150 CarloCosmicWatch 166.749229

0 112 22.94 27.34 0.008565 2021-06-18 15:25:37.862352 18 18 M 171.667002
1 179 30.55 27.34 1.560614 2021-06-18 15:25:37.832644 31 31 Florian 171.637294
2 224 38.29 27.34 0.021143 2021-06-18 15:25:37.853787 31 152 CarloCosmicWatch 171.658437

0 88 20.96 27.34 1.24188 2021-06-18 15:25:39.268213 19 19 M 173.072863
1 93 21.41 27.45 0.012888 2021-06-18 15:25:39.281101 32 32 Florian 173.085751
2 110 22.78 27.34 0.007356 2021-06-18 15:25:39.288457 32 154 CarloCosmicWatch 173.093107

0 515 147.53 27.34 0.029678 2021-06-18 15:25:39.460270 20 20 M 173.26492
1 275 47.73 27.34 0.015612 2021-06-18 15:25:39.475882 33 33 Florian 173.280532
2 195 33.17 27.34 0.142135 2021-06-18 15:25:39.430592 33 155 CarloCosmicWatch 173.235242

0 391 82.35 27.34 0.033588 2021-06-18 15:25:47.526572 21 21 M 181.331222
1 153 26.90 27.34 0.007949 2021-06-18 15:25:47.534521 34 34 Florian 181.339171
2 143 25.74 27.34 0.839705 2021-06-18 15:25:47.492984 34 164 CarloCosmicWatch 181.297634

0 224 38.29 27.34 0.029429 2021-06-18 15:25:56.013505 22 22 M 189.818155
1 287 50.23 27.34 0.000149 2021-06-18 15:25:56.013654 35 35 Florian 189.818304
2 192 32.67 27.34 0.123563 2021-06-18 15:25:55.984076 35 172 CarloCosmicWatch 189.788726

0 76 19.69 27.34 0.514398 2021-06-18 15:26:00.378357 23 23 M 194.183007
1 103 22.23 27.34 0.012823 2021-06-18 15:26:00.391180 36 36 Florian 194.19583
2 176 30.09 27.34 0.008443 2021-06-18 15:26:00.399623 36 175 CarloCosmicWatch 194.204273

0 499 141.24 27.34 0.00859 2021-06-18 15:26:07.125222 24 25 M 200.929872
1 440 109.25 27.34 0.906365 2021-06-18 15:26:07.094507 37 37 Florian 200.899157
2 504 143.61 27.34 0.022125 2021-06-18 15:26:07.116632 37 180 CarloCosmicWatch 200.921282

0 97 21.75 27.34 1.160317 2021-06-18 15:26:08.285539 25 25 M 202.090189
1 67 18.51 27.45 0.013649 2021-06-18 15:26:08.299188 38 38 Florian 202.103838
2 51 15.86 27.34 0.006629 2021-06-18 15:26:08.305817 38 182 CarloCosmicWatch 202.110467

0 295 51.75 27.34 1.20795 2021-06-18 15:26:21.672716 26 26 M 215.477366
1 159 27.66 27.34 0.014912 2021-06-18 15:26:21.687628 40 40 Florian 215.492278
2 142 25.64 27.34 0.00618 2021-06-18 15:26:21.693808 40 194 CarloCosmicWatch 215.498458

0 158 27.53 27.34 0.02954 2021-06-18 15:26:25.081792 27 27 M 218.886442
1 153 26.90 27.45 0.000152 2021-06-18 15:26:25.081944 41 41 Florian 218.886594
2 335 61.77 27.34 0.193503 2021-06-18 15:26:25.052252 41 197 CarloCosmicWatch 218.856902

0 83 20.46 27.13 0.303369 2021-06-18 15:26:27.433276 28 28 M 221.237926
1 231 39.55 27.45 0.013772 2021-06-18 15:26:27.447048 42 42 Florian 221.251698
2 217 37.04 27.34 0.007583 2021-06-18 15:26:27.454631 42 201 CarloCosmicWatch 221.259281

0 142 25.64 27.34 0.02949 2021-06-18 15:26:32.368239 29 29 M 226.172889
1 249 42.85 27.45 0.000159 2021-06-18 15:26:32.368398 43 43 Florian 226.173048
2 220 37.58 27.34 0.979773 2021-06-18 15:26:32.338749 43 203 CarloCosmicWatch 226.143399

0 380 78.12 27.34 0.033835 2021-06-18 15:26:34.086474 30 30 M 227.891124
1 188 32.01 27.45 0.011979 2021-06-18 15:26:34.098453 44 44 Florian 227.903103
2 56 16.76 27.34 1.684241 2021-06-18 15:26:34.052639 44 205 CarloCosmicWatch 227.857289

0 76 19.69 27.34 2.358021 2021-06-18 15:27:00.756291 32 32 M 254.560941
1 172 29.49 27.34 0.013797 2021-06-18 15:27:00.770088 46 46 Florian 254.574738
2 127 24.18 27.34 0.007314 2021-06-18 15:27:00.777402 47 227 CarloCosmicWatch 254.582052

0 112 22.94 27.34 0.030422 2021-06-18 15:27:01.280065 33 33 M 255.084715
1 156 27.28 27.34 0.000217 2021-06-18 15:27:01.280282 47 47 Florian 255.084932
2 195 33.17 27.34 0.472241 2021-06-18 15:27:01.249643 48 228 CarloCosmicWatch 255.054293

0 96 21.67 27.34 0.39859 2021-06-18 15:27:24.472956 34 34 M 278.277606
1 377 76.28 27.34 0.013873 2021-06-18 15:27:24.486829 50 50 Florian 278.291479
2 254 43.77 27.34 0.008385 2021-06-18 15:27:24.495214 51 248 CarloCosmicWatch 278.299864

0 63 17.91 27.34 0.030369 2021-06-18 15:27:25.470970 35 35 M 279.27562
1 105 22.39 27.34 0.00022 2021-06-18 15:27:25.471190 51 51 Florian 279.27584
2 217 37.04 27.34 0.945387 2021-06-18 15:27:25.440601 52 249 CarloCosmicWatch 279.245251

0 238 40.82 27.34 0.030592 2021-06-18 15:27:37.948753 36 36 M 291.753403
1 138 25.22 27.34 0.000151 2021-06-18 15:27:37.948904 52 52 Florian 291.753554
2 220 37.58 27.34 0.789004 2021-06-18 15:27:37.918161 53 257 CarloCosmicWatch 291.722811

0 48 15.29 27.34 1.004942 2021-06-18 15:27:44.691907 37 37 M 298.496557
1 102 22.15 27.34 0.014833 2021-06-18 15:27:44.706740 56 56 Florian 298.51139
2 131 24.54 27.34 0.007394 2021-06-18 15:27:44.714134 57 264 CarloCosmicWatch 298.518784

0 60 17.43 27.34 0.030536 2021-06-18 15:28:20.799018 38 38 M 334.603668
1 143 25.74 27.34 0.000153 2021-06-18 15:28:20.799171 59 59 Florian 334.603821
2 255 43.96 27.34 0.698488 2021-06-18 15:28:20.768482 60 299 CarloCosmicWatch 334.573132

0 97 21.75 27.34 0.030528 2021-06-18 15:28:23.058209 39 39 M 336.862859
1 167 28.76 27.34 0.000159 2021-06-18 15:28:23.058368 61 61 Florian 336.863018
2 211 35.96 27.34 0.30878 2021-06-18 15:28:23.027681 62 304 CarloCosmicWatch 336.832331

0 73 19.32 27.34 0.94527 2021-06-18 15:28:48.320452 40 41 M 362.125102
1 71 19.06 27.34 0.014745 2021-06-18 15:28:48.335197 64 64 Florian 362.139847
2 135 24.92 27.34 0.006531 2021-06-18 15:28:48.341728 65 326 CarloCosmicWatch 362.146378

0 89 21.05 27.34 2.408629 2021-06-18 15:29:03.653904 41 42 M 377.458554
1 63 17.91 27.34 0.014899 2021-06-18 15:29:03.668803 65 65 Florian 377.473453
2 103 22.23 27.34 0.006596 2021-06-18 15:29:03.675399 66 338 CarloCosmicWatch 377.480049

0 224 38.29 27.34 0.345183 2021-06-18 15:29:05.500671 42 43 M 379.305321
1 531 160.62 27.34 0.015971 2021-06-18 15:29:05.516642 66 66 Florian 379.321292
2 291 50.97 27.34 0.007296 2021-06-18 15:29:05.523938 67 342 CarloCosmicWatch 379.328588

0 57 16.93 27.34 0.033678 2021-06-18 15:29:06.906190 43 44 M 380.71084
1 254 43.77 27.34 0.000161 2021-06-18 15:29:06.906351 68 69 Florian 380.711001
2 115 23.18 27.34 0.112914 2021-06-18 15:29:06.872512 69 345 CarloCosmicWatch 380.677162

0 65 18.22 27.34 0.009509 2021-06-18 15:29:17.410129 44 45 M 391.214779
1 96 21.67 27.34 2.184922 2021-06-18 15:29:17.379510 70 70 Florian 391.18416
2 120 23.58 27.34 0.02111 2021-06-18 15:29:17.400620 71 355 CarloCosmicWatch 391.20527

0 67 18.51 27.34 0.029409 2021-06-18 15:29:28.526727 45 46 M 402.331377
1 108 22.63 27.34 0.000153 2021-06-18 15:29:28.526880 72 72 Florian 402.33153
2 99 21.91 27.34 1.047425 2021-06-18 15:29:28.497318 73 363 CarloCosmicWatch 402.301968

0 238 40.82 27.34 0.030539 2021-06-18 15:29:42.064101 46 47 M 415.868751
1 121 23.66 27.34 0.000156 2021-06-18 15:29:42.064257 74 75 Florian 415.868907
2 304 53.73 27.34 3.524479 2021-06-18 15:29:42.033562 75 370 CarloCosmicWatch 415.838212

0 103 22.23 27.34 0.062163 2021-06-18 15:29:52.324559 47 48 M 426.129209
1 486 135.98 27.34 0.015932 2021-06-18 15:29:52.340491 77 77 Florian 426.145141
2 57 16.93 27.34 0.007525 2021-06-18 15:29:52.348016 78 381 CarloCosmicWatch 426.152666

0 236 40.44 27.34 0.030509 2021-06-18 15:29:56.029406 48 49 M 429.834056
1 252 43.42 27.34 0.000155 2021-06-18 15:29:56.029561 78 78 Florian 429.834211
2 291 50.97 27.34 0.888425 2021-06-18 15:29:55.998897 79 384 CarloCosmicWatch 429.803547

0 49 15.48 27.34 0.195659 2021-06-18 15:30:27.118838 49 50 M 460.923488
1 103 22.23 27.45 0.014828 2021-06-18 15:30:27.133666 83 83 Florian 460.938316
2 513 148.53 27.34 0.007373 2021-06-18 15:30:27.141039 84 414 CarloCosmicWatch 460.945689

0 79 20.03 27.34 0.417309 2021-06-18 15:30:30.466758 50 51 M 464.271408
1 217 37.04 27.34 0.014755 2021-06-18 15:30:30.481513 84 85 Florian 464.286163
2 143 25.74 27.34 0.007113 2021-06-18 15:30:30.488626 85 418 CarloCosmicWatch 464.293276

0 49 15.48 27.34 2.191454 2021-06-18 15:30:38.072468 51 52 M 471.877118
1 211 35.96 27.34 0.014896 2021-06-18 15:30:38.087364 85 86 Florian 471.892014
2 176 30.09 27.34 0.007357 2021-06-18 15:30:38.094721 86 425 CarloCosmicWatch 471.899371

0 167 28.76 27.34 0.029493 2021-06-18 15:30:52.584508 52 53 M 486.389158
1 265 45.75 27.34 0.000156 2021-06-18 15:30:52.584664 87 88 Florian 486.389314
2 99 21.91 27.34 1.085754 2021-06-18 15:30:52.555015 88 440 CarloCosmicWatch 486.359665

0 121 23.66 27.34 0.030622 2021-06-18 15:30:53.127726 53 54 M 486.932376
1 103 22.23 27.34 0.000171 2021-06-18 15:30:53.127897 88 89 Florian 486.932547
2 185 31.51 27.34 0.51244 2021-06-18 15:30:53.097104 89 441 CarloCosmicWatch 486.901754

0 259 44.69 27.34 0.030577 2021-06-18 15:31:02.743882 54 55 M 496.548532
1 192 32.67 27.45 0.009315 2021-06-18 15:31:02.753197 90 91 Florian 496.557847
2 112 22.94 27.34 0.646317 2021-06-18 15:31:02.713305 91 451 CarloCosmicWatch 496.517955

0 48 15.29 27.34 0.164606 2021-06-18 15:31:16.885780 55 56 M 510.69043
1 97 21.75 27.34 0.014943 2021-06-18 15:31:16.900723 92 93 Florian 510.705373
2 83 20.46 27.34 0.006165 2021-06-18 15:31:16.906888 93 465 CarloCosmicWatch 510.711538

0 174 29.79 27.34 1.389413 2021-06-18 15:31:27.453452 56 57 M 521.258102
1 172 29.49 27.34 0.01589 2021-06-18 15:31:27.469342 93 94 Florian 521.273992
2 287 50.23 27.34 0.006295 2021-06-18 15:31:27.475637 94 478 CarloCosmicWatch 521.280287

0 302 53.30 27.34 0.180631 2021-06-18 15:31:55.022265 57 58 M 548.826915
1 448 112.41 27.34 0.015945 2021-06-18 15:31:55.038210 97 98 Florian 548.84286
2 179 30.55 27.34 0.008533 2021-06-18 15:31:55.046743 98 502 CarloCosmicWatch 548.851393

0 167 28.76 27.34 0.030455 2021-06-18 15:31:59.872439 58 59 M 553.677089
1 241 41.39 27.34 0.000155 2021-06-18 15:31:59.872594 99 100 Florian 553.677244
2 206 35.07 27.34 0.937815 2021-06-18 15:31:59.841984 100 505 CarloCosmicWatch 553.646634

0 96 21.67 27.13 0.030509 2021-06-18 15:32:23.524220 59 60 M 577.32887
1 352 66.89 27.34 0.00016 2021-06-18 15:32:23.524380 100 101 Florian 577.32903
2 156 27.28 27.34 1.30608 2021-06-18 15:32:23.493711 101 517 CarloCosmicWatch 577.298361

0 96 21.67 27.34 0.03053 2021-06-18 15:32:31.017265 60 61 M 584.821915
1 70 18.93 27.34 0.000166 2021-06-18 15:32:31.017431 102 103 Florian 584.822081
2 334 61.44 27.34 1.157079 2021-06-18 15:32:30.986735 103 529 CarloCosmicWatch 584.791385

0 159 27.66 27.34 0.81422 2021-06-18 15:32:35.046890 61 62 M 588.85154
1 265 45.75 27.45 0.015862 2021-06-18 15:32:35.062752 103 105 Florian 588.867402
2 135 24.92 27.34 0.007624 2021-06-18 15:32:35.070376 104 530 CarloCosmicWatch 588.875026

0 69 18.79 27.34 0.00747 2021-06-18 15:32:36.102589 62 63 M 589.907239
1 177 30.25 27.34 1.001488 2021-06-18 15:32:36.071864 104 105 Florian 589.876514
2 135 24.92 27.34 0.023255 2021-06-18 15:32:36.095119 105 532 CarloCosmicWatch 589.899769

0 220 37.58 27.34 0.030598 2021-06-18 15:32:39.135007 63 64 M 592.939657
1 231 39.55 27.34 0.000155 2021-06-18 15:32:39.135162 105 106 Florian 592.939812
2 207 35.26 27.34 0.354044 2021-06-18 15:32:39.104409 106 536 CarloCosmicWatch 592.909059

0 344 64.67 27.34 3.892368 2021-06-18 15:32:53.157682 64 66 M 606.962332
1 96 21.67 27.34 0.015877 2021-06-18 15:32:53.173559 106 107 Florian 606.978209
2 113 23.02 27.34 0.006373 2021-06-18 15:32:53.179932 107 546 CarloCosmicWatch 606.984582

0 88 20.96 27.34 1.763891 2021-06-18 15:32:54.943823 65 66 M 608.748473
1 103 22.23 27.34 0.01477 2021-06-18 15:32:54.958593 107 108 Florian 608.763243
2 441 109.77 27.34 0.008503 2021-06-18 15:32:54.967096 108 548 CarloCosmicWatch 608.771746

0 63 17.91 27.34 0.030315 2021-06-18 15:32:58.958356 66 67 M 612.763006
1 176 30.09 27.34 0.000154 2021-06-18 15:32:58.958510 108 109 Florian 612.76316
2 204 34.73 27.34 1.531101 2021-06-18 15:32:58.928041 109 551 CarloCosmicWatch 612.732691

0 69 18.79 27.34 0.033801 2021-06-18 15:33:00.934065 67 68 M 614.738715
1 103 22.23 27.34 0.000151 2021-06-18 15:33:00.934216 109 111 Florian 614.738866
2 204 34.73 27.34 0.457771 2021-06-18 15:33:00.900264 110 556 CarloCosmicWatch 614.704914

0 51 15.86 27.34 0.324734 2021-06-18 15:33:05.548173 68 69 M 619.352823
1 176 30.09 27.34 0.014806 2021-06-18 15:33:05.562979 111 113 Florian 619.367629
2 83 20.46 27.34 0.00849 2021-06-18 15:33:05.571469 112 564 CarloCosmicWatch 619.376119

0 50 15.67 27.34 0.720264 2021-06-18 15:33:08.557523 69 70 M 622.362173
1 103 22.23 27.34 0.01488 2021-06-18 15:33:08.572403 112 114 Florian 622.377053
2 159 27.66 27.34 0.008331 2021-06-18 15:33:08.580734 113 566 CarloCosmicWatch 622.385384

0 56 16.76 27.34 0.030622 2021-06-18 15:33:09.198377 70 71 M 623.003027
1 125 24.00 27.34 0.000235 2021-06-18 15:33:09.198612 113 115 Florian 623.003262
2 255 43.96 27.13 0.587021 2021-06-18 15:33:09.167755 114 567 CarloCosmicWatch 622.972405

0 167 28.76 27.34 0.030532 2021-06-18 15:33:18.589818 71 72 M 632.394468
1 120 23.58 27.34 0.000155 2021-06-18 15:33:18.589973 116 118 Florian 632.394623
2 211 35.96 27.13 0.46454 2021-06-18 15:33:18.559286 117 572 CarloCosmicWatch 632.363936

0 184 31.36 27.34 1.266763 2021-06-18 15:33:23.671801 72 73 M 637.476451
1 99 21.91 27.34 0.015885 2021-06-18 15:33:23.687686 118 120 Florian 637.492336
2 115 23.18 27.34 0.006425 2021-06-18 15:33:23.694111 119 576 CarloCosmicWatch 637.498761

0 153 26.90 27.34 0.030664 2021-06-18 15:33:25.687132 73 74 M 639.491782
1 238 40.82 27.45 0.000298 2021-06-18 15:33:25.687430 119 121 Florian 639.49208
2 163 28.20 27.34 1.962357 2021-06-18 15:33:25.656468 120 577 CarloCosmicWatch 639.461118

0 71 19.06 27.34 0.030348 2021-06-18 15:33:28.455684 74 75 M 642.260334
1 94 21.50 27.34 0.000153 2021-06-18 15:33:28.455837 120 122 Florian 642.260487
2 338 62.67 27.34 1.28592 2021-06-18 15:33:28.425336 121 580 CarloCosmicWatch 642.229986

0 89 21.05 27.34 2.381658 2021-06-18 15:33:39.233010 75 76 M 653.03766
1 167 28.76 27.34 0.014635 2021-06-18 15:33:39.247645 122 124 Florian 653.052295
2 255 43.96 27.34 0.008765 2021-06-18 15:33:39.256410 123 588 CarloCosmicWatch 653.06106

0 78 19.92 27.34 0.892587 2021-06-18 15:33:41.652905 76 77 M 655.457555
1 77 19.81 27.34 0.014816 2021-06-18 15:33:41.667721 123 125 Florian 655.472371
2 96 21.67 27.34 0.007413 2021-06-18 15:33:41.675134 124 592 CarloCosmicWatch 655.479784

0 92 21.32 27.34 1.57569 2021-06-18 15:33:46.430565 77 78 M 660.235215
1 97 21.75 27.34 0.01497 2021-06-18 15:33:46.445535 125 127 Florian 660.250185
2 115 23.18 27.34 0.007317 2021-06-18 15:33:46.452852 126 602 CarloCosmicWatch 660.257502

0 71 19.06 27.34 0.030507 2021-06-18 15:33:53.437205 78 79 M 667.241855
1 204 34.73 27.34 0.00016 2021-06-18 15:33:53.437365 126 128 Florian 667.242015
2 103 22.23 27.34 0.218785 2021-06-18 15:33:53.406698 127 605 CarloCosmicWatch 667.211348

0 56 16.76 27.34 0.950582 2021-06-18 15:33:56.483440 79 80 M 670.28809
1 60 17.43 27.34 0.014852 2021-06-18 15:33:56.498292 127 129 Florian 670.302942
2 120 23.58 27.34 0.007533 2021-06-18 15:33:56.505825 128 610 CarloCosmicWatch 670.310475

0 108 22.63 27.34 1.066025 2021-06-18 15:34:12.002508 80 81 M 685.807158
1 67 18.51 27.34 0.01585 2021-06-18 15:34:12.018358 130 132 Florian 685.823008
2 504 143.61 27.34 0.006478 2021-06-18 15:34:12.024836 131 626 CarloCosmicWatch 685.829486

0 371 73.82 27.34 3.350511 2021-06-18 15:34:19.076377 81 83 M 692.881027
1 300 52.79 27.34 0.01598 2021-06-18 15:34:19.092357 131 133 Florian 692.897007
2 302 53.30 27.34 0.007419 2021-06-18 15:34:19.099776 132 629 CarloCosmicWatch 692.904426

0 152 26.78 27.34 0.884663 2021-06-18 15:34:19.984439 82 83 M 693.789089
1 225 38.48 27.34 0.015884 2021-06-18 15:34:20.000323 132 134 Florian 693.804973
2 184 31.36 27.34 0.007353 2021-06-18 15:34:20.007676 133 631 CarloCosmicWatch 693.812326

0 145 25.96 27.34 0.030494 2021-06-18 15:34:20.448236 83 85 M 694.252886
1 157 27.40 27.34 0.000238 2021-06-18 15:34:20.448474 133 135 Florian 694.253124
2 159 27.66 27.34 0.410066 2021-06-18 15:34:20.417742 134 631 CarloCosmicWatch 694.222392

0 88 20.96 27.34 1.206725 2021-06-18 15:34:21.655199 84 85 M 695.459849
1 359 69.86 27.45 0.01492 2021-06-18 15:34:21.670119 134 136 Florian 695.474769
2 207 35.26 27.34 0.008414 2021-06-18 15:34:21.678533 135 633 CarloCosmicWatch 695.483183

0 76 19.69 27.34 2.252394 2021-06-18 15:34:27.470899 85 86 M 701.275549
1 115 23.18 27.34 0.014933 2021-06-18 15:34:27.485832 135 137 Florian 701.290482
2 275 47.73 27.34 0.008256 2021-06-18 15:34:27.494088 136 636 CarloCosmicWatch 701.298738

0 89 21.05 27.34 2.218215 2021-06-18 15:34:36.589374 86 87 M 710.394024
1 70 18.93 27.34 0.014815 2021-06-18 15:34:36.604189 138 140 Florian 710.408839
2 120 23.58 27.34 0.007532 2021-06-18 15:34:36.611721 139 647 CarloCosmicWatch 710.416371

0 204 34.73 27.34 1.076137 2021-06-18 15:34:42.043259 87 88 M 715.847909
1 476 129.76 27.34 0.015774 2021-06-18 15:34:42.059033 139 141 Florian 715.863683
2 143 25.74 27.34 0.008641 2021-06-18 15:34:42.067674 140 655 CarloCosmicWatch 715.872324

0 153 26.90 27.34 0.030566 2021-06-18 15:34:48.018137 88 90 M 721.822787
1 199 33.86 27.34 0.000156 2021-06-18 15:34:48.018293 140 142 Florian 721.822943
2 211 35.96 27.34 3.469185 2021-06-18 15:34:47.987571 141 656 CarloCosmicWatch 721.792221

0 83 20.46 27.34 2.090416 2021-06-18 15:35:03.135013 90 91 M 736.939663
1 217 37.04 27.34 0.014857 2021-06-18 15:35:03.149870 142 144 Florian 736.95452
2 254 43.77 27.34 0.00847 2021-06-18 15:35:03.158340 144 674 CarloCosmicWatch 736.96299

0 57 16.93 27.34 1.385265 2021-06-18 15:35:11.126514 91 92 M 744.931164
1 113 23.02 27.34 0.01491 2021-06-18 15:35:11.141424 144 146 Florian 744.946074
2 271 46.93 27.34 0.008359 2021-06-18 15:35:11.149783 146 683 CarloCosmicWatch 744.954433

0 124 23.92 27.34 0.030586 2021-06-18 15:35:16.834598 92 93 M 750.639248
1 153 26.90 27.34 0.000156 2021-06-18 15:35:16.834754 145 147 Florian 750.639404
2 425 99.48 27.34 1.868576 2021-06-18 15:35:16.804012 147 686 CarloCosmicWatch 750.608662

0 62 17.75 27.34 0.008799 2021-06-18 15:35:21.279717 93 94 M 755.084367
1 156 27.28 27.34 0.030284 2021-06-18 15:35:21.270918 146 149 Florian 755.075568
2 216 36.85 27.34 0.51396 2021-06-18 15:35:21.240634 148 695 CarloCosmicWatch 755.045284

0 494 141.37 27.34 0.507663 2021-06-18 15:35:25.220817 94 95 M 759.025467
1 113 23.02 27.34 0.017006 2021-06-18 15:35:25.237823 147 150 Florian 759.042473
2 120 23.58 27.34 0.006127 2021-06-18 15:35:25.243950 149 700 CarloCosmicWatch 759.0486

0 211 35.96 27.34 5.492902 2021-06-18 15:35:32.513040 95 96 M 766.31769
1 524 150.73 27.45 0.015929 2021-06-18 15:35:32.528969 148 151 Florian 766.333619
2 176 30.09 27.34 0.008641 2021-06-18 15:35:32.537610 150 704 CarloCosmicWatch 766.34226

0 76 19.69 27.34 0.030544 2021-06-18 15:35:39.549098 96 97 M 773.353748
1 184 31.36 27.34 0.000152 2021-06-18 15:35:39.549250 149 152 Florian 773.3539
2 192 32.67 27.34 1.841671 2021-06-18 15:35:39.518554 151 709 CarloCosmicWatch 773.323204

0 124 23.92 27.34 0.007404 2021-06-18 15:35:57.132478 97 98 M 790.937128
1 197 33.52 27.34 2.271288 2021-06-18 15:35:57.101879 150 153 Florian 790.906529
2 127 24.18 27.34 0.023195 2021-06-18 15:35:57.125074 152 720 CarloCosmicWatch 790.929724

0 364 71.71 27.34 0.295719 2021-06-18 15:36:08.407855 98 99 M 802.212505
1 505 145.23 27.34 0.015882 2021-06-18 15:36:08.423737 151 154 Florian 802.228387
2 112 22.94 27.34 0.008619 2021-06-18 15:36:08.432356 153 734 CarloCosmicWatch 802.237006

0 172 29.49 27.34 0.030599 2021-06-18 15:36:08.991030 99 100 M 802.79568
1 323 58.48 27.34 0.000209 2021-06-18 15:36:08.991239 152 155 Florian 802.795889
2 159 27.66 27.34 0.528075 2021-06-18 15:36:08.960431 154 735 CarloCosmicWatch 802.765081

0 137 25.12 27.34 0.030576 2021-06-18 15:36:09.687844 100 101 M 803.492494
1 440 109.25 27.34 0.00025 2021-06-18 15:36:09.688094 153 156 Florian 803.492744
2 172 29.49 27.34 0.666029 2021-06-18 15:36:09.657268 155 736 CarloCosmicWatch 803.461918

0 63 17.91 27.34 0.033763 2021-06-18 15:36:39.978128 101 102 M 833.782778
1 127 24.18 27.34 0.000158 2021-06-18 15:36:39.978286 155 158 Florian 833.782936
2 152 26.78 27.34 0.624918 2021-06-18 15:36:39.944365 157 759 CarloCosmicWatch 833.749015

0 71 19.06 27.34 0.030457 2021-06-18 15:36:42.586151 102 103 M 836.390801
1 291 50.97 27.34 0.000161 2021-06-18 15:36:42.586312 156 159 Florian 836.390962
2 112 22.94 27.34 1.06624 2021-06-18 15:36:42.555694 158 763 CarloCosmicWatch 836.360344

0 71 19.06 27.34 0.703578 2021-06-18 15:36:47.880816 103 104 M 841.685466
1 143 25.74 27.34 0.01589 2021-06-18 15:36:47.896706 158 161 Florian 841.701356
2 163 28.20 27.34 0.007501 2021-06-18 15:36:47.904207 160 768 CarloCosmicWatch 841.708857

0 263 45.37 27.34 0.030465 2021-06-18 15:36:57.651339 104 105 M 851.455989
1 112 22.94 27.34 0.000159 2021-06-18 15:36:57.651498 160 164 Florian 851.456148
2 162 28.06 27.34 0.085035 2021-06-18 15:36:57.620874 162 775 CarloCosmicWatch 851.425524

0 67 18.51 27.34 0.007336 2021-06-18 15:37:00.508811 105 106 M 854.313461
1 194 33.00 27.34 2.826584 2021-06-18 15:37:00.478082 161 164 Florian 854.282732
2 270 46.71 27.34 0.023393 2021-06-18 15:37:00.501475 163 777 CarloCosmicWatch 854.306125

0 108 22.63 27.34 1.830232 2021-06-18 15:37:17.333022 106 107 M 871.137672
1 97 21.75 27.34 0.017003 2021-06-18 15:37:17.350025 163 166 Florian 871.154675
2 455 117.03 27.34 0.005227 2021-06-18 15:37:17.355252 165 793 CarloCosmicWatch 871.159902

0 409 91.12 27.24 0.0306 2021-06-18 15:37:27.338229 107 108 M 881.142879
1 255 43.96 27.34 0.000163 2021-06-18 15:37:27.338392 164 167 Florian 881.143042
2 209 35.61 27.34 2.729924 2021-06-18 15:37:27.307629 166 800 CarloCosmicWatch 881.112279

0 179 30.55 27.34 0.121604 2021-06-18 15:37:43.055349 108 109 M 896.859999
1 103 22.23 27.34 0.024874 2021-06-18 15:37:43.097134 168 171 Florian 896.901784
2 135 24.92 27.34 0.016911 2021-06-18 15:37:43.072260 170 814 CarloCosmicWatch 896.87691

0 305 53.88 27.34 0.007525 2021-06-18 15:37:57.319552 109 110 M 911.124202
1 419 97.20 27.34 0.66247 2021-06-18 15:37:57.288842 171 174 Florian 911.093492
2 268 46.26 27.34 0.023185 2021-06-18 15:37:57.312027 173 834 CarloCosmicWatch 911.116677

0 384 80.08 27.34 0.03043 2021-06-18 15:37:58.148000 110 111 M 911.95265
1 467 121.56 27.45 0.000159 2021-06-18 15:37:58.148159 172 175 Florian 911.952809
2 177 30.25 27.34 0.127488 2021-06-18 15:37:58.117570 174 837 CarloCosmicWatch 911.92222

0 48 15.29 27.34 0.033733 2021-06-18 15:38:28.400496 111 112 M 942.205146
1 295 51.75 27.34 0.000156 2021-06-18 15:38:28.400652 174 177 Florian 942.205302
2 240 41.21 27.34 0.302324 2021-06-18 15:38:28.366763 176 859 CarloCosmicWatch 942.171413

0 63 17.91 27.34 0.030619 2021-06-18 15:38:32.509111 112 113 M 946.313761
1 192 32.67 27.34 0.000157 2021-06-18 15:38:32.509268 176 179 Florian 946.313918
2 323 58.48 27.34 0.493841 2021-06-18 15:38:32.478492 178 864 CarloCosmicWatch 946.283142

0 49 15.48 27.34 0.033842 2021-06-18 15:39:01.742280 113 114 M 975.54693
1 73 19.32 27.34 0.000164 2021-06-18 15:39:01.742444 179 182 Florian 975.547094
2 167 28.76 27.34 0.957312 2021-06-18 15:39:01.708438 181 900 CarloCosmicWatch 975.513088

0 384 80.08 27.34 0.875034 2021-06-18 15:39:05.629074 114 115 M 979.433724
1 192 32.67 27.34 0.016892 2021-06-18 15:39:05.645966 180 183 Florian 979.450616
2 127 24.18 27.34 0.006376 2021-06-18 15:39:05.652342 182 903 CarloCosmicWatch 979.456992

0 241 41.39 27.34 0.00732 2021-06-18 15:39:18.006108 115 116 M 991.810758
1 206 35.07 27.34 1.86802 2021-06-18 15:39:17.975661 181 184 Florian 991.780311
2 163 28.20 27.34 0.023127 2021-06-18 15:39:17.998788 183 915 CarloCosmicWatch 991.803438

0 304 53.73 27.34 1.033036 2021-06-18 15:39:29.361564 116 117 M 1003.166214
1 307 54.48 27.34 0.017767 2021-06-18 15:39:29.379331 182 185 Florian 1003.183981
2 140 25.42 27.34 0.006468 2021-06-18 15:39:29.385799 184 925 CarloCosmicWatch 1003.190449

0 307 54.48 27.34 0.031639 2021-06-18 15:39:48.966676 117 118 M 1022.771326
1 453 113.81 27.45 0.000162 2021-06-18 15:39:48.966838 184 187 Florian 1022.771488
2 153 26.90 27.34 0.56121 2021-06-18 15:39:48.935037 186 941 CarloCosmicWatch 1022.739687

0 78 19.92 27.13 0.031664 2021-06-18 15:39:51.419086 118 119 M 1025.223736
1 63 17.91 27.34 0.000159 2021-06-18 15:39:51.419245 185 188 Florian 1025.223895
2 225 38.48 27.34 0.401108 2021-06-18 15:39:51.387422 187 947 CarloCosmicWatch 1025.192072

0 56 16.76 27.13 0.030527 2021-06-18 15:39:53.556562 119 121 M 1027.361212
1 67 18.51 27.34 0.000162 2021-06-18 15:39:53.556724 187 190 Florian 1027.361374
2 56 16.76 27.34 0.145092 2021-06-18 15:39:53.526035 189 950 CarloCosmicWatch 1027.330685

0 313 56.02 27.34 1.423451 2021-06-18 15:39:54.980175 120 121 M 1028.784825
1 204 34.73 27.34 0.018101 2021-06-18 15:39:54.998276 188 191 Florian 1028.802926
2 121 23.66 27.34 0.006244 2021-06-18 15:39:55.004520 190 952 CarloCosmicWatch 1028.80917

0 94 21.50 27.13 2.426196 2021-06-18 15:40:30.277228 121 122 M 1064.081878
1 83 20.46 27.34 0.016855 2021-06-18 15:40:30.294083 195 198 Florian 1064.098733
2 158 27.53 27.34 0.006428 2021-06-18 15:40:30.300511 197 989 CarloCosmicWatch 1064.105161

0 120 23.58 27.34 0.031557 2021-06-18 15:40:42.904405 122 123 M 1076.709055
1 83 20.46 27.34 0.000162 2021-06-18 15:40:42.904567 196 199 Florian 1076.709217
2 94 21.50 27.34 0.272865 2021-06-18 15:40:42.872848 198 1007 CarloCosmicWatch 1076.677498

0 48 15.29 27.13 0.380922 2021-06-18 15:40:45.196797 123 125 M 1079.001447
1 120 23.58 27.34 0.016958 2021-06-18 15:40:45.213755 197 200 Florian 1079.018405
2 300 52.79 27.34 0.00761 2021-06-18 15:40:45.221365 199 1009 CarloCosmicWatch 1079.026015

0 96 21.67 27.13 0.085458 2021-06-18 15:40:45.306823 124 125 M 1079.111473
1 99 21.91 27.34 0.016994 2021-06-18 15:40:45.323817 198 201 Florian 1079.128467
2 243 41.74 27.34 0.006358 2021-06-18 15:40:45.330175 200 1011 CarloCosmicWatch 1079.134825

0 192 32.67 27.13 0.032525 2021-06-18 15:41:08.219671 126 127 M 1102.024321
1 159 27.66 27.34 0.000164 2021-06-18 15:41:08.219835 201 204 Florian 1102.024485
2 216 36.85 27.34 0.542905 2021-06-18 15:41:08.187146 204 1031 CarloCosmicWatch 1101.991796

0 83 20.46 27.34 0.008515 2021-06-18 15:41:12.192672 127 128 M 1105.997322
1 152 26.78 27.34 1.594152 2021-06-18 15:41:12.159979 202 205 Florian 1105.964629
2 185 31.51 27.34 0.024178 2021-06-18 15:41:12.184157 205 1034 CarloCosmicWatch 1105.988807

0 51 15.86 27.34 0.032606 2021-06-18 15:41:40.728503 128 129 M 1134.533153
1 78 19.92 27.34 0.000159 2021-06-18 15:41:40.728662 205 208 Florian 1134.533312
2 159 27.66 27.34 3.863366 2021-06-18 15:41:40.695897 208 1054 CarloCosmicWatch 1134.500547

0 103 22.23 27.34 0.032688 2021-06-18 15:41:46.383298 129 130 M 1140.187948
1 135 24.92 27.34 0.000169 2021-06-18 15:41:46.383467 206 209 Florian 1140.188117
2 255 43.96 27.34 0.211776 2021-06-18 15:41:46.350610 209 1058 CarloCosmicWatch 1140.15526

0 127 24.18 27.34 0.032538 2021-06-18 15:41:52.293496 131 132 M 1146.098146
1 112 22.94 27.34 0.016494 2021-06-18 15:41:52.309990 208 211 Florian 1146.11464
2 112 22.94 27.34 0.124521 2021-06-18 15:41:52.260958 210 1068 CarloCosmicWatch 1146.065608

0 57 16.93 27.34 0.01066 2021-06-18 15:42:08.724755 132 133 M 1162.529405
1 99 21.91 27.34 0.212912 2021-06-18 15:42:08.690998 210 213 Florian 1162.495648
2 172 29.49 27.34 0.023097 2021-06-18 15:42:08.714095 212 1082 CarloCosmicWatch 1162.518745

0 188 32.01 27.34 0.456948 2021-06-18 15:42:23.626855 134 135 M 1177.431505
1 240 41.21 27.34 0.017956 2021-06-18 15:42:23.644811 214 217 Florian 1177.449461
2 158 27.53 27.34 0.006522 2021-06-18 15:42:23.651333 215 1092 CarloCosmicWatch 1177.455983

0 216 36.85 27.34 0.383842 2021-06-18 15:42:24.490805 135 136 M 1178.295455
1 266 46.00 27.34 0.018067 2021-06-18 15:42:24.508872 215 218 Florian 1178.313522
2 163 28.20 27.34 0.00633 2021-06-18 15:42:24.515202 216 1094 CarloCosmicWatch 1178.319852

0 63 17.91 27.34 0.009332 2021-06-18 15:42:26.299150 136 137 M 1180.1038
1 76 19.69 27.34 0.269766 2021-06-18 15:42:26.266595 216 219 Florian 1180.071245
2 248 42.69 27.34 0.023223 2021-06-18 15:42:26.289818 217 1098 CarloCosmicWatch 1180.094468

0 56 16.76 27.34 0.009364 2021-06-18 15:42:31.817685 137 138 M 1185.622335
1 99 21.91 27.34 0.597976 2021-06-18 15:42:31.785065 217 220 Florian 1185.589715
2 327 59.28 27.34 0.023256 2021-06-18 15:42:31.808321 218 1102 CarloCosmicWatch 1185.612971

0 92 21.32 27.34 0.873 2021-06-18 15:42:33.305331 138 139 M 1187.109981
1 99 21.91 27.34 0.023076 2021-06-18 15:42:33.345437 218 221 Florian 1187.150087
2 270 46.71 27.34 0.01703 2021-06-18 15:42:33.322361 219 1105 CarloCosmicWatch 1187.127011

0 62 17.75 27.34 0.005469 2021-06-18 15:42:43.024254 139 140 M 1196.828904
1 254 43.77 27.34 0.033392 2021-06-18 15:42:43.018785 219 222 Florian 1196.823435
2 497 142.37 27.34 2.667098 2021-06-18 15:42:42.985393 220 1113 CarloCosmicWatch 1196.790043

0 67 18.51 27.13 0.008268 2021-06-18 15:43:00.781010 140 141 M 1214.58566
1 103 22.23 27.34 0.168207 2021-06-18 15:43:00.748433 220 223 Florian 1214.553083
2 327 59.28 27.34 0.024309 2021-06-18 15:43:00.772742 221 1130 CarloCosmicWatch 1214.577392

0 167 28.76 27.34 0.133237 2021-06-18 15:43:02.155063 141 142 M 1215.959713
1 391 82.35 27.34 0.017853 2021-06-18 15:43:02.172916 221 224 Florian 1215.977566
2 255 43.96 27.34 0.006535 2021-06-18 15:43:02.179451 222 1132 CarloCosmicWatch 1215.984101

0 79 20.03 27.34 0.434028 2021-06-18 15:43:20.427590 142 143 M 1234.23224
1 142 25.64 27.34 0.01702 2021-06-18 15:43:20.444610 223 226 Florian 1234.24926
2 96 21.67 27.34 0.007318 2021-06-18 15:43:20.451928 224 1148 CarloCosmicWatch 1234.256578

0 511 149.39 27.34 0.032688 2021-06-18 15:44:02.324478 143 144 M 1276.129128
1 172 29.49 27.13 0.000165 2021-06-18 15:44:02.324643 227 230 Florian 1276.129293
2 152 26.78 27.34 0.702308 2021-06-18 15:44:02.291790 228 1184 CarloCosmicWatch 1276.09644

0 255 43.96 27.34 1.622671 2021-06-18 15:44:17.129825 145 146 M 1290.934475
1 142 25.64 27.34 0.017946 2021-06-18 15:44:17.147771 230 233 Florian 1290.952421
2 255 43.96 27.24 0.00647 2021-06-18 15:44:17.154241 232 1199 CarloCosmicWatch 1290.958891

0 192 32.67 27.34 0.03279 2021-06-18 15:44:18.065483 146 147 M 1291.870133
1 423 97.36 27.24 0.00024 2021-06-18 15:44:18.065723 231 234 Florian 1291.870373
2 409 91.12 27.34 0.878452 2021-06-18 15:44:18.032693 233 1200 CarloCosmicWatch 1291.837343

0 127 24.18 27.34 0.009533 2021-06-18 15:44:23.485977 147 148 M 1297.290627
1 92 21.32 27.34 0.32888 2021-06-18 15:44:23.453250 232 235 Florian 1297.2579
2 305 53.88 27.34 0.023194 2021-06-18 15:44:23.476444 234 1207 CarloCosmicWatch 1297.281094

0 76 19.69 27.34 0.0325 2021-06-18 15:44:46.345049 148 149 M 1320.149699
1 112 22.94 27.34 0.000158 2021-06-18 15:44:46.345207 233 236 Florian 1320.149857
2 188 32.01 27.34 0.585598 2021-06-18 15:44:46.312549 235 1237 CarloCosmicWatch 1320.117199

0 67 18.51 27.34 0.00848 2021-06-18 15:44:55.445971 149 150 M 1329.250621
1 167 28.76 27.34 1.074994 2021-06-18 15:44:55.413219 234 237 Florian 1329.217869
2 271 46.93 27.34 0.024272 2021-06-18 15:44:55.437491 236 1242 CarloCosmicWatch 1329.242141

0 89 21.05 27.34 0.884395 2021-06-18 15:44:58.430769 150 151 M 1332.235419
1 177 30.25 27.34 0.022205 2021-06-18 15:44:58.469976 236 239 Florian 1332.274626
2 89 21.05 27.34 0.017002 2021-06-18 15:44:58.447771 238 1247 CarloCosmicWatch 1332.252421

0 103 22.23 27.34 0.881798 2021-06-18 15:45:02.688031 151 152 M 1336.492681
1 184 31.36 27.34 0.018031 2021-06-18 15:45:02.706062 237 240 Florian 1336.510712
2 225 38.48 27.34 0.006138 2021-06-18 15:45:02.712200 239 1250 CarloCosmicWatch 1336.51685

0 280 48.67 27.34 0.008823 2021-06-18 15:45:41.597712 152 153 M 1375.402362
1 216 36.85 27.34 3.214467 2021-06-18 15:45:41.564806 240 244 Florian 1375.369456
2 248 42.69 27.34 0.024083 2021-06-18 15:45:41.588889 242 1289 CarloCosmicWatch 1375.393539

0 126 24.09 27.34 0.033747 2021-06-18 15:45:46.057962 153 154 M 1379.862612
1 496 144.49 27.24 0.014657 2021-06-18 15:45:46.072619 241 246 Florian 1379.877269
2 307 54.48 27.34 1.183393 2021-06-18 15:45:46.024215 243 1295 CarloCosmicWatch 1379.828865

0 56 16.76 27.34 0.032651 2021-06-18 15:45:55.019416 154 155 M 1388.824066
1 184 31.36 27.34 0.000157 2021-06-18 15:45:55.019573 243 248 Florian 1388.824223
2 412 92.93 27.34 3.262131 2021-06-18 15:45:54.986765 245 1307 CarloCosmicWatch 1388.791415

0 62 17.75 27.34 0.032638 2021-06-18 15:46:11.444445 155 156 M 1405.249095
1 127 24.18 27.34 0.000161 2021-06-18 15:46:11.444606 244 249 Florian 1405.249256
2 230 39.39 27.34 3.159895 2021-06-18 15:46:11.411807 246 1315 CarloCosmicWatch 1405.216457

0 56 16.76 27.34 0.008382 2021-06-18 15:46:17.025118 156 157 M 1410.829768
1 159 27.66 27.34 3.185835 2021-06-18 15:46:16.992718 246 251 Florian 1410.797368
2 377 76.28 27.34 0.024018 2021-06-18 15:46:17.016736 248 1321 CarloCosmicWatch 1410.821386

0 89 21.05 27.34 0.83587 2021-06-18 15:46:35.328522 157 158 M 1429.133172
1 359 69.86 27.34 0.017043 2021-06-18 15:46:35.345565 249 254 Florian 1429.150215
2 252 43.42 27.34 0.007302 2021-06-18 15:46:35.352867 251 1341 CarloCosmicWatch 1429.157517

0 248 42.69 27.34 0.033805 2021-06-18 15:46:59.470439 158 159 M 1453.275089
1 143 25.74 27.34 0.000162 2021-06-18 15:46:59.470601 251 256 Florian 1453.275251
2 145 25.96 27.34 2.094977 2021-06-18 15:46:59.436634 253 1361 CarloCosmicWatch 1453.241284

0 83 20.46 27.34 0.008416 2021-06-18 15:47:08.093724 160 162 M 1461.898374
1 193 32.84 27.34 1.262934 2021-06-18 15:47:08.061047 253 258 Florian 1461.865697
2 159 27.66 27.34 0.024261 2021-06-18 15:47:08.085308 256 1368 CarloCosmicWatch 1461.889958

0 79 20.03 27.34 0.823399 2021-06-18 15:47:08.917123 161 162 M 1462.721773
1 56 16.76 27.34 0.016684 2021-06-18 15:47:08.933807 254 259 Florian 1462.738457
2 93 21.41 27.34 0.00668 2021-06-18 15:47:08.940487 257 1370 CarloCosmicWatch 1462.745137

0 51 15.86 27.34 0.290295 2021-06-18 15:47:11.355288 162 163 M 1465.159938
1 103 22.23 27.34 0.016892 2021-06-18 15:47:11.372180 255 260 Florian 1465.17683
2 211 35.96 27.34 0.007397 2021-06-18 15:47:11.379577 258 1373 CarloCosmicWatch 1465.184227

0 92 21.32 27.34 0.032443 2021-06-18 15:47:13.184672 163 164 M 1466.989322
1 92 21.32 27.34 0.000161 2021-06-18 15:47:13.184833 256 261 Florian 1466.989483
2 199 33.86 27.34 0.67808 2021-06-18 15:47:13.152229 259 1375 CarloCosmicWatch 1466.956879

0 153 26.90 27.34 0.032558 2021-06-18 15:47:21.348900 164 165 M 1475.15355
1 547 162.22 27.34 0.000162 2021-06-18 15:47:21.349062 259 264 Florian 1475.153712
2 398 85.63 27.34 0.591012 2021-06-18 15:47:21.316342 262 1385 CarloCosmicWatch 1475.120992

0 313 56.02 27.34 0.11267 2021-06-18 15:47:24.028511 165 166 M 1477.833161
1 140 25.42 27.34 0.017952 2021-06-18 15:47:24.046463 261 266 Florian 1477.851113
2 163 28.20 27.34 0.006576 2021-06-18 15:47:24.053039 264 1389 CarloCosmicWatch 1477.857689

0 60 17.43 27.34 0.00962 2021-06-18 15:47:27.073311 166 167 M 1480.877961
1 96 21.67 27.34 1.906008 2021-06-18 15:47:27.040565 263 268 Florian 1480.845215
2 227 38.83 27.34 0.023126 2021-06-18 15:47:27.063691 266 1391 CarloCosmicWatch 1480.868341

0 67 18.51 27.34 0.032714 2021-06-18 15:47:27.334622 167 168 M 1481.139272
1 56 16.76 27.34 0.000248 2021-06-18 15:47:27.334870 264 269 Florian 1481.13952
2 163 28.20 27.34 0.228597 2021-06-18 15:47:27.301908 267 1392 CarloCosmicWatch 1481.106558

0 297 52.13 27.34 0.681083 2021-06-18 15:47:40.080619 168 169 M 1493.885269
1 255 43.96 27.34 0.018058 2021-06-18 15:47:40.098677 266 271 Florian 1493.903327
2 252 43.42 27.34 0.006268 2021-06-18 15:47:40.104945 269 1406 CarloCosmicWatch 1493.909595

0 71 19.06 27.34 0.032329 2021-06-18 15:47:41.219902 169 170 M 1495.024552
1 89 21.05 27.34 0.000159 2021-06-18 15:47:41.220061 269 274 Florian 1495.024711
2 207 35.26 27.34 0.075318 2021-06-18 15:47:41.187573 272 1409 CarloCosmicWatch 1494.992223

0 255 43.96 27.34 6.095163 2021-06-18 15:48:07.896122 170 171 M 1521.700772
1 176 30.09 27.34 0.017973 2021-06-18 15:48:07.914095 271 276 Florian 1521.718745
2 192 32.67 27.34 0.006279 2021-06-18 15:48:07.920374 274 1431 CarloCosmicWatch 1521.725024

