# layer adc volt temp timediff time detector_muon_count detector_count detector_name
0 49 15.48 24.44 10 2021-06-21 12:08:26.235430 0 1 Franko 0.078253
0 115 23.18 24.44 1.964754 2021-06-21 12:08:28.200184 0 2 Franko 2.043007
0 48 15.29 24.44 2.409179 2021-06-21 12:08:30.609363 0 3 Franko 4.452186
0 60 17.43 24.44 1.154389 2021-06-21 12:08:31.763752 0 4 Franko 5.606575
0 78 19.92 24.44 0.848018 2021-06-21 12:08:32.611770 0 5 Franko 6.454593
0 248 42.69 24.44 0.033669 2021-06-21 12:08:32.645439 0 6 Franko 6.488262
0 147 26.19 24.44 0.274776 2021-06-21 12:08:32.920215 0 7 Franko 6.763038
0 399 87.30 24.44 0.911289 2021-06-21 12:08:33.831504 0 8 Franko 7.674327
0 348 65.64 24.44 1.020056 2021-06-21 12:08:34.851560 0 9 Franko 8.694383
0 63 17.91 24.66 2.021781 2021-06-21 12:08:36.873341 0 10 Franko 10.716164
0 345 64.98 24.44 1.075339 2021-06-21 12:08:37.948680 0 11 Franko 11.791503
0 252 43.42 24.44 0.962206 2021-06-21 12:08:38.910886 0 12 Franko 12.753709
0 89 21.05 24.44 3.825599 2021-06-21 12:08:42.736485 0 13 Franko 16.579308
0 60 17.43 24.44 0.592644 2021-06-21 12:08:43.329129 0 14 Franko 17.171952
0 69 18.79 24.44 1.038536 2021-06-21 12:08:44.367665 0 15 Franko 18.210488
0 60 17.43 24.44 0.770791 2021-06-21 12:08:45.138456 0 16 Franko 18.981279
0 152 26.78 24.44 1.623952 2021-06-21 12:08:46.762408 0 17 Franko 20.605231
0 204 34.73 24.44 8.263054 2021-06-21 12:08:55.025462 0 18 Franko 28.868285
0 126 24.09 24.44 5.318107 2021-06-21 12:09:00.343569 0 19 Franko 34.186392
0 79 20.03 24.44 1.782903 2021-06-21 12:09:02.126472 0 20 Franko 35.969295
0 63 17.91 24.44 0.756676 2021-06-21 12:09:02.883148 0 21 Franko 36.725971
0 126 24.09 24.44 2.223065 2021-06-21 12:09:05.106213 0 22 Franko 38.949036
0 60 17.43 24.44 0.791437 2021-06-21 12:09:05.897650 0 23 Franko 39.740473
0 115 23.18 24.44 1.250411 2021-06-21 12:09:07.148061 0 24 Franko 40.990884
0 206 35.07 24.44 0.787543 2021-06-21 12:09:07.935604 0 25 Franko 41.778427
0 192 32.67 24.44 0.663812 2021-06-21 12:09:08.599416 0 26 Franko 42.442239
0 57 16.93 24.44 0.658798 2021-06-21 12:09:09.258214 0 27 Franko 43.101037
0 224 38.29 24.44 1.468508 2021-06-21 12:09:10.726722 0 28 Franko 44.569545
0 204 34.73 24.44 3.505179 2021-06-21 12:09:14.231901 0 29 Franko 48.074724
0 319 57.64 24.44 0.364726 2021-06-21 12:09:14.596627 0 30 Franko 48.43945
0 78 19.92 24.44 0.538187 2021-06-21 12:09:15.134814 0 31 Franko 48.977637
0 94 21.50 24.44 1.136108 2021-06-21 12:09:16.270922 0 32 Franko 50.113745
0 82 20.36 24.44 0.394822 2021-06-21 12:09:16.665744 0 33 Franko 50.508567
0 163 28.20 24.44 0.115688 2021-06-21 12:09:16.781432 0 34 Franko 50.624255
0 83 20.46 24.44 1.205307 2021-06-21 12:09:17.986739 0 35 Franko 51.829562
0 89 21.05 24.66 2.210111 2021-06-21 12:09:20.196850 0 36 Franko 54.039673
0 505 145.23 24.44 4.907331 2021-06-21 12:09:25.104181 0 37 Franko 58.947004
0 85 20.67 24.44 0.091262 2021-06-21 12:09:25.195443 0 38 Franko 59.038266
0 56 16.76 24.44 3.413526 2021-06-21 12:09:28.608969 0 39 Franko 62.451792
0 63 17.91 24.44 2.670973 2021-06-21 12:09:31.279942 0 40 Franko 65.122765
0 177 30.25 24.44 0.703023 2021-06-21 12:09:31.982965 0 41 Franko 65.825788
0 78 19.92 24.44 7.135267 2021-06-21 12:09:39.118232 0 42 Franko 72.961055
0 88 20.96 24.44 0.23477 2021-06-21 12:09:39.353002 0 43 Franko 73.195825
0 147 26.19 24.44 2.709761 2021-06-21 12:09:42.062763 0 44 Franko 75.905586
0 185 31.51 24.44 4.676583 2021-06-21 12:09:46.739346 0 45 Franko 80.582169
0 56 16.76 24.66 2.15258 2021-06-21 12:09:48.891926 0 46 Franko 82.734749
0 112 22.94 24.44 1.678935 2021-06-21 12:09:50.570861 0 47 Franko 84.413684
0 152 26.78 24.44 2.55142 2021-06-21 12:09:53.122281 0 48 Franko 86.965104
0 281 48.90 24.44 4.824574 2021-06-21 12:09:57.946855 0 49 Franko 91.789678
0 63 17.91 26.38 1.295897 2021-06-21 12:09:59.242752 0 50 Franko 93.085575
0 121 23.66 24.44 2.574257 2021-06-21 12:10:01.817009 0 51 Franko 95.659832
0 255 43.96 24.44 0.13732 2021-06-21 12:10:01.954329 0 52 Franko 95.797152
0 217 37.04 24.44 3.731579 2021-06-21 12:10:05.685908 0 53 Franko 99.528731
0 120 23.58 24.44 0.330123 2021-06-21 12:10:06.016031 0 54 Franko 99.858854
0 159 27.66 24.44 0.210389 2021-06-21 12:10:06.226420 0 55 Franko 100.069243
0 98 21.83 24.44 2.860576 2021-06-21 12:10:09.086996 0 56 Franko 102.929819
0 48 15.29 24.44 0.141495 2021-06-21 12:10:09.228491 0 57 Franko 103.071314
0 103 22.23 24.44 0.033697 2021-06-21 12:10:09.262188 0 58 Franko 103.105011
0 94 21.50 24.44 0.530418 2021-06-21 12:10:09.792606 0 59 Franko 103.635429
0 67 18.51 24.44 2.161166 2021-06-21 12:10:11.953772 0 60 Franko 105.796595
0 511 149.39 24.44 6.744993 2021-06-21 12:10:18.698765 0 61 Franko 112.541588
0 259 44.69 24.44 0.860575 2021-06-21 12:10:19.559340 0 62 Franko 113.402163
0 96 21.67 24.44 0.350656 2021-06-21 12:10:19.909996 0 63 Franko 113.752819
0 131 24.54 24.44 1.770655 2021-06-21 12:10:21.680651 0 64 Franko 115.523474
0 93 21.41 24.44 0.402679 2021-06-21 12:10:22.083330 0 65 Franko 115.926153
0 176 30.09 24.44 0.583231 2021-06-21 12:10:22.666561 0 66 Franko 116.509384
0 255 43.96 24.44 0.558911 2021-06-21 12:10:23.225472 0 67 Franko 117.068295
0 78 19.92 24.44 2.078861 2021-06-21 12:10:25.304333 0 68 Franko 119.147156
