# layer adc volt temp timediff time detector_muon_count detector_count detector_name
0 178 30.40 24.44 10 2021-06-21 12:11:16.204660 0 1 Franko 2.114497
0 83 20.46 24.44 1.275513 2021-06-21 12:11:17.480173 0 2 Franko 3.39001
0 480 130.21 24.44 0.661727 2021-06-21 12:11:18.141900 0 3 Franko 4.051737
0 432 101.61 24.44 0.779683 2021-06-21 12:11:18.921583 0 4 Franko 4.83142
0 224 38.29 24.44 1.346448 2021-06-21 12:11:20.268031 0 5 Franko 6.177868
0 71 19.06 24.44 0.554413 2021-06-21 12:11:20.822444 0 6 Franko 6.732281
0 240 41.21 24.44 0.654474 2021-06-21 12:11:21.476918 0 7 Franko 7.386755
0 99 21.91 24.44 0.420817 2021-06-21 12:11:21.897735 0 8 Franko 7.807572
0 76 19.69 24.44 1.103288 2021-06-21 12:11:23.001023 0 9 Franko 8.91086
1 433 104.37 24.01 5.748925 2021-06-21 12:11:28.749948 0 1 MattiaCosmicWatch 14.659785
0 83 20.46 24.44 0.027393 2021-06-21 12:11:28.777341 0 10 Franko 14.687178
0 63 17.91 24.44 1.867461 2021-06-21 12:11:30.644802 1 11 Franko 16.554639
0 271 46.93 24.44 0.062263 2021-06-21 12:11:30.707065 1 12 Franko 16.616902
0 77 19.81 24.44 1.554194 2021-06-21 12:11:32.261259 1 13 Franko 18.171096
0 235 40.29 24.44 0.859446 2021-06-21 12:11:33.120705 1 14 Franko 19.030542
0 60 17.43 24.44 5.525644 2021-06-21 12:11:38.646349 1 15 Franko 24.556186
0 63 17.91 24.44 1.57671 2021-06-21 12:11:40.223059 1 16 Franko 26.132896
0 83 20.46 24.44 0.376267 2021-06-21 12:11:40.599326 1 17 Franko 26.509163
0 102 22.15 24.44 3.290335 2021-06-21 12:11:43.889661 1 18 Franko 29.799498
0 403 88.99 24.44 0.033691 2021-06-21 12:11:43.923352 1 19 Franko 29.833189
0 83 20.46 24.44 0.810386 2021-06-21 12:11:44.733738 1 20 Franko 30.643575
0 384 80.08 24.44 2.091707 2021-06-21 12:11:46.825445 1 21 Franko 32.735282
0 108 22.63 24.44 1.95015 2021-06-21 12:11:48.775595 1 22 Franko 34.685432
0 231 39.55 24.44 1.290645 2021-06-21 12:11:50.066240 1 23 Franko 35.976077
0 96 21.67 24.44 0.11494 2021-06-21 12:11:50.181180 1 24 Franko 36.091017
0 50 15.67 24.44 2.90083 2021-06-21 12:11:53.082010 1 25 Franko 38.991847
0 103 22.23 24.44 0.130629 2021-06-21 12:11:53.212639 1 26 Franko 39.122476
0 371 73.82 24.44 1.538829 2021-06-21 12:11:54.751468 1 27 Franko 40.661305
0 110 22.78 24.44 1.70934 2021-06-21 12:11:56.460808 1 28 Franko 42.370645
0 172 29.49 24.44 1.070366 2021-06-21 12:11:57.531174 1 29 Franko 43.441011
0 93 21.41 24.44 2.563378 2021-06-21 12:12:00.094552 1 30 Franko 46.004389
0 458 117.59 24.44 1.475918 2021-06-21 12:12:01.570470 1 31 Franko 47.480307
0 115 23.18 24.44 1.138255 2021-06-21 12:12:02.708725 1 32 Franko 48.618562
0 135 24.92 24.44 1.249043 2021-06-21 12:12:03.957768 1 33 Franko 49.867605
0 89 21.05 24.44 2.084344 2021-06-21 12:12:06.042112 1 34 Franko 51.951949
0 69 18.79 24.44 0.124044 2021-06-21 12:12:06.166156 1 35 Franko 52.075993
0 195 33.17 24.44 0.715201 2021-06-21 12:12:06.881357 1 36 Franko 52.791194
0 99 21.91 24.44 2.84571 2021-06-21 12:12:09.727067 1 37 Franko 55.636904
0 63 17.91 24.44 0.287377 2021-06-21 12:12:10.014444 1 38 Franko 55.924281
0 167 28.76 24.44 1.640999 2021-06-21 12:12:11.655443 1 39 Franko 57.56528
0 51 15.86 24.44 1.908026 2021-06-21 12:12:13.563469 1 40 Franko 59.473306
0 62 17.75 24.44 0.56153 2021-06-21 12:12:14.124999 1 41 Franko 60.034836
0 63 17.91 24.44 7.007447 2021-06-21 12:12:21.132446 1 42 Franko 67.042283
0 127 24.18 24.44 2.516486 2021-06-21 12:12:23.648932 1 43 Franko 69.558769
0 94 21.50 24.44 0.167777 2021-06-21 12:12:23.816709 1 44 Franko 69.726546
0 96 21.67 24.44 0.193657 2021-06-21 12:12:24.010366 1 45 Franko 69.920203
0 60 17.43 24.44 1.789608 2021-06-21 12:12:25.799974 1 46 Franko 71.709811
0 127 24.18 24.44 0.193573 2021-06-21 12:12:25.993547 1 47 Franko 71.903384
0 60 17.43 24.44 2.48708 2021-06-21 12:12:28.480627 1 48 Franko 74.390464
0 60 17.43 24.44 5.639256 2021-06-21 12:12:34.119883 1 49 Franko 80.02972
0 295 51.75 24.44 0.336433 2021-06-21 12:12:34.456316 1 50 Franko 80.366153
0 49 15.48 24.44 0.033619 2021-06-21 12:12:34.489935 1 51 Franko 80.399772
0 96 21.67 24.44 9.291958 2021-06-21 12:12:43.781893 1 52 Franko 89.69173
0 94 21.50 24.44 2.023084 2021-06-21 12:12:45.804977 1 53 Franko 91.714814
0 242 41.58 24.44 2.32133 2021-06-21 12:12:48.126307 1 54 Franko 94.036144
0 89 21.05 24.44 0.678744 2021-06-21 12:12:48.805051 1 55 Franko 94.714888
0 547 162.22 24.44 1.17706 2021-06-21 12:12:49.982111 1 56 Franko 95.891948
0 210 35.78 24.44 1.473513 2021-06-21 12:12:51.455624 1 57 Franko 97.365461
0 127 24.18 24.44 1.149131 2021-06-21 12:12:52.604755 1 58 Franko 98.514592
0 69 18.79 24.44 0.609566 2021-06-21 12:12:53.214321 1 59 Franko 99.124158
0 73 19.32 24.44 3.677997 2021-06-21 12:12:56.892318 1 60 Franko 102.802155
0 50 15.67 24.44 0.067629 2021-06-21 12:12:56.959947 1 61 Franko 102.869784
0 185 31.51 24.44 1.247922 2021-06-21 12:12:58.207869 1 62 Franko 104.117706
0 62 17.75 24.44 0.698049 2021-06-21 12:12:58.905918 1 63 Franko 104.815755
0 78 19.92 24.44 0.285024 2021-06-21 12:12:59.190942 1 64 Franko 105.100779
0 65 18.22 24.44 1.836966 2021-06-21 12:13:01.027908 1 65 Franko 106.937745
0 163 28.20 24.44 0.62759 2021-06-21 12:13:01.655498 1 66 Franko 107.565335
0 89 21.05 24.44 2.124565 2021-06-21 12:13:03.780063 1 67 Franko 109.6899
0 57 16.93 24.44 2.155756 2021-06-21 12:13:05.935819 1 68 Franko 111.845656
0 103 22.23 24.44 1.185654 2021-06-21 12:13:07.121473 1 69 Franko 113.03131
0 76 19.69 24.44 1.462291 2021-06-21 12:13:08.583764 1 70 Franko 114.493601
0 108 22.63 24.44 2.359004 2021-06-21 12:13:10.942768 1 71 Franko 116.852605
0 83 20.46 24.44 1.707978 2021-06-21 12:13:12.650746 1 72 Franko 118.560583
0 192 32.67 24.44 0.429157 2021-06-21 12:13:13.079903 1 73 Franko 118.98974
0 197 33.52 24.44 1.049451 2021-06-21 12:13:14.129354 1 74 Franko 120.039191
0 142 25.64 24.44 2.634416 2021-06-21 12:13:16.763770 1 75 Franko 122.673607
0 332 61.17 24.44 1.27545 2021-06-21 12:13:18.039220 1 76 Franko 123.949057
0 355 68.30 24.44 1.633254 2021-06-21 12:13:19.672474 1 77 Franko 125.582311
0 78 19.92 24.44 2.130315 2021-06-21 12:13:21.802789 1 78 Franko 127.712626
0 67 18.51 24.44 4.719553 2021-06-21 12:13:26.522342 1 79 Franko 132.432179
0 61 17.60 24.44 0.204467 2021-06-21 12:13:26.726809 1 80 Franko 132.636646
0 120 23.58 24.44 3.780021 2021-06-21 12:13:30.506830 1 81 Franko 136.416667
0 141 25.53 24.44 5.622183 2021-06-21 12:13:36.129013 1 82 Franko 142.03885
0 159 27.66 24.44 0.320831 2021-06-21 12:13:36.449844 1 83 Franko 142.359681
0 73 19.32 24.44 0.680539 2021-06-21 12:13:37.130383 1 84 Franko 143.04022
0 385 80.11 24.44 0.840222 2021-06-21 12:13:37.970605 1 85 Franko 143.880442
0 82 20.36 24.44 0.68503 2021-06-21 12:13:38.655635 1 86 Franko 144.565472
0 131 24.54 24.44 2.251846 2021-06-21 12:13:40.907481 1 87 Franko 146.817318
0 51 15.86 24.44 1.840975 2021-06-21 12:13:42.748456 1 88 Franko 148.658293
0 60 17.43 24.44 0.379196 2021-06-21 12:13:43.127652 1 89 Franko 149.037489
0 112 22.94 24.44 0.972779 2021-06-21 12:13:44.100431 1 90 Franko 150.010268
0 127 24.18 24.44 0.871664 2021-06-21 12:13:44.972095 1 91 Franko 150.881932
0 280 48.67 24.44 0.590023 2021-06-21 12:13:45.562118 1 92 Franko 151.471955
0 145 25.96 24.44 0.997625 2021-06-21 12:13:46.559743 1 93 Franko 152.46958
0 140 25.42 24.44 1.200124 2021-06-21 12:13:47.759867 1 94 Franko 153.669704
0 67 18.51 24.44 1.962904 2021-06-21 12:13:49.722771 1 95 Franko 155.632608
0 71 19.06 24.44 6.76616 2021-06-21 12:13:56.488931 1 96 Franko 162.398768
0 216 36.85 24.44 0.41662 2021-06-21 12:13:56.905551 1 97 Franko 162.815388
0 67 18.51 24.44 0.259483 2021-06-21 12:13:57.165034 1 98 Franko 163.074871
0 206 35.07 24.44 10.888409 2021-06-21 12:14:08.053443 1 99 Franko 173.96328
0 126 24.09 24.44 2.686764 2021-06-21 12:14:10.740207 1 100 Franko 176.650044
0 271 46.93 24.44 2.354296 2021-06-21 12:14:13.094503 1 101 Franko 179.00434
0 89 21.05 24.44 4.824766 2021-06-21 12:14:17.919269 1 102 Franko 183.829106
0 71 19.06 24.44 1.542168 2021-06-21 12:14:19.461437 1 103 Franko 185.371274
0 108 22.63 24.44 1.133359 2021-06-21 12:14:20.594796 1 104 Franko 186.504633
0 319 57.64 24.44 3.755484 2021-06-21 12:14:24.350280 1 105 Franko 190.260117
0 67 18.51 24.44 0.083114 2021-06-21 12:14:24.433394 1 106 Franko 190.343231
0 99 21.91 24.44 0.033732 2021-06-21 12:14:24.467126 1 107 Franko 190.376963
0 127 24.18 24.44 0.327191 2021-06-21 12:14:24.794317 1 108 Franko 190.704154
0 73 19.32 24.44 0.265551 2021-06-21 12:14:25.059868 1 109 Franko 190.969705
0 211 35.96 24.44 1.492036 2021-06-21 12:14:26.551904 1 110 Franko 192.461741
0 112 22.94 24.44 1.377159 2021-06-21 12:14:27.929063 1 111 Franko 193.8389
0 62 17.75 24.44 3.088291 2021-06-21 12:14:31.017354 1 112 Franko 196.927191
0 74 19.44 24.44 1.787293 2021-06-21 12:14:32.804647 1 113 Franko 198.714484
0 99 21.91 24.44 2.035524 2021-06-21 12:14:34.840171 1 114 Franko 200.750008
0 120 23.58 24.44 0.525399 2021-06-21 12:14:35.365570 1 115 Franko 201.275407
0 158 27.53 24.44 1.107556 2021-06-21 12:14:36.473126 1 116 Franko 202.382963
0 70 18.93 24.44 0.204454 2021-06-21 12:14:36.677580 1 117 Franko 202.587417
0 199 33.86 24.44 0.151178 2021-06-21 12:14:36.828758 1 118 Franko 202.738595
0 53 16.22 24.44 2.122436 2021-06-21 12:14:38.951194 1 119 Franko 204.861031
0 113 23.02 24.44 0.096784 2021-06-21 12:14:39.047978 1 120 Franko 204.957815
0 140 25.42 24.44 1.697977 2021-06-21 12:14:40.745955 1 121 Franko 206.655792
0 88 20.96 24.44 0.848398 2021-06-21 12:14:41.594353 1 122 Franko 207.50419
0 124 23.92 24.44 0.215065 2021-06-21 12:14:41.809418 1 123 Franko 207.719255
0 287 50.23 24.44 1.011758 2021-06-21 12:14:42.821176 1 124 Franko 208.731013
0 284 49.41 24.44 0.923648 2021-06-21 12:14:43.744824 1 125 Franko 209.654661
0 236 40.44 24.44 0.373347 2021-06-21 12:14:44.118171 1 126 Franko 210.028008
0 185 31.51 24.44 0.849339 2021-06-21 12:14:44.967510 1 127 Franko 210.877347
0 61 17.60 24.44 0.141225 2021-06-21 12:14:45.108735 1 128 Franko 211.018572
0 63 17.91 24.44 1.637704 2021-06-21 12:14:46.746439 1 129 Franko 212.656276
0 108 22.63 24.44 0.641652 2021-06-21 12:14:47.388091 1 130 Franko 213.297928
0 57 16.93 24.44 0.100804 2021-06-21 12:14:47.488895 1 131 Franko 213.398732
0 89 21.05 24.44 0.477716 2021-06-21 12:14:47.966611 1 132 Franko 213.876448
0 399 87.30 24.44 0.866797 2021-06-21 12:14:48.833408 1 133 Franko 214.743245
0 177 30.25 24.44 1.704898 2021-06-21 12:14:50.538306 1 134 Franko 216.448143
0 67 18.51 24.44 4.368405 2021-06-21 12:14:54.906711 1 135 Franko 220.816548
0 291 50.97 24.44 1.816166 2021-06-21 12:14:56.722877 1 136 Franko 222.632714
0 83 20.46 24.44 0.18016 2021-06-21 12:14:56.903037 1 137 Franko 222.812874
0 56 16.76 24.44 1.084165 2021-06-21 12:14:57.987202 1 138 Franko 223.897039
0 207 35.26 24.44 3.797781 2021-06-21 12:15:01.784983 1 139 Franko 227.69482
0 88 20.96 24.44 0.29788 2021-06-21 12:15:02.082863 1 140 Franko 227.9927
0 143 25.74 24.44 0.457001 2021-06-21 12:15:02.539864 1 141 Franko 228.449701
0 391 82.35 24.44 0.989736 2021-06-21 12:15:03.529600 1 142 Franko 229.439437
0 159 27.66 24.44 2.852819 2021-06-21 12:15:06.382419 1 143 Franko 232.292256
0 147 26.19 24.44 1.245291 2021-06-21 12:15:07.627710 1 144 Franko 233.537547
0 115 23.18 24.44 1.691188 2021-06-21 12:15:09.318898 1 145 Franko 235.228735
0 92 21.32 24.44 3.339644 2021-06-21 12:15:12.658542 1 146 Franko 238.568379
0 153 26.90 24.44 2.87937 2021-06-21 12:15:15.537912 1 147 Franko 241.447749
0 241 41.39 24.44 0.776067 2021-06-21 12:15:16.313979 1 148 Franko 242.223816
0 81 20.25 24.44 4.687649 2021-06-21 12:15:21.001628 1 149 Franko 246.911465
0 79 20.03 24.44 0.372969 2021-06-21 12:15:21.374597 1 150 Franko 247.284434
0 259 44.69 24.44 0.567953 2021-06-21 12:15:21.942550 1 151 Franko 247.852387
0 65 18.22 24.44 0.848429 2021-06-21 12:15:22.790979 1 152 Franko 248.700816
0 231 39.55 24.44 0.996174 2021-06-21 12:15:23.787153 1 153 Franko 249.69699
0 103 22.23 24.44 0.219665 2021-06-21 12:15:24.006818 1 154 Franko 249.916655
0 207 35.26 24.44 0.985797 2021-06-21 12:15:24.992615 1 155 Franko 250.902452
0 163 28.20 24.44 0.795156 2021-06-21 12:15:25.787771 1 156 Franko 251.697608
0 455 117.03 24.44 0.723511 2021-06-21 12:15:26.511282 1 157 Franko 252.421119
0 56 16.76 24.44 3.879276 2021-06-21 12:15:30.390558 1 158 Franko 256.300395
0 92 21.32 24.44 0.358648 2021-06-21 12:15:30.749206 1 159 Franko 256.659043
0 199 33.86 24.44 0.151511 2021-06-21 12:15:30.900717 1 160 Franko 256.810554
0 110 22.78 24.44 0.989937 2021-06-21 12:15:31.890654 1 161 Franko 257.800491
0 167 28.76 24.44 0.133591 2021-06-21 12:15:32.024245 1 162 Franko 257.934082
0 201 34.22 24.44 1.073077 2021-06-21 12:15:33.097322 1 163 Franko 259.007159
0 286 49.78 24.44 0.228034 2021-06-21 12:15:33.325356 1 164 Franko 259.235193
0 61 17.60 24.44 0.03384 2021-06-21 12:15:33.359196 1 165 Franko 259.269033
0 51 15.86 24.44 1.035653 2021-06-21 12:15:34.394849 1 166 Franko 260.304686
0 224 38.29 24.44 2.060155 2021-06-21 12:15:36.455004 1 167 Franko 262.364841
0 271 46.93 24.44 4.147879 2021-06-21 12:15:40.602883 1 168 Franko 266.51272
0 70 18.93 24.44 0.033779 2021-06-21 12:15:40.636662 1 169 Franko 266.546499
0 113 23.02 24.44 2.758108 2021-06-21 12:15:43.394770 1 170 Franko 269.304607
0 83 20.46 24.44 0.033722 2021-06-21 12:15:43.428492 1 171 Franko 269.338329
0 153 26.90 24.44 1.322387 2021-06-21 12:15:44.750879 1 172 Franko 270.660716
0 71 19.06 24.44 0.922802 2021-06-21 12:15:45.673681 1 173 Franko 271.583518
0 172 29.49 24.44 1.190603 2021-06-21 12:15:46.864284 1 174 Franko 272.774121
0 225 38.48 24.44 0.604179 2021-06-21 12:15:47.468463 1 175 Franko 273.3783
0 112 22.94 24.44 0.153603 2021-06-21 12:15:47.622066 1 176 Franko 273.531903
0 115 23.18 24.44 1.944395 2021-06-21 12:15:49.566461 1 177 Franko 275.476298
0 176 30.09 24.44 0.356088 2021-06-21 12:15:49.922549 1 178 Franko 275.832386
0 85 20.67 24.44 2.694208 2021-06-21 12:15:52.616757 1 179 Franko 278.526594
0 147 26.19 24.44 1.877692 2021-06-21 12:15:54.494449 1 180 Franko 280.404286
0 51 15.86 24.44 1.012084 2021-06-21 12:15:55.506533 1 181 Franko 281.41637
0 63 17.91 24.44 0.122609 2021-06-21 12:15:55.629142 1 182 Franko 281.538979
0 60 17.43 24.44 0.847698 2021-06-21 12:15:56.476840 1 183 Franko 282.386677
0 67 18.51 24.44 1.094804 2021-06-21 12:15:57.571644 1 184 Franko 283.481481
0 78 19.92 24.44 1.335416 2021-06-21 12:15:58.907060 1 185 Franko 284.816897
0 124 23.92 24.44 1.030492 2021-06-21 12:15:59.937552 1 186 Franko 285.847389
0 62 17.75 24.44 0.033507 2021-06-21 12:15:59.971059 1 187 Franko 285.880896
0 110 22.78 24.44 2.574842 2021-06-21 12:16:02.545901 1 188 Franko 288.455738
0 78 19.92 24.44 0.260386 2021-06-21 12:16:02.806287 1 189 Franko 288.716124
0 79 20.03 24.44 0.518995 2021-06-21 12:16:03.325282 1 190 Franko 289.235119
0 249 42.85 24.44 1.497756 2021-06-21 12:16:04.823038 1 191 Franko 290.732875
0 49 15.48 24.44 2.647649 2021-06-21 12:16:07.470687 1 192 Franko 293.380524
0 60 17.43 24.44 12.219145 2021-06-21 12:16:19.689832 1 193 Franko 305.599669
0 92 21.32 24.44 0.350519 2021-06-21 12:16:20.040351 1 194 Franko 305.950188
0 88 20.96 24.44 1.726306 2021-06-21 12:16:21.766657 1 195 Franko 307.676494
0 124 23.92 24.44 0.677086 2021-06-21 12:16:22.443743 1 196 Franko 308.35358
0 51 15.86 24.44 4.38679 2021-06-21 12:16:26.830533 1 197 Franko 312.74037
0 268 46.26 24.44 1.550199 2021-06-21 12:16:28.380732 1 198 Franko 314.290569
0 89 21.05 24.44 0.343395 2021-06-21 12:16:28.724127 1 199 Franko 314.633964
0 455 117.03 24.44 1.194739 2021-06-21 12:16:29.918866 1 200 Franko 315.828703
0 134 24.82 24.44 6.590878 2021-06-21 12:16:36.509744 1 201 Franko 322.419581
0 70 18.93 24.44 3.382462 2021-06-21 12:16:39.892206 1 202 Franko 325.802043
0 70 18.93 24.44 3.6569 2021-06-21 12:16:43.549106 1 203 Franko 329.458943
0 270 46.71 24.44 1.788162 2021-06-21 12:16:45.337268 1 204 Franko 331.247105
0 51 15.86 24.44 0.33758 2021-06-21 12:16:45.674848 1 205 Franko 331.584685
0 71 19.06 24.44 3.639515 2021-06-21 12:16:49.314363 1 206 Franko 335.2242
0 56 16.76 24.44 1.381625 2021-06-21 12:16:50.695988 1 207 Franko 336.605825
0 192 32.67 24.44 2.013653 2021-06-21 12:16:52.709641 1 208 Franko 338.619478
0 102 22.15 24.44 0.969827 2021-06-21 12:16:53.679468 1 209 Franko 339.589305
0 73 19.32 24.44 0.346379 2021-06-21 12:16:54.025847 1 210 Franko 339.935684
0 127 24.18 24.44 4.433599 2021-06-21 12:16:58.459446 1 211 Franko 344.369283
0 49 15.48 24.44 1.330107 2021-06-21 12:16:59.789553 1 212 Franko 345.69939
0 76 19.69 24.44 2.593289 2021-06-21 12:17:02.382842 1 213 Franko 348.292679
0 57 16.93 24.44 1.342182 2021-06-21 12:17:03.725024 1 214 Franko 349.634861
0 88 20.96 24.44 0.793414 2021-06-21 12:17:04.518438 1 215 Franko 350.428275
0 142 25.64 24.44 3.4982 2021-06-21 12:17:08.016638 1 216 Franko 353.926475
0 51 15.86 24.44 2.380075 2021-06-21 12:17:10.396713 1 217 Franko 356.30655
0 124 23.92 24.44 8.223823 2021-06-21 12:17:18.620536 1 218 Franko 364.530373
0 76 19.69 24.44 3.338013 2021-06-21 12:17:21.958549 1 219 Franko 367.868386
0 62 17.75 24.66 0.443723 2021-06-21 12:17:22.402272 1 220 Franko 368.312109
0 49 15.48 24.44 1.946649 2021-06-21 12:17:24.348921 1 221 Franko 370.258758
0 115 23.18 24.44 0.217352 2021-06-21 12:17:24.566273 1 222 Franko 370.47611
0 131 24.54 24.44 0.033592 2021-06-21 12:17:24.599865 1 223 Franko 370.509702
0 141 25.53 24.44 1.248235 2021-06-21 12:17:25.848100 1 224 Franko 371.757937
0 49 15.48 24.44 5.951098 2021-06-21 12:17:31.799198 1 225 Franko 377.709035
0 263 45.37 24.44 1.960081 2021-06-21 12:17:33.759279 1 226 Franko 379.669116
0 135 24.92 24.44 1.462319 2021-06-21 12:17:35.221598 1 227 Franko 381.131435
0 63 17.91 24.44 0.339068 2021-06-21 12:17:35.560666 1 228 Franko 381.470503
0 99 21.91 24.44 1.263701 2021-06-21 12:17:36.824367 1 229 Franko 382.734204
0 227 38.83 24.44 1.60771 2021-06-21 12:17:38.432077 1 230 Franko 384.341914
2 57 16.93 24.34 0.120187 2021-06-21 12:17:38.552264 0 1 Niels 384.462101
0 274 47.52 24.44 0.017028 2021-06-21 12:17:38.569292 1 231 Franko 384.479129
0 143 25.74 24.44 1.192073 2021-06-21 12:17:39.761365 2 232 Franko 385.671202
0 56 16.76 24.44 0.820396 2021-06-21 12:17:40.581761 2 233 Franko 386.491598
0 172 29.49 24.44 0.387442 2021-06-21 12:17:40.969203 2 234 Franko 386.87904
0 332 61.17 24.44 0.63684 2021-06-21 12:17:41.606043 2 235 Franko 387.51588
0 63 17.91 24.44 1.655909 2021-06-21 12:17:43.261952 2 236 Franko 389.171789
0 103 22.23 24.44 0.700036 2021-06-21 12:17:43.961988 2 237 Franko 389.871825
0 457 118.95 24.44 0.748982 2021-06-21 12:17:44.710970 2 238 Franko 390.620807
0 101 22.08 24.44 6.59787 2021-06-21 12:17:51.308840 2 239 Franko 397.218677
0 103 22.23 24.44 1.072433 2021-06-21 12:17:52.381273 2 240 Franko 398.29111
0 99 21.91 24.44 1.176911 2021-06-21 12:17:53.558184 2 241 Franko 399.468021
0 51 15.86 24.44 5.918752 2021-06-21 12:17:59.476936 2 242 Franko 405.386773
0 67 18.51 24.44 0.911445 2021-06-21 12:18:00.388381 2 243 Franko 406.298218
0 81 20.25 24.44 0.204927 2021-06-21 12:18:00.593308 2 244 Franko 406.503145
0 199 33.86 24.44 2.259721 2021-06-21 12:18:02.853029 2 245 Franko 408.762866
0 89 21.05 24.44 0.907624 2021-06-21 12:18:03.760653 2 246 Franko 409.67049
0 56 16.76 24.44 0.444568 2021-06-21 12:18:04.205221 2 247 Franko 410.115058
0 227 38.83 24.44 0.058825 2021-06-21 12:18:04.264046 2 248 Franko 410.173883
0 97 21.75 24.44 0.247667 2021-06-21 12:18:04.511713 2 249 Franko 410.42155
0 396 85.28 24.44 1.084797 2021-06-21 12:18:05.596510 2 250 Franko 411.506347
0 259 44.69 24.44 1.398401 2021-06-21 12:18:06.994911 2 251 Franko 412.904748
0 204 34.73 24.44 0.803531 2021-06-21 12:18:07.798442 2 252 Franko 413.708279
0 135 24.92 24.44 1.122181 2021-06-21 12:18:08.920623 2 253 Franko 414.83046
0 188 32.01 24.44 1.819925 2021-06-21 12:18:10.740548 2 254 Franko 416.650385
0 121 23.66 24.44 2.878433 2021-06-21 12:18:13.618981 2 255 Franko 419.528818
0 391 82.35 24.44 2.36174 2021-06-21 12:18:15.980721 2 256 Franko 421.890558
0 97 21.75 24.44 0.604424 2021-06-21 12:18:16.585145 2 257 Franko 422.494982
0 263 45.37 24.44 1.697119 2021-06-21 12:18:18.282264 2 258 Franko 424.192101
0 63 17.91 24.44 0.461829 2021-06-21 12:18:18.744093 2 259 Franko 424.65393
0 217 37.04 24.44 1.85703 2021-06-21 12:18:20.601123 2 260 Franko 426.51096
0 66 18.36 24.44 4.262364 2021-06-21 12:18:24.863487 2 261 Franko 430.773324
0 57 16.93 24.44 0.32348 2021-06-21 12:18:25.186967 2 262 Franko 431.096804
0 241 41.39 24.44 6.045614 2021-06-21 12:18:31.232581 2 263 Franko 437.142418
0 62 17.75 24.44 1.692869 2021-06-21 12:18:32.925450 2 264 Franko 438.835287
0 51 15.86 24.44 2.764544 2021-06-21 12:18:35.689994 2 265 Franko 441.599831
0 83 20.46 24.44 0.669753 2021-06-21 12:18:36.359747 2 266 Franko 442.269584
0 60 17.43 24.44 1.044372 2021-06-21 12:18:37.404119 2 267 Franko 443.313956
0 49 15.48 24.44 1.883501 2021-06-21 12:18:39.287620 2 268 Franko 445.197457
0 57 16.93 24.44 0.267625 2021-06-21 12:18:39.555245 2 269 Franko 445.465082
0 88 20.96 24.44 0.711404 2021-06-21 12:18:40.266649 2 270 Franko 446.176486
0 295 51.75 24.44 0.948868 2021-06-21 12:18:41.215517 2 271 Franko 447.125354
2 71 19.06 24.44 0.408553 2021-06-21 12:18:41.624070 0 1 Noor 447.533907
0 176 30.09 24.44 0.01575 2021-06-21 12:18:41.639820 2 272 Franko 447.549657
0 121 23.66 24.44 0.320677 2021-06-21 12:18:41.960497 3 273 Franko 447.870334
0 361 70.62 24.44 0.282206 2021-06-21 12:18:42.242703 3 274 Franko 448.15254
0 77 19.81 24.44 3.00691 2021-06-21 12:18:45.249613 3 275 Franko 451.15945
0 49 15.48 24.44 1.251964 2021-06-21 12:18:46.501577 3 276 Franko 452.411414
0 199 33.86 24.44 4.789751 2021-06-21 12:18:51.291328 3 277 Franko 457.201165
0 135 24.92 24.44 0.875957 2021-06-21 12:18:52.167285 3 278 Franko 458.077122
0 83 20.46 24.44 0.033747 2021-06-21 12:18:52.201032 3 279 Franko 458.110869
0 157 27.40 24.44 1.519795 2021-06-21 12:18:53.720827 3 280 Franko 459.630664
0 211 35.96 24.44 0.033741 2021-06-21 12:18:53.754568 3 281 Franko 459.664405
0 63 17.91 24.44 0.499273 2021-06-21 12:18:54.253841 3 282 Franko 460.163678
0 48 15.29 24.44 4.591322 2021-06-21 12:18:58.845163 3 283 Franko 464.755
0 275 47.73 24.44 0.740407 2021-06-21 12:18:59.585570 3 284 Franko 465.495407
0 179 30.55 24.44 1.240158 2021-06-21 12:19:00.825728 3 285 Franko 466.735565
0 103 22.23 24.44 1.129997 2021-06-21 12:19:01.955725 3 286 Franko 467.865562
0 97 21.75 24.44 0.295029 2021-06-21 12:19:02.250754 3 287 Franko 468.160591
0 195 33.17 24.44 0.52596 2021-06-21 12:19:02.776714 3 288 Franko 468.686551
0 167 28.76 24.44 0.121016 2021-06-21 12:19:02.897730 3 289 Franko 468.807567
2 60 17.43 24.44 5.497099 2021-06-21 12:19:08.394829 1 2 Noor 474.304666
0 121 23.66 24.44 0.016066 2021-06-21 12:19:08.410895 3 290 Franko 474.320732
0 143 25.74 24.44 0.227598 2021-06-21 12:19:08.638493 4 291 Franko 474.54833
0 56 16.76 24.44 0.714207 2021-06-21 12:19:09.352700 4 292 Franko 475.262537
0 96 21.67 24.44 2.867009 2021-06-21 12:19:12.219709 4 293 Franko 478.129546
0 63 17.91 24.44 0.394838 2021-06-21 12:19:12.614547 4 294 Franko 478.524384
0 115 23.18 24.44 4.599965 2021-06-21 12:19:17.214512 4 295 Franko 483.124349
0 496 144.49 24.44 9.122579 2021-06-21 12:19:26.337091 4 296 Franko 492.246928
2 124 23.92 24.44 0.021107 2021-06-21 12:19:26.358198 2 3 Noor 492.268035
0 79 20.03 24.44 2.152435 2021-06-21 12:19:28.510633 5 297 Franko 494.42047
0 88 20.96 24.44 2.41396 2021-06-21 12:19:30.924593 5 298 Franko 496.83443
0 71 19.06 24.44 0.466273 2021-06-21 12:19:31.390866 5 299 Franko 497.300703
0 192 32.67 24.44 0.230692 2021-06-21 12:19:31.621558 5 300 Franko 497.531395
0 124 23.92 24.44 0.21233 2021-06-21 12:19:31.833888 5 301 Franko 497.743725
0 56 16.76 24.44 0.033689 2021-06-21 12:19:31.867577 5 302 Franko 497.777414
0 319 57.64 24.44 0.625579 2021-06-21 12:19:32.493156 5 303 Franko 498.402993
0 67 18.51 24.44 3.844714 2021-06-21 12:19:36.337870 5 304 Franko 502.247707
0 90 21.14 24.44 0.523058 2021-06-21 12:19:36.860928 5 305 Franko 502.770765
0 344 64.67 24.44 1.744336 2021-06-21 12:19:38.605264 5 306 Franko 504.515101
0 71 19.06 24.44 1.758691 2021-06-21 12:19:40.363955 5 307 Franko 506.273792
0 227 38.83 24.44 0.859254 2021-06-21 12:19:41.223209 5 308 Franko 507.133046
0 53 16.22 24.44 0.203899 2021-06-21 12:19:41.427108 5 309 Franko 507.336945
0 77 19.81 24.44 0.782577 2021-06-21 12:19:42.209685 5 310 Franko 508.119522
0 82 20.36 24.44 0.240122 2021-06-21 12:19:42.449807 5 311 Franko 508.359644
0 69 18.79 24.44 0.378346 2021-06-21 12:19:42.828153 5 312 Franko 508.73799
0 57 16.93 24.44 0.75202 2021-06-21 12:19:43.580173 5 313 Franko 509.49001
0 76 19.69 24.44 3.023558 2021-06-21 12:19:46.603731 5 314 Franko 512.513568
0 51 15.86 24.44 0.647395 2021-06-21 12:19:47.251126 5 315 Franko 513.160963
0 153 26.90 24.44 0.185578 2021-06-21 12:19:47.436704 5 316 Franko 513.346541
0 103 22.23 24.44 1.223671 2021-06-21 12:19:48.660375 5 317 Franko 514.570212
0 79 20.03 24.44 1.058359 2021-06-21 12:19:49.718734 5 318 Franko 515.628571
0 162 28.06 24.44 1.851543 2021-06-21 12:19:51.570277 5 319 Franko 517.480114
0 71 19.06 24.44 3.017683 2021-06-21 12:19:54.587960 5 320 Franko 520.497797
0 399 87.30 24.44 0.240518 2021-06-21 12:19:54.828478 5 321 Franko 520.738315
0 249 42.85 24.44 2.785655 2021-06-21 12:19:57.614133 5 322 Franko 523.52397
0 415 95.00 24.44 0.595761 2021-06-21 12:19:58.209894 5 323 Franko 524.119731
0 63 17.91 24.44 1.558373 2021-06-21 12:19:59.768267 5 324 Franko 525.678104
0 217 37.04 24.44 1.463202 2021-06-21 12:20:01.231469 5 325 Franko 527.141306
0 216 36.85 24.44 2.190732 2021-06-21 12:20:03.422201 5 326 Franko 529.332038
0 50 15.67 24.44 1.141213 2021-06-21 12:20:04.563414 5 327 Franko 530.473251
0 108 22.63 24.44 0.154859 2021-06-21 12:20:04.718273 5 328 Franko 530.62811
0 177 30.25 24.44 0.033707 2021-06-21 12:20:04.751980 5 329 Franko 530.661817
0 402 87.25 24.44 2.144534 2021-06-21 12:20:06.896514 5 330 Franko 532.806351
0 153 26.90 24.44 0.458104 2021-06-21 12:20:07.354618 5 331 Franko 533.264455
0 121 23.66 24.44 2.317273 2021-06-21 12:20:09.671891 5 332 Franko 535.581728
0 63 17.91 24.44 6.972109 2021-06-21 12:20:16.644000 5 333 Franko 542.553837
0 101 22.08 24.44 0.033726 2021-06-21 12:20:16.677726 5 334 Franko 542.587563
0 189 32.16 24.44 0.468409 2021-06-21 12:20:17.146135 5 335 Franko 543.055972
0 71 19.06 24.44 0.271911 2021-06-21 12:20:17.418046 5 336 Franko 543.327883
0 162 28.06 24.44 0.748377 2021-06-21 12:20:18.166423 5 337 Franko 544.07626
0 211 35.96 24.44 2.327723 2021-06-21 12:20:20.494146 5 338 Franko 546.403983
0 88 20.96 24.44 0.271396 2021-06-21 12:20:20.765542 5 339 Franko 546.675379
0 582 193.83 24.44 1.517743 2021-06-21 12:20:22.283285 5 340 Franko 548.193122
0 60 17.43 24.44 1.968566 2021-06-21 12:20:24.251851 5 341 Franko 550.161688
0 99 21.91 24.44 5.151996 2021-06-21 12:20:29.403847 5 342 Franko 555.313684
0 62 17.75 24.44 0.075715 2021-06-21 12:20:29.479562 5 343 Franko 555.389399
0 295 51.75 24.44 0.033608 2021-06-21 12:20:29.513170 5 344 Franko 555.423007
0 364 71.71 24.44 2.97974 2021-06-21 12:20:32.492910 5 345 Franko 558.402747
0 78 19.92 24.44 2.087424 2021-06-21 12:20:34.580334 5 346 Franko 560.490171
0 177 30.25 24.44 5.989897 2021-06-21 12:20:40.570231 5 347 Franko 566.480068
0 60 17.43 24.44 4.648529 2021-06-21 12:20:45.218760 5 348 Franko 571.128597
0 147 26.19 24.44 2.214487 2021-06-21 12:20:47.433247 5 349 Franko 573.343084
0 126 24.09 24.44 3.825989 2021-06-21 12:20:51.259236 5 350 Franko 577.169073
0 61 17.60 24.44 1.259466 2021-06-21 12:20:52.518702 5 351 Franko 578.428539
0 147 26.19 24.44 1.741631 2021-06-21 12:20:54.260333 5 352 Franko 580.17017
0 158 27.53 24.44 0.060529 2021-06-21 12:20:54.320862 5 353 Franko 580.230699
0 287 50.23 24.44 0.36555 2021-06-21 12:20:54.686412 5 354 Franko 580.596249
0 120 23.58 24.44 1.887405 2021-06-21 12:20:56.573817 5 355 Franko 582.483654
0 78 19.92 24.44 1.283363 2021-06-21 12:20:57.857180 5 356 Franko 583.767017
0 352 66.89 24.44 1.748897 2021-06-21 12:20:59.606077 5 357 Franko 585.515914
0 63 17.91 24.44 0.513901 2021-06-21 12:21:00.119978 5 358 Franko 586.029815
0 94 21.50 24.44 1.952767 2021-06-21 12:21:02.072745 5 359 Franko 587.982582
0 67 18.51 24.44 2.057705 2021-06-21 12:21:04.130450 5 360 Franko 590.040287
0 49 15.48 24.44 0.148193 2021-06-21 12:21:04.278643 5 361 Franko 590.18848
0 172 29.49 24.44 1.565816 2021-06-21 12:21:05.844459 5 362 Franko 591.754296
0 209 35.61 24.44 1.975358 2021-06-21 12:21:07.819817 5 363 Franko 593.729654
0 172 29.49 24.44 0.033822 2021-06-21 12:21:07.853639 5 364 Franko 593.763476
0 376 76.43 24.44 0.934052 2021-06-21 12:21:08.787691 5 365 Franko 594.697528
0 396 85.28 24.44 0.313891 2021-06-21 12:21:09.101582 5 366 Franko 595.011419
0 106 22.47 24.44 0.571887 2021-06-21 12:21:09.673469 5 367 Franko 595.583306
0 92 21.32 24.44 0.584976 2021-06-21 12:21:10.258445 5 368 Franko 596.168282
0 198 33.69 24.44 0.958929 2021-06-21 12:21:11.217374 5 369 Franko 597.127211
0 391 82.35 24.44 3.916238 2021-06-21 12:21:15.133612 5 370 Franko 601.043449
0 195 33.17 24.44 0.543541 2021-06-21 12:21:15.677153 5 371 Franko 601.58699
0 199 33.86 24.44 1.416616 2021-06-21 12:21:17.093769 5 372 Franko 603.003606
0 92 21.32 24.44 3.315972 2021-06-21 12:21:20.409741 5 373 Franko 606.319578
0 56 16.76 24.44 4.308187 2021-06-21 12:21:24.717928 5 374 Franko 610.627765
0 71 19.06 24.44 1.416126 2021-06-21 12:21:26.134054 5 375 Franko 612.043891
0 56 16.76 24.44 7.558874 2021-06-21 12:21:33.692928 5 376 Franko 619.602765
