# layer adc volt temp timediff time detector_muon_count detector_count detector_name
0 152 26.78 27.56 10 2021-06-23 18:53:00.420542 0 1 Carlo 0.663514
1 184 31.36 27.67 0.011419 2021-06-23 18:53:00.431961 0 1 Florian 0.674933
2 63 17.91 27.34 0.002045 2021-06-23 18:53:00.434006 0 1 Noor 0.676978
2 71 19.06 27.34 1.038339 2021-06-23 18:53:01.472345 1 2 Noor 1.715317
0 163 28.20 27.56 0.060869 2021-06-23 18:53:01.533214 1 2 Carlo 1.776186
1 82 20.36 27.67 0.011276 2021-06-23 18:53:01.544490 1 2 Florian 1.787462
2 255 43.96 27.34 0.611485 2021-06-23 18:53:02.155975 1 3 Noor 2.398947
1 207 35.26 27.77 0.097805 2021-06-23 18:53:02.253780 2 3 Florian 2.496752
0 499 141.24 27.34 0.181919 2021-06-23 18:53:02.435699 2 3 Carlo 2.678671
0 50 15.67 27.67 0.262636 2021-06-23 18:53:02.698335 2 4 Carlo 2.941307
1 195 33.17 27.67 0.190527 2021-06-23 18:53:02.888862 2 4 Florian 3.131834
0 319 57.64 27.67 0.27203 2021-06-23 18:53:03.160892 2 5 Carlo 3.403864
0 113 23.02 27.56 0.341082 2021-06-23 18:53:03.501974 2 6 Carlo 3.744946
0 135 24.92 27.34 0.424862 2021-06-23 18:53:03.926836 2 7 Carlo 4.169808
2 207 35.26 27.34 0.789331 2021-06-23 18:53:04.716167 1 4 Noor 4.959139
2 51 15.86 27.34 0.246578 2021-06-23 18:53:04.962745 1 5 Noor 5.205717
0 213 36.33 27.67 0.070266 2021-06-23 18:53:05.033011 2 8 Carlo 5.275983
1 102 22.15 27.67 0.011428 2021-06-23 18:53:05.044439 2 5 Florian 5.287411
1 96 21.67 27.67 0.911294 2021-06-23 18:53:05.955733 3 6 Florian 6.198705
1 174 29.79 27.88 0.237801 2021-06-23 18:53:06.193534 3 7 Florian 6.436506
0 135 24.92 27.67 0.328277 2021-06-23 18:53:06.521811 3 9 Carlo 6.764783
0 62 17.75 27.56 1.210844 2021-06-23 18:53:07.732655 3 10 Carlo 7.975627
1 57 16.93 27.88 0.387761 2021-06-23 18:53:08.120416 3 8 Florian 8.363388
0 102 22.15 27.56 0.308039 2021-06-23 18:53:08.428455 3 11 Carlo 8.671427
1 89 21.05 27.88 0.189558 2021-06-23 18:53:08.618013 3 9 Florian 8.860985
2 241 41.39 27.34 1.149961 2021-06-23 18:53:09.767974 1 6 Noor 10.010946
1 135 24.92 27.77 0.355197 2021-06-23 18:53:10.123171 3 10 Florian 10.366143
1 78 19.92 27.56 0.033404 2021-06-23 18:53:10.156575 3 11 Florian 10.399547
2 78 19.92 27.34 0.028067 2021-06-23 18:53:10.184642 1 7 Noor 10.427614
0 167 28.76 27.56 0.081015 2021-06-23 18:53:10.265657 3 12 Carlo 10.508629
0 62 17.75 27.56 0.850204 2021-06-23 18:53:11.115861 3 13 Carlo 11.358833
1 172 29.49 27.67 0.197355 2021-06-23 18:53:11.313216 4 12 Florian 11.556188
2 275 47.73 27.34 0.143576 2021-06-23 18:53:11.456792 2 8 Noor 11.699764
0 56 16.76 27.67 0.01244 2021-06-23 18:53:11.469232 3 14 Carlo 11.712204
1 172 29.49 27.56 0.041944 2021-06-23 18:53:11.511176 4 13 Florian 11.754148
0 121 23.66 27.56 0.555201 2021-06-23 18:53:12.066377 4 15 Carlo 12.309349
0 127 24.18 27.67 0.511077 2021-06-23 18:53:12.577454 4 16 Carlo 12.820426
0 207 35.26 27.34 0.055517 2021-06-23 18:53:12.632971 4 17 Carlo 12.875943
1 71 19.06 27.67 0.014509 2021-06-23 18:53:12.647480 5 14 Florian 12.890452
2 63 17.91 27.13 0.001256 2021-06-23 18:53:12.648736 3 9 Noor 12.891708
1 362 70.92 27.67 0.644561 2021-06-23 18:53:13.293297 6 15 Florian 13.536269
2 78 19.92 27.34 0.360408 2021-06-23 18:53:13.653705 4 10 Noor 13.896677
0 243 41.74 27.45 3.007465 2021-06-23 18:53:16.661170 5 18 Carlo 16.904142
1 63 17.91 27.67 0.014566 2021-06-23 18:53:16.675736 6 16 Florian 16.918708
0 428 101.58 27.56 0.246675 2021-06-23 18:53:16.922411 6 19 Carlo 17.165383
1 147 26.19 27.67 0.015552 2021-06-23 18:53:16.937963 7 17 Florian 17.180935
2 57 16.93 27.34 0.060838 2021-06-23 18:53:16.998801 4 11 Noor 17.241773
1 316 56.81 27.88 0.113529 2021-06-23 18:53:17.112330 8 18 Florian 17.355302
1 88 20.96 27.67 0.7152 2021-06-23 18:53:17.827530 8 19 Florian 18.070502
0 158 27.53 27.56 0.655681 2021-06-23 18:53:18.483211 7 20 Carlo 18.726183
0 480 130.21 27.67 0.651365 2021-06-23 18:53:19.134576 7 21 Carlo 19.377548
1 57 16.93 27.67 0.463926 2021-06-23 18:53:19.598502 8 20 Florian 19.841474
0 63 17.91 27.56 0.96326 2021-06-23 18:53:20.561762 7 22 Carlo 20.804734
0 357 68.97 27.67 0.580247 2021-06-23 18:53:21.142009 7 23 Carlo 21.384981
2 384 80.08 27.34 0.072486 2021-06-23 18:53:21.214495 4 12 Noor 21.457467
1 143 25.74 27.67 0.026284 2021-06-23 18:53:21.240779 8 21 Florian 21.483751
0 92 21.32 27.34 0.103718 2021-06-23 18:53:21.344497 7 24 Carlo 21.587469
0 252 43.42 27.56 0.233294 2021-06-23 18:53:21.577791 7 25 Carlo 21.820763
0 467 121.56 27.56 0.346071 2021-06-23 18:53:21.923862 7 26 Carlo 22.166834
0 70 18.93 27.67 0.509866 2021-06-23 18:53:22.433728 7 27 Carlo 22.6767
2 167 28.76 27.34 0.599523 2021-06-23 18:53:23.033251 5 13 Noor 23.276223
2 56 16.76 27.34 0.189132 2021-06-23 18:53:23.222383 5 14 Noor 23.465355
0 63 17.91 27.56 0.066665 2021-06-23 18:53:23.289048 7 28 Carlo 23.53202
1 51 15.86 27.67 0.273925 2021-06-23 18:53:23.562973 9 22 Florian 23.805945
0 327 59.28 27.67 1.226881 2021-06-23 18:53:24.789854 7 29 Carlo 25.032826
0 97 21.75 27.67 0.120236 2021-06-23 18:53:24.910090 7 30 Carlo 25.153062
1 62 17.75 27.67 0.501361 2021-06-23 18:53:25.411451 9 23 Florian 25.654423
0 268 46.26 27.67 0.152978 2021-06-23 18:53:25.564429 7 31 Carlo 25.807401
0 723 388.29 27.56 0.060425 2021-06-23 18:53:25.624854 7 32 Carlo 25.867826
0 199 33.86 27.67 0.605358 2021-06-23 18:53:26.230212 7 33 Carlo 26.473184
2 74 19.44 27.34 0.067543 2021-06-23 18:53:26.297755 5 15 Noor 26.540727
0 60 17.43 27.67 0.047337 2021-06-23 18:53:26.345092 7 34 Carlo 26.588064
1 70 18.93 27.77 0.013485 2021-06-23 18:53:26.358577 9 24 Florian 26.601549
0 96 21.67 27.56 0.704641 2021-06-23 18:53:27.063218 8 35 Carlo 27.30619
2 67 18.51 27.34 1.53141 2021-06-23 18:53:28.594628 6 16 Noor 28.8376
1 67 18.51 27.45 0.012529 2021-06-23 18:53:28.607157 10 25 Florian 28.850129
0 94 21.50 27.56 0.200386 2021-06-23 18:53:28.807543 8 36 Carlo 29.050515
0 61 17.60 27.56 0.064952 2021-06-23 18:53:28.872495 8 37 Carlo 29.115467
1 79 20.03 27.67 0.073597 2021-06-23 18:53:28.946092 11 26 Florian 29.189064
2 51 15.86 27.34 0.111875 2021-06-23 18:53:29.057967 7 17 Noor 29.300939
0 117 23.34 27.67 0.963686 2021-06-23 18:53:30.021653 8 38 Carlo 30.264625
2 69 18.79 27.34 0.621945 2021-06-23 18:53:30.643598 7 18 Noor 30.88657
0 302 53.30 27.34 0.322811 2021-06-23 18:53:30.966409 8 39 Carlo 31.209381
2 112 22.94 27.13 1.027091 2021-06-23 18:53:31.993500 7 19 Noor 32.236472
2 121 23.66 27.34 1.316514 2021-06-23 18:53:33.310014 7 20 Noor 33.552986
0 127 24.18 27.67 0.955487 2021-06-23 18:53:34.265501 8 40 Carlo 34.508473
1 51 15.86 27.67 1.94524 2021-06-23 18:53:36.210741 11 27 Florian 36.453713
1 94 21.50 27.67 0.292683 2021-06-23 18:53:36.503424 11 28 Florian 36.746396
0 78 19.92 27.77 0.279441 2021-06-23 18:53:36.782865 8 41 Carlo 37.025837
0 291 50.97 27.45 0.805826 2021-06-23 18:53:37.588691 8 42 Carlo 37.831663
2 199 33.86 27.34 0.749132 2021-06-23 18:53:38.337823 7 21 Noor 38.580795
0 167 28.76 27.56 0.16335 2021-06-23 18:53:38.501173 8 43 Carlo 38.744145
0 99 21.91 27.56 0.14229 2021-06-23 18:53:38.643463 8 44 Carlo 38.886435
0 364 71.71 27.67 1.109631 2021-06-23 18:53:39.753094 8 45 Carlo 39.996066
1 441 109.77 27.67 0.014645 2021-06-23 18:53:39.767739 11 29 Florian 40.010711
2 56 16.76 27.13 0.003095 2021-06-23 18:53:39.770834 7 22 Noor 40.013806
0 70 18.93 27.56 0.084461 2021-06-23 18:53:39.855295 9 46 Carlo 40.098267
1 248 42.69 27.67 0.024757 2021-06-23 18:53:39.880052 12 30 Florian 40.123024
2 384 80.08 27.34 2.921145 2021-06-23 18:53:42.801197 8 23 Noor 43.044169
1 195 33.17 27.77 0.409436 2021-06-23 18:53:43.210633 13 31 Florian 43.453605
2 63 17.91 27.34 0.016733 2021-06-23 18:53:43.227366 8 24 Noor 43.470338
0 248 42.69 27.67 0.000155 2021-06-23 18:53:43.227521 10 47 Carlo 43.470493
0 236 40.44 27.67 0.323446 2021-06-23 18:53:43.550967 11 48 Carlo 43.793939
2 57 16.93 27.34 0.043837 2021-06-23 18:53:43.594804 9 25 Noor 43.837776
1 67 18.51 27.67 0.012425 2021-06-23 18:53:43.607229 14 32 Florian 43.850201
0 103 22.23 27.56 0.191824 2021-06-23 18:53:43.799053 12 49 Carlo 44.042025
0 56 16.76 27.67 0.318913 2021-06-23 18:53:44.117966 12 50 Carlo 44.360938
2 57 16.93 27.34 0.187502 2021-06-23 18:53:44.305468 10 26 Noor 44.54844
1 268 46.26 27.67 0.033338 2021-06-23 18:53:44.338806 15 33 Florian 44.581778
2 255 43.96 27.24 0.003325 2021-06-23 18:53:44.342131 11 27 Noor 44.585103
0 455 117.03 27.45 1.120293 2021-06-23 18:53:45.462424 12 51 Carlo 45.705396
1 60 17.43 27.67 0.196752 2021-06-23 18:53:45.659176 16 34 Florian 45.902148
2 56 16.76 27.24 2.305691 2021-06-23 18:53:47.964867 11 28 Noor 48.207839
0 49 15.48 27.56 1.027141 2021-06-23 18:53:48.992008 12 52 Carlo 49.23498
2 62 17.75 27.34 0.166498 2021-06-23 18:53:49.158506 11 29 Noor 49.401478
0 71 19.06 27.67 0.101341 2021-06-23 18:53:49.259847 12 53 Carlo 49.502819
0 49 15.48 27.45 0.260326 2021-06-23 18:53:49.520173 12 54 Carlo 49.763145
2 96 21.67 27.34 1.386613 2021-06-23 18:53:50.906786 11 30 Noor 51.149758
1 79 20.03 27.67 0.337897 2021-06-23 18:53:51.244683 16 35 Florian 51.487655
0 56 16.76 27.67 0.739816 2021-06-23 18:53:51.984499 12 55 Carlo 52.227471
0 120 23.58 27.67 1.390193 2021-06-23 18:53:53.374692 12 56 Carlo 53.617664
0 60 17.43 27.56 0.033334 2021-06-23 18:53:53.408026 12 57 Carlo 53.650998
0 85 20.67 27.56 2.044951 2021-06-23 18:53:55.452977 12 58 Carlo 55.695949
1 111 22.86 27.88 1.155157 2021-06-23 18:53:56.608134 16 36 Florian 56.851106
0 455 117.03 27.67 0.016605 2021-06-23 18:53:56.624739 12 59 Carlo 56.867711
0 668 291.28 27.45 0.945123 2021-06-23 18:53:57.569862 13 60 Carlo 57.812834
0 103 22.23 27.67 0.125969 2021-06-23 18:53:57.695831 13 61 Carlo 57.938803
2 92 21.32 27.13 0.48288 2021-06-23 18:53:58.178711 11 31 Noor 58.421683
0 243 41.74 27.67 0.352946 2021-06-23 18:53:58.531657 13 62 Carlo 58.774629
1 51 15.86 27.67 0.412034 2021-06-23 18:53:58.943691 17 37 Florian 59.186663
2 70 18.93 27.34 0.057774 2021-06-23 18:53:59.001465 11 32 Noor 59.244437
2 63 17.91 27.34 0.530184 2021-06-23 18:53:59.531649 11 33 Noor 59.774621
0 67 18.51 27.45 0.796725 2021-06-23 18:54:00.328374 13 63 Carlo 60.571346
0 199 33.86 27.56 0.908915 2021-06-23 18:54:01.237289 13 64 Carlo 61.480261
0 313 56.02 27.56 0.151359 2021-06-23 18:54:01.388648 13 65 Carlo 61.63162
2 261 45.09 27.34 1.429082 2021-06-23 18:54:02.817730 11 34 Noor 63.060702
2 198 33.69 27.34 0.448168 2021-06-23 18:54:03.265898 11 35 Noor 63.50887
1 96 21.67 27.45 0.913235 2021-06-23 18:54:04.179133 17 38 Florian 64.422105
0 199 33.86 27.77 0.612581 2021-06-23 18:54:04.791714 13 66 Carlo 65.034686
2 198 33.69 27.34 0.182146 2021-06-23 18:54:04.973860 11 36 Noor 65.216832
1 60 17.43 27.77 0.013504 2021-06-23 18:54:04.987364 17 39 Florian 65.230336
0 66 18.36 27.56 0.078844 2021-06-23 18:54:05.066208 13 67 Carlo 65.30918
2 152 26.78 27.34 0.515573 2021-06-23 18:54:05.581781 12 37 Noor 65.824753
0 352 66.89 27.67 0.967425 2021-06-23 18:54:06.549206 13 68 Carlo 66.792178
0 60 17.43 27.56 0.947582 2021-06-23 18:54:07.496788 13 69 Carlo 67.73976
0 71 19.06 27.77 0.498539 2021-06-23 18:54:07.995327 13 70 Carlo 68.238299
0 263 45.37 27.67 0.70897 2021-06-23 18:54:08.704297 13 71 Carlo 68.947269
0 61 17.60 27.45 0.077309 2021-06-23 18:54:08.781606 13 72 Carlo 69.024578
0 359 69.86 27.56 0.196976 2021-06-23 18:54:08.978582 13 73 Carlo 69.221554
2 147 26.19 27.34 1.584913 2021-06-23 18:54:10.563495 12 38 Noor 70.806467
0 96 21.67 27.67 1.007225 2021-06-23 18:54:11.570720 13 74 Carlo 71.813692
2 78 19.92 27.34 0.563496 2021-06-23 18:54:12.134216 12 39 Noor 72.377188
1 112 22.94 27.67 0.012515 2021-06-23 18:54:12.146731 18 40 Florian 72.389703
1 63 17.91 27.77 0.113926 2021-06-23 18:54:12.260657 19 41 Florian 72.503629
