# layer adc volt temp timediff time detector_muon_count detector_count detector_name
0 192 32.67 26.27 10 2021-06-18 20:02:18.840531 0 1 CarloCosmicWatch 0.363096
0 135 24.92 26.27 1.324213 2021-06-18 20:02:20.164744 0 2 CarloCosmicWatch 1.687309
0 112 22.94 26.16 0.033686 2021-06-18 20:02:20.198430 0 3 CarloCosmicWatch 1.720995
0 97 21.75 26.05 0.347677 2021-06-18 20:02:20.546107 0 4 CarloCosmicWatch 2.068672
0 56 16.76 26.05 1.963523 2021-06-18 20:02:22.509630 0 5 CarloCosmicWatch 4.032195
0 368 72.93 26.05 0.291133 2021-06-18 20:02:22.800763 0 6 CarloCosmicWatch 4.323328
0 67 18.51 26.27 1.463741 2021-06-18 20:02:24.264504 0 7 CarloCosmicWatch 5.787069
0 216 36.85 26.27 1.312785 2021-06-18 20:02:25.577289 0 8 CarloCosmicWatch 7.099854
0 62 17.75 26.48 0.131666 2021-06-18 20:02:25.708955 0 9 CarloCosmicWatch 7.23152
0 163 28.20 26.27 0.635817 2021-06-18 20:02:26.344772 0 10 CarloCosmicWatch 7.867337
0 359 69.86 26.05 0.324463 2021-06-18 20:02:26.669235 0 11 CarloCosmicWatch 8.1918
0 103 22.23 26.27 0.214513 2021-06-18 20:02:26.883748 0 12 CarloCosmicWatch 8.406313
0 225 38.48 26.27 0.610621 2021-06-18 20:02:27.494369 0 13 CarloCosmicWatch 9.016934
0 51 15.86 26.27 0.8887 2021-06-18 20:02:28.383069 0 14 CarloCosmicWatch 9.905634
0 220 37.58 26.27 1.432018 2021-06-18 20:02:29.815087 0 15 CarloCosmicWatch 11.337652
0 263 45.37 26.38 2.849325 2021-06-18 20:02:32.664412 0 16 CarloCosmicWatch 14.186977
0 179 30.55 26.27 3.481361 2021-06-18 20:02:36.145773 0 17 CarloCosmicWatch 17.668338
0 49 15.48 26.48 0.155044 2021-06-18 20:02:36.300817 0 18 CarloCosmicWatch 17.823382
0 67 18.51 26.48 0.161077 2021-06-18 20:02:36.461894 0 19 CarloCosmicWatch 17.984459
0 60 17.43 26.27 0.931926 2021-06-18 20:02:37.393820 0 20 CarloCosmicWatch 18.916385
0 63 17.91 26.38 0.562044 2021-06-18 20:02:37.955864 0 21 CarloCosmicWatch 19.478429
0 79 20.03 26.48 2.147884 2021-06-18 20:02:40.103748 0 22 CarloCosmicWatch 21.626313
0 83 20.46 26.27 0.390393 2021-06-18 20:02:40.494141 0 23 CarloCosmicWatch 22.016706
0 62 17.75 26.48 0.329132 2021-06-18 20:02:40.823273 0 24 CarloCosmicWatch 22.345838
0 371 73.82 26.27 0.369383 2021-06-18 20:02:41.192656 0 25 CarloCosmicWatch 22.715221
0 463 119.23 26.16 0.491001 2021-06-18 20:02:41.683657 0 26 CarloCosmicWatch 23.206222
0 115 23.18 26.27 0.228289 2021-06-18 20:02:41.911946 0 27 CarloCosmicWatch 23.434511
0 142 25.64 26.48 1.122834 2021-06-18 20:02:43.034780 0 28 CarloCosmicWatch 24.557345
2 70 18.93 26.05 0.638978 2021-06-18 20:02:43.673758 0 1 M 25.196323
0 124 23.92 26.48 0.009629 2021-06-18 20:02:43.683387 0 29 CarloCosmicWatch 25.205952
0 157 27.40 26.27 1.154913 2021-06-18 20:02:44.838300 1 30 CarloCosmicWatch 26.360865
0 70 18.93 26.05 1.739784 2021-06-18 20:02:46.578084 1 31 CarloCosmicWatch 28.100649
0 563 181.65 26.05 0.628953 2021-06-18 20:02:47.207037 1 32 CarloCosmicWatch 28.729602
0 455 117.03 26.05 1.487731 2021-06-18 20:02:48.694768 1 33 CarloCosmicWatch 30.217333
0 88 20.96 26.27 0.384019 2021-06-18 20:02:49.078787 1 34 CarloCosmicWatch 30.601352
0 56 16.76 26.16 0.969885 2021-06-18 20:02:50.048672 1 35 CarloCosmicWatch 31.571237
0 76 19.69 26.27 0.182536 2021-06-18 20:02:50.231208 1 36 CarloCosmicWatch 31.753773
0 195 33.17 26.05 0.767459 2021-06-18 20:02:50.998667 1 37 CarloCosmicWatch 32.521232
0 115 23.18 26.27 0.085502 2021-06-18 20:02:51.084169 1 38 CarloCosmicWatch 32.606734
0 56 16.76 26.05 0.986845 2021-06-18 20:02:52.071014 1 39 CarloCosmicWatch 33.593579
0 211 35.96 26.27 0.073818 2021-06-18 20:02:52.144832 1 40 CarloCosmicWatch 33.667397
0 188 32.01 26.27 2.904147 2021-06-18 20:02:55.048979 1 41 CarloCosmicWatch 36.571544
0 307 54.48 26.05 1.215294 2021-06-18 20:02:56.264273 1 42 CarloCosmicWatch 37.786838
0 284 49.41 26.05 0.300954 2021-06-18 20:02:56.565227 1 43 CarloCosmicWatch 38.087792
0 135 24.92 26.27 0.175391 2021-06-18 20:02:56.740618 1 44 CarloCosmicWatch 38.263183
0 96 21.67 26.27 3.603352 2021-06-18 20:03:00.343970 1 45 CarloCosmicWatch 41.866535
0 391 82.35 26.16 1.044894 2021-06-18 20:03:01.388864 1 46 CarloCosmicWatch 42.911429
0 94 21.50 26.05 0.33881 2021-06-18 20:03:01.727674 1 47 CarloCosmicWatch 43.250239
0 67 18.51 26.27 0.766883 2021-06-18 20:03:02.494557 1 48 CarloCosmicWatch 44.017122
0 142 25.64 26.48 0.797007 2021-06-18 20:03:03.291564 1 49 CarloCosmicWatch 44.814129
0 152 26.78 26.27 0.081945 2021-06-18 20:03:03.373509 1 50 CarloCosmicWatch 44.896074
2 195 33.17 24.44 0.305375 2021-06-18 20:03:03.678884 0 1 Niels 45.201449
0 231 39.55 26.48 0.015874 2021-06-18 20:03:03.694758 1 51 CarloCosmicWatch 45.217323
0 69 18.79 26.27 2.495255 2021-06-18 20:03:06.190013 2 52 CarloCosmicWatch 47.712578
0 51 15.86 26.05 0.205158 2021-06-18 20:03:06.395171 2 53 CarloCosmicWatch 47.917736
0 92 21.32 26.48 1.753869 2021-06-18 20:03:08.149040 2 54 CarloCosmicWatch 49.671605
0 376 76.43 26.48 1.280746 2021-06-18 20:03:09.429786 2 55 CarloCosmicWatch 50.952351
0 216 36.85 26.38 0.363573 2021-06-18 20:03:09.793359 2 56 CarloCosmicWatch 51.315924
0 236 40.44 26.27 0.033702 2021-06-18 20:03:09.827061 2 57 CarloCosmicWatch 51.349626
0 364 71.71 26.05 1.132164 2021-06-18 20:03:10.959225 2 58 CarloCosmicWatch 52.48179
0 195 33.17 26.81 0.8659 2021-06-18 20:03:11.825125 2 59 CarloCosmicWatch 53.34769
0 98 21.83 26.59 0.033782 2021-06-18 20:03:11.858907 2 60 CarloCosmicWatch 53.381472
0 384 80.08 26.27 3.713751 2021-06-18 20:03:15.572658 2 61 CarloCosmicWatch 57.095223
0 89 21.05 26.38 0.181153 2021-06-18 20:03:15.753811 2 62 CarloCosmicWatch 57.276376
0 51 15.86 26.27 0.323934 2021-06-18 20:03:16.077745 2 63 CarloCosmicWatch 57.60031
0 63 17.91 26.27 5.859479 2021-06-18 20:03:21.937224 2 64 CarloCosmicWatch 63.459789
0 152 26.78 26.27 4.495407 2021-06-18 20:03:26.432631 2 65 CarloCosmicWatch 67.955196
0 71 19.06 26.05 0.304689 2021-06-18 20:03:26.737320 2 66 CarloCosmicWatch 68.259885
0 207 35.26 26.27 0.41749 2021-06-18 20:03:27.154810 2 67 CarloCosmicWatch 68.677375
0 211 35.96 26.48 4.884522 2021-06-18 20:03:32.039332 2 68 CarloCosmicWatch 73.561897
0 159 27.66 26.05 0.705658 2021-06-18 20:03:32.744990 2 69 CarloCosmicWatch 74.267555
0 63 17.91 26.05 0.033727 2021-06-18 20:03:32.778717 2 70 CarloCosmicWatch 74.301282
0 127 24.18 26.48 3.559976 2021-06-18 20:03:36.338693 2 71 CarloCosmicWatch 77.861258
1 67 18.51 7.69 0.0274 2021-06-18 20:03:36.366093 0 1 rens 77.888658
2 76 19.69 26.05 0.000152 2021-06-18 20:03:36.366245 1 2 M 77.88881
0 110 22.78 26.27 3.226765 2021-06-18 20:03:39.593010 3 72 CarloCosmicWatch 81.115575
0 51 15.86 26.27 2.078395 2021-06-18 20:03:41.671405 3 73 CarloCosmicWatch 83.19397
0 78 19.92 26.27 1.316836 2021-06-18 20:03:42.988241 3 74 CarloCosmicWatch 84.510806
0 159 27.66 26.27 1.324856 2021-06-18 20:03:44.313097 3 75 CarloCosmicWatch 85.835662
0 243 41.74 26.27 1.158685 2021-06-18 20:03:45.471782 3 76 CarloCosmicWatch 86.994347
0 401 87.91 26.05 0.899743 2021-06-18 20:03:46.371525 3 77 CarloCosmicWatch 87.89409
2 306 54.23 26.05 0.237432 2021-06-18 20:03:46.608957 2 3 M 88.131522
0 184 31.36 26.48 0.012794 2021-06-18 20:03:46.621751 3 78 CarloCosmicWatch 88.144316
1 83 20.46 11.88 0.014507 2021-06-18 20:03:46.636258 1 2 rens 88.158823
0 231 39.55 26.05 0.105792 2021-06-18 20:03:46.742050 4 79 CarloCosmicWatch 88.264615
0 241 41.39 26.27 0.794518 2021-06-18 20:03:47.536568 4 80 CarloCosmicWatch 89.059133
1 167 28.76 26.91 0.577864 2021-06-18 20:03:48.114432 2 3 rens 89.636997
2 451 113.08 26.05 0.014753 2021-06-18 20:03:48.129185 3 4 M 89.65175
0 135 24.92 26.27 0.000149 2021-06-18 20:03:48.129334 4 81 CarloCosmicWatch 89.651899
0 172 29.49 26.48 0.987648 2021-06-18 20:03:49.116982 5 82 CarloCosmicWatch 90.639547
0 103 22.23 26.38 0.707663 2021-06-18 20:03:49.824645 5 83 CarloCosmicWatch 91.34721
0 79 20.03 26.27 0.151157 2021-06-18 20:03:49.975802 5 84 CarloCosmicWatch 91.498367
0 185 31.51 26.48 0.286982 2021-06-18 20:03:50.262784 5 85 CarloCosmicWatch 91.785349
0 56 16.76 26.38 0.571038 2021-06-18 20:03:50.833822 5 86 CarloCosmicWatch 92.356387
0 79 20.03 26.38 4.314265 2021-06-18 20:03:55.148087 5 87 CarloCosmicWatch 96.670652
0 719 344.94 26.05 1.660687 2021-06-18 20:03:56.808774 5 88 CarloCosmicWatch 98.331339
1 79 20.03 24.44 0.919706 2021-06-18 20:03:57.728480 0 1 MattiaCosmicWatch 99.251045
0 236 40.44 26.48 0.028467 2021-06-18 20:03:57.756947 5 89 CarloCosmicWatch 99.279512
0 222 37.96 26.27 2.040567 2021-06-18 20:03:59.797514 6 90 CarloCosmicWatch 101.320079
0 158 27.53 26.27 1.003355 2021-06-18 20:04:00.800869 6 91 CarloCosmicWatch 102.323434
0 377 76.28 26.05 1.911298 2021-06-18 20:04:02.712167 6 92 CarloCosmicWatch 104.234732
0 280 48.67 26.38 2.852839 2021-06-18 20:04:05.565006 6 93 CarloCosmicWatch 107.087571
0 255 43.96 26.27 0.374205 2021-06-18 20:04:05.939211 6 94 CarloCosmicWatch 107.461776
0 166 28.62 26.27 0.75345 2021-06-18 20:04:06.692661 6 95 CarloCosmicWatch 108.215226
0 96 21.67 26.70 7.349066 2021-06-18 20:04:14.041727 6 96 CarloCosmicWatch 115.564292
0 56 16.76 26.70 0.343898 2021-06-18 20:04:14.385625 6 97 CarloCosmicWatch 115.90819
0 69 18.79 26.59 0.519609 2021-06-18 20:04:14.905234 6 98 CarloCosmicWatch 116.427799
0 207 35.26 26.70 0.328286 2021-06-18 20:04:15.233520 6 99 CarloCosmicWatch 116.756085
0 97 21.75 26.70 0.526995 2021-06-18 20:04:15.760515 6 100 CarloCosmicWatch 117.28308
0 60 17.43 26.70 1.34332 2021-06-18 20:04:17.103835 6 101 CarloCosmicWatch 118.6264
0 152 26.78 26.70 0.033714 2021-06-18 20:04:17.137549 6 102 CarloCosmicWatch 118.660114
0 56 16.76 26.70 2.047894 2021-06-18 20:04:19.185443 6 103 CarloCosmicWatch 120.708008
0 114 23.10 26.91 0.033668 2021-06-18 20:04:19.219111 6 104 CarloCosmicWatch 120.741676
0 216 36.85 26.70 2.139919 2021-06-18 20:04:21.359030 6 105 CarloCosmicWatch 122.881595
0 224 38.29 26.70 0.624356 2021-06-18 20:04:21.983386 6 106 CarloCosmicWatch 123.505951
0 50 15.67 26.59 0.356017 2021-06-18 20:04:22.339403 6 107 CarloCosmicWatch 123.861968
0 143 25.74 26.16 2.647338 2021-06-18 20:04:24.986741 6 108 CarloCosmicWatch 126.509306
0 67 18.51 26.48 2.343643 2021-06-18 20:04:27.330384 6 109 CarloCosmicWatch 128.852949
0 51 15.86 26.70 0.581128 2021-06-18 20:04:27.911512 6 110 CarloCosmicWatch 129.434077
0 101 22.08 26.38 1.233343 2021-06-18 20:04:29.144855 6 111 CarloCosmicWatch 130.66742
0 300 52.79 26.16 0.377648 2021-06-18 20:04:29.522503 6 112 CarloCosmicWatch 131.045068
0 206 35.07 26.48 0.167762 2021-06-18 20:04:29.690265 6 113 CarloCosmicWatch 131.21283
0 62 17.75 26.27 2.487046 2021-06-18 20:04:32.177311 6 114 CarloCosmicWatch 133.699876
0 536 160.18 26.05 0.14857 2021-06-18 20:04:32.325881 6 115 CarloCosmicWatch 133.848446
0 71 19.06 26.27 0.79042 2021-06-18 20:04:33.116301 6 116 CarloCosmicWatch 134.638866
0 56 16.76 26.05 1.386247 2021-06-18 20:04:34.502548 6 117 CarloCosmicWatch 136.025113
0 510 148.47 26.48 0.216446 2021-06-18 20:04:34.718994 6 118 CarloCosmicWatch 136.241559
0 364 71.71 26.05 0.802236 2021-06-18 20:04:35.521230 6 119 CarloCosmicWatch 137.043795
0 318 57.28 26.27 1.840696 2021-06-18 20:04:37.361926 6 120 CarloCosmicWatch 138.884491
2 156 27.28 26.05 2.227128 2021-06-18 20:04:39.589054 4 5 M 141.111619
0 127 24.18 26.48 0.012934 2021-06-18 20:04:39.601988 6 121 CarloCosmicWatch 141.124553
2 108 22.63 26.05 5.815296 2021-06-18 20:04:45.417284 5 6 M 146.939849
0 216 36.85 26.05 0.012876 2021-06-18 20:04:45.430160 7 122 CarloCosmicWatch 146.952725
0 284 49.41 26.27 0.100869 2021-06-18 20:04:45.531029 8 123 CarloCosmicWatch 147.053594
0 444 109.09 26.16 0.497322 2021-06-18 20:04:46.028351 8 124 CarloCosmicWatch 147.550916
0 56 16.76 26.05 0.989575 2021-06-18 20:04:47.017926 8 125 CarloCosmicWatch 148.540491
0 57 16.93 26.16 1.831044 2021-06-18 20:04:48.848970 8 126 CarloCosmicWatch 150.371535
0 48 15.29 26.38 1.974 2021-06-18 20:04:50.822970 8 127 CarloCosmicWatch 152.345535
0 83 20.46 26.27 1.513207 2021-06-18 20:04:52.336177 8 128 CarloCosmicWatch 153.858742
0 195 33.17 26.38 3.684994 2021-06-18 20:04:56.021171 8 129 CarloCosmicWatch 157.543736
0 56 16.76 26.48 2.55395 2021-06-18 20:04:58.575121 8 130 CarloCosmicWatch 160.097686
0 371 73.82 26.48 0.158269 2021-06-18 20:04:58.733390 8 131 CarloCosmicWatch 160.255955
0 224 38.29 26.27 2.328072 2021-06-18 20:05:01.061462 8 132 CarloCosmicWatch 162.584027
0 344 64.67 26.38 1.933484 2021-06-18 20:05:02.994946 8 133 CarloCosmicWatch 164.517511
0 98 21.83 26.27 0.172654 2021-06-18 20:05:03.167600 8 134 CarloCosmicWatch 164.690165
0 67 18.51 26.48 0.078076 2021-06-18 20:05:03.245676 8 135 CarloCosmicWatch 164.768241
0 419 97.20 26.05 1.040975 2021-06-18 20:05:04.286651 8 136 CarloCosmicWatch 165.809216
0 56 16.76 26.91 0.087559 2021-06-18 20:05:04.374210 8 137 CarloCosmicWatch 165.896775
0 316 56.81 26.48 0.275884 2021-06-18 20:05:04.650094 8 138 CarloCosmicWatch 166.172659
0 339 62.98 26.70 1.361887 2021-06-18 20:05:06.011981 8 139 CarloCosmicWatch 167.534546
1 312 55.68 26.70 0.406248 2021-06-18 20:05:06.418229 0 1 Cecile 167.940794
0 304 53.73 26.38 0.018242 2021-06-18 20:05:06.436471 8 140 CarloCosmicWatch 167.959036
0 448 112.41 26.27 1.539056 2021-06-18 20:05:07.975527 9 141 CarloCosmicWatch 169.498092
0 135 24.92 26.48 0.745648 2021-06-18 20:05:08.721175 9 142 CarloCosmicWatch 170.24374
0 71 19.06 26.70 0.460419 2021-06-18 20:05:09.181594 9 143 CarloCosmicWatch 170.704159
0 67 18.51 26.70 0.523102 2021-06-18 20:05:09.704696 9 144 CarloCosmicWatch 171.227261
0 280 48.67 26.70 0.299322 2021-06-18 20:05:10.004018 9 145 CarloCosmicWatch 171.526583
0 167 28.76 26.70 0.751724 2021-06-18 20:05:10.755742 9 146 CarloCosmicWatch 172.278307
0 216 36.85 26.70 0.577854 2021-06-18 20:05:11.333596 9 147 CarloCosmicWatch 172.856161
0 51 15.86 26.70 3.280847 2021-06-18 20:05:14.614443 9 148 CarloCosmicWatch 176.137008
0 63 17.91 26.48 2.496819 2021-06-18 20:05:17.111262 9 149 CarloCosmicWatch 178.633827
0 60 17.43 26.27 0.245106 2021-06-18 20:05:17.356368 9 150 CarloCosmicWatch 178.878933
0 287 50.23 26.27 0.952812 2021-06-18 20:05:18.309180 9 151 CarloCosmicWatch 179.831745
0 131 24.54 26.70 0.219171 2021-06-18 20:05:18.528351 9 152 CarloCosmicWatch 180.050916
0 428 101.58 26.05 3.877554 2021-06-18 20:05:22.405905 9 153 CarloCosmicWatch 183.92847
0 199 33.86 26.27 0.242101 2021-06-18 20:05:22.648006 9 154 CarloCosmicWatch 184.170571
0 96 21.67 26.27 1.499944 2021-06-18 20:05:24.147950 9 155 CarloCosmicWatch 185.670515
0 120 23.58 26.16 0.257553 2021-06-18 20:05:24.405503 9 156 CarloCosmicWatch 185.928068
0 220 37.58 26.27 1.580714 2021-06-18 20:05:25.986217 9 157 CarloCosmicWatch 187.508782
0 135 24.92 26.48 1.487955 2021-06-18 20:05:27.474172 9 158 CarloCosmicWatch 188.996737
0 179 30.55 26.05 0.99631 2021-06-18 20:05:28.470482 9 159 CarloCosmicWatch 189.993047
0 56 16.76 26.27 0.033661 2021-06-18 20:05:28.504143 9 160 CarloCosmicWatch 190.026708
0 51 15.86 26.48 2.014941 2021-06-18 20:05:30.519084 9 161 CarloCosmicWatch 192.041649
0 51 15.86 26.27 1.066324 2021-06-18 20:05:31.585408 9 162 CarloCosmicWatch 193.107973
0 121 23.66 26.48 1.892111 2021-06-18 20:05:33.477519 9 163 CarloCosmicWatch 195.000084
1 415 95.00 24.44 1.719652 2021-06-18 20:05:35.197171 1 2 MattiaCosmicWatch 196.719736
0 112 22.94 26.70 0.029498 2021-06-18 20:05:35.226669 9 164 CarloCosmicWatch 196.749234
0 169 29.05 26.48 3.087754 2021-06-18 20:05:38.314423 10 165 CarloCosmicWatch 199.836988
0 110 22.78 26.48 0.436121 2021-06-18 20:05:38.750544 10 166 CarloCosmicWatch 200.273109
0 344 64.67 26.27 0.0336 2021-06-18 20:05:38.784144 10 167 CarloCosmicWatch 200.306709
0 66 18.36 26.70 0.408313 2021-06-18 20:05:39.192457 10 168 CarloCosmicWatch 200.715022
0 304 53.73 26.27 0.356857 2021-06-18 20:05:39.549314 10 169 CarloCosmicWatch 201.071879
0 60 17.43 26.70 3.607629 2021-06-18 20:05:43.156943 10 170 CarloCosmicWatch 204.679508
0 60 17.43 26.48 0.149106 2021-06-18 20:05:43.306049 10 171 CarloCosmicWatch 204.828614
0 304 53.73 26.70 4.033117 2021-06-18 20:05:47.339166 10 172 CarloCosmicWatch 208.861731
0 71 19.06 26.48 0.033691 2021-06-18 20:05:47.372857 10 173 CarloCosmicWatch 208.895422
0 307 54.48 26.70 2.730728 2021-06-18 20:05:50.103585 10 174 CarloCosmicWatch 211.62615
2 76 19.69 26.05 1.318327 2021-06-18 20:05:51.421912 0 1 Noor 212.944477
0 248 42.69 26.70 0.014929 2021-06-18 20:05:51.436841 10 175 CarloCosmicWatch 212.959406
0 66 18.36 26.48 0.100438 2021-06-18 20:05:51.537279 11 176 CarloCosmicWatch 213.059844
0 192 32.67 26.70 0.033863 2021-06-18 20:05:51.571142 11 177 CarloCosmicWatch 213.093707
0 127 24.18 26.48 0.170444 2021-06-18 20:05:51.741586 11 178 CarloCosmicWatch 213.264151
1 57 16.93 6.07 0.266267 2021-06-18 20:05:52.007853 3 4 rens 213.530418
0 124 23.92 26.48 0.013857 2021-06-18 20:05:52.021710 11 179 CarloCosmicWatch 213.544275
0 163 28.20 26.70 0.75339 2021-06-18 20:05:52.775100 12 180 CarloCosmicWatch 214.297665
0 339 62.98 26.27 1.092635 2021-06-18 20:05:53.867735 12 181 CarloCosmicWatch 215.3903
0 120 23.58 26.48 2.172589 2021-06-18 20:05:56.040324 12 182 CarloCosmicWatch 217.562889
0 185 31.51 26.27 0.874643 2021-06-18 20:05:56.914967 12 183 CarloCosmicWatch 218.437532
0 88 20.96 26.70 1.19758 2021-06-18 20:05:58.112547 12 184 CarloCosmicWatch 219.635112
0 57 16.93 26.38 0.375399 2021-06-18 20:05:58.487946 12 185 CarloCosmicWatch 220.010511
0 179 30.55 26.27 1.608798 2021-06-18 20:06:00.096744 12 186 CarloCosmicWatch 221.619309
0 306 54.23 26.48 0.102334 2021-06-18 20:06:00.199078 12 187 CarloCosmicWatch 221.721643
1 60 17.43 6.29 0.029484 2021-06-18 20:06:00.228562 4 5 rens 221.751127
2 76 19.69 26.05 0.000152 2021-06-18 20:06:00.228714 6 7 M 221.751279
0 241 41.39 26.27 3.126248 2021-06-18 20:06:03.354962 13 188 CarloCosmicWatch 224.877527
0 120 23.58 26.05 5.573323 2021-06-18 20:06:08.928285 13 189 CarloCosmicWatch 230.45085
0 231 39.55 26.48 2.540904 2021-06-18 20:06:11.469189 13 190 CarloCosmicWatch 232.991754
0 156 27.28 26.05 4.412027 2021-06-18 20:06:15.881216 13 191 CarloCosmicWatch 237.403781
0 170 29.19 26.05 0.251448 2021-06-18 20:06:16.132664 13 192 CarloCosmicWatch 237.655229
0 71 19.06 26.05 0.818293 2021-06-18 20:06:16.950957 13 193 CarloCosmicWatch 238.473522
0 56 16.76 26.05 0.54032 2021-06-18 20:06:17.491277 13 194 CarloCosmicWatch 239.013842
0 113 23.02 26.16 0.138371 2021-06-18 20:06:17.629648 13 195 CarloCosmicWatch 239.152213
0 224 38.29 26.05 1.837715 2021-06-18 20:06:19.467363 13 196 CarloCosmicWatch 240.989928
0 63 17.91 26.05 0.443324 2021-06-18 20:06:19.910687 13 197 CarloCosmicWatch 241.433252
0 457 118.95 26.05 0.940444 2021-06-18 20:06:20.851131 13 198 CarloCosmicWatch 242.373696
0 56 16.76 26.27 1.415232 2021-06-18 20:06:22.266363 13 199 CarloCosmicWatch 243.788928
0 371 73.82 26.05 1.388299 2021-06-18 20:06:23.654662 13 200 CarloCosmicWatch 245.177227
0 71 19.06 26.48 0.209029 2021-06-18 20:06:23.863691 13 201 CarloCosmicWatch 245.386256
0 135 24.92 26.05 0.306248 2021-06-18 20:06:24.169939 13 202 CarloCosmicWatch 245.692504
0 262 45.24 26.05 2.965523 2021-06-18 20:06:27.135462 13 203 CarloCosmicWatch 248.658027
0 220 37.58 26.27 3.501539 2021-06-18 20:06:30.637001 13 204 CarloCosmicWatch 252.159566
0 280 48.67 26.05 0.301333 2021-06-18 20:06:30.938334 13 205 CarloCosmicWatch 252.460899
0 89 21.05 26.05 1.836304 2021-06-18 20:06:32.774638 13 206 CarloCosmicWatch 254.297203
0 113 23.02 26.05 0.351568 2021-06-18 20:06:33.126206 13 207 CarloCosmicWatch 254.648771
0 255 43.96 26.48 2.251407 2021-06-18 20:06:35.377613 13 208 CarloCosmicWatch 256.900178
0 338 62.67 26.05 2.172829 2021-06-18 20:06:37.550442 13 209 CarloCosmicWatch 259.073007
2 63 17.91 26.05 0.030556 2021-06-18 20:06:37.580998 7 8 M 259.103563
0 135 24.92 26.05 0.054611 2021-06-18 20:06:37.635609 14 210 CarloCosmicWatch 259.158174
0 79 20.03 26.05 0.283144 2021-06-18 20:06:37.918753 14 211 CarloCosmicWatch 259.441318
0 51 15.86 26.05 1.867475 2021-06-18 20:06:39.786228 14 212 CarloCosmicWatch 261.308793
0 408 90.57 26.05 1.031465 2021-06-18 20:06:40.817693 14 213 CarloCosmicWatch 262.340258
0 67 18.51 26.05 1.021852 2021-06-18 20:06:41.839545 14 214 CarloCosmicWatch 263.36211
0 113 23.02 26.05 3.021053 2021-06-18 20:06:44.860598 14 215 CarloCosmicWatch 266.383163
0 51 15.86 26.05 0.252896 2021-06-18 20:06:45.113494 14 216 CarloCosmicWatch 266.636059
0 261 45.09 26.05 1.134857 2021-06-18 20:06:46.248351 14 217 CarloCosmicWatch 267.770916
0 56 16.76 26.05 0.296444 2021-06-18 20:06:46.544795 14 218 CarloCosmicWatch 268.06736
0 113 23.02 26.05 1.079101 2021-06-18 20:06:47.623896 14 219 CarloCosmicWatch 269.146461
0 176 30.09 26.05 0.457798 2021-06-18 20:06:48.081694 14 220 CarloCosmicWatch 269.604259
0 174 29.79 26.27 0.960914 2021-06-18 20:06:49.042608 14 221 CarloCosmicWatch 270.565173
0 79 20.03 26.38 0.644237 2021-06-18 20:06:49.686845 14 222 CarloCosmicWatch 271.20941
0 70 18.93 26.48 5.298438 2021-06-18 20:06:54.985283 14 223 CarloCosmicWatch 276.507848
0 435 104.92 26.05 0.03379 2021-06-18 20:06:55.019073 14 224 CarloCosmicWatch 276.541638
0 51 15.86 26.05 0.385383 2021-06-18 20:06:55.404456 14 225 CarloCosmicWatch 276.927021
0 96 21.67 26.05 0.033817 2021-06-18 20:06:55.438273 14 226 CarloCosmicWatch 276.960838
0 110 22.78 26.05 0.698686 2021-06-18 20:06:56.136959 14 227 CarloCosmicWatch 277.659524
0 143 25.74 26.27 0.087372 2021-06-18 20:06:56.224331 14 228 CarloCosmicWatch 277.746896
0 134 24.82 26.05 0.989141 2021-06-18 20:06:57.213472 14 229 CarloCosmicWatch 278.736037
0 496 144.49 26.05 1.146181 2021-06-18 20:06:58.359653 14 230 CarloCosmicWatch 279.882218
0 71 19.06 26.16 1.281529 2021-06-18 20:06:59.641182 14 231 CarloCosmicWatch 281.163747
0 71 19.06 26.05 0.841719 2021-06-18 20:07:00.482901 14 232 CarloCosmicWatch 282.005466
0 63 17.91 26.27 2.821697 2021-06-18 20:07:03.304598 14 233 CarloCosmicWatch 284.827163
0 248 42.69 26.05 1.781858 2021-06-18 20:07:05.086456 14 234 CarloCosmicWatch 286.609021
0 81 20.25 26.27 2.105007 2021-06-18 20:07:07.191463 14 235 CarloCosmicWatch 288.714028
0 71 19.06 26.48 0.410644 2021-06-18 20:07:07.602107 14 236 CarloCosmicWatch 289.124672
0 62 17.75 26.05 0.785485 2021-06-18 20:07:08.387592 14 237 CarloCosmicWatch 289.910157
0 158 27.53 26.16 0.156068 2021-06-18 20:07:08.543660 14 238 CarloCosmicWatch 290.066225
2 176 30.09 24.44 0.435299 2021-06-18 20:07:08.978959 1 2 Niels 290.501524
0 230 39.39 26.05 0.017912 2021-06-18 20:07:08.996871 14 239 CarloCosmicWatch 290.519436
0 211 35.96 26.05 1.399435 2021-06-18 20:07:10.396306 15 240 CarloCosmicWatch 291.918871
0 89 21.05 26.05 0.198177 2021-06-18 20:07:10.594483 15 241 CarloCosmicWatch 292.117048
0 286 49.78 26.48 0.219095 2021-06-18 20:07:10.813578 15 242 CarloCosmicWatch 292.336143
0 60 17.43 26.27 0.775422 2021-06-18 20:07:11.589000 15 243 CarloCosmicWatch 293.111565
0 193 32.84 26.16 0.882838 2021-06-18 20:07:12.471838 15 244 CarloCosmicWatch 293.994403
0 56 16.76 26.27 1.965101 2021-06-18 20:07:14.436939 15 245 CarloCosmicWatch 295.959504
2 224 38.29 26.27 0.033477 2021-06-18 20:07:14.470416 8 9 M 295.992981
0 73 19.32 26.27 0.005945 2021-06-18 20:07:14.476361 16 246 CarloCosmicWatch 295.998926
0 255 43.96 26.16 1.818579 2021-06-18 20:07:16.294940 16 247 CarloCosmicWatch 297.817505
0 48 15.29 26.27 0.342384 2021-06-18 20:07:16.637324 16 248 CarloCosmicWatch 298.159889
0 99 21.91 26.27 1.494524 2021-06-18 20:07:18.131848 16 249 CarloCosmicWatch 299.654413
0 739 495.61 26.05 0.033841 2021-06-18 20:07:18.165689 16 250 CarloCosmicWatch 299.688254
2 179 30.55 24.44 0.058105 2021-06-18 20:07:18.223794 2 3 Niels 299.746359
2 67 18.51 26.05 0.000153 2021-06-18 20:07:18.223947 1 2 Noor 299.746512
0 147 26.19 26.05 3.872517 2021-06-18 20:07:22.096464 16 251 CarloCosmicWatch 303.619029
0 146 26.08 26.05 0.700672 2021-06-18 20:07:22.797136 16 252 CarloCosmicWatch 304.319701
0 179 30.55 26.05 0.720581 2021-06-18 20:07:23.517717 16 253 CarloCosmicWatch 305.040282
0 78 19.92 26.05 0.541356 2021-06-18 20:07:24.059073 16 254 CarloCosmicWatch 305.581638
0 94 21.50 26.05 1.453361 2021-06-18 20:07:25.512434 16 255 CarloCosmicWatch 307.034999
0 236 40.44 26.05 0.808722 2021-06-18 20:07:26.321156 16 256 CarloCosmicWatch 307.843721
0 216 36.85 26.05 1.173766 2021-06-18 20:07:27.494922 16 257 CarloCosmicWatch 309.017487
0 66 18.36 26.05 0.261498 2021-06-18 20:07:27.756420 16 258 CarloCosmicWatch 309.278985
0 67 18.51 26.05 1.274985 2021-06-18 20:07:29.031405 16 259 CarloCosmicWatch 310.55397
0 368 72.93 26.05 0.033752 2021-06-18 20:07:29.065157 16 260 CarloCosmicWatch 310.587722
0 167 28.76 26.16 1.3978 2021-06-18 20:07:30.462957 16 261 CarloCosmicWatch 311.985522
0 441 109.77 26.27 1.559137 2021-06-18 20:07:32.022094 16 262 CarloCosmicWatch 313.544659
0 473 126.29 26.05 0.947638 2021-06-18 20:07:32.969732 16 263 CarloCosmicWatch 314.492297
0 96 21.67 26.05 1.916587 2021-06-18 20:07:34.886319 16 264 CarloCosmicWatch 316.408884
0 193 32.84 26.05 3.483992 2021-06-18 20:07:38.370311 16 265 CarloCosmicWatch 319.892876
0 71 19.06 26.48 1.449351 2021-06-18 20:07:39.819662 16 266 CarloCosmicWatch 321.342227
0 71 19.06 26.05 0.225658 2021-06-18 20:07:40.045320 16 267 CarloCosmicWatch 321.567885
0 51 15.86 26.05 0.577748 2021-06-18 20:07:40.623068 16 268 CarloCosmicWatch 322.145633
0 508 144.95 26.05 1.038205 2021-06-18 20:07:41.661273 16 269 CarloCosmicWatch 323.183838
0 295 51.75 26.48 0.619469 2021-06-18 20:07:42.280742 16 270 CarloCosmicWatch 323.803307
0 143 25.74 26.05 2.051507 2021-06-18 20:07:44.332249 16 271 CarloCosmicWatch 325.854814
0 179 30.55 26.16 0.246088 2021-06-18 20:07:44.578337 16 272 CarloCosmicWatch 326.100902
0 71 19.06 26.16 0.562184 2021-06-18 20:07:45.140521 16 273 CarloCosmicWatch 326.663086
0 83 20.46 26.16 0.033746 2021-06-18 20:07:45.174267 16 274 CarloCosmicWatch 326.696832
1 143 25.74 22.19 0.106387 2021-06-18 20:07:45.280654 5 6 rens 326.803219
0 271 46.93 26.05 0.016938 2021-06-18 20:07:45.297592 16 275 CarloCosmicWatch 326.820157
0 96 21.67 26.05 0.563222 2021-06-18 20:07:45.860814 17 276 CarloCosmicWatch 327.383379
2 60 17.43 26.05 0.02941 2021-06-18 20:07:45.890224 1 3 Noor 327.412789
0 63 17.91 26.05 2.170904 2021-06-18 20:07:48.061128 18 277 CarloCosmicWatch 329.583693
0 67 18.51 26.05 1.211824 2021-06-18 20:07:49.272952 18 278 CarloCosmicWatch 330.795517
0 71 19.06 26.05 0.571977 2021-06-18 20:07:49.844929 18 279 CarloCosmicWatch 331.367494
0 56 16.76 26.05 0.347225 2021-06-18 20:07:50.192154 18 280 CarloCosmicWatch 331.714719
0 335 61.77 26.05 1.438476 2021-06-18 20:07:51.630630 18 281 CarloCosmicWatch 333.153195
0 60 17.43 26.05 0.439306 2021-06-18 20:07:52.069936 18 282 CarloCosmicWatch 333.592501
0 207 35.26 26.16 0.986355 2021-06-18 20:07:53.056291 18 283 CarloCosmicWatch 334.578856
0 415 95.00 26.05 0.994506 2021-06-18 20:07:54.050797 18 284 CarloCosmicWatch 335.573362
1 77 19.81 24.44 0.030317 2021-06-18 20:07:54.081114 2 3 MattiaCosmicWatch 335.603679
1 158 27.53 19.61 1.19082 2021-06-18 20:07:55.271934 6 7 rens 336.794499
2 60 17.43 26.48 0.01694 2021-06-18 20:07:55.288874 9 10 M 336.811439
0 140 25.42 26.27 0.000151 2021-06-18 20:07:55.289025 19 285 CarloCosmicWatch 336.81159
0 152 26.78 26.05 0.257492 2021-06-18 20:07:55.546517 20 286 CarloCosmicWatch 337.069082
0 225 38.48 26.27 0.351193 2021-06-18 20:07:55.897710 20 287 CarloCosmicWatch 337.420275
0 460 119.54 26.05 6.570085 2021-06-18 20:08:02.467795 20 288 CarloCosmicWatch 343.99036
0 83 20.46 26.16 1.879616 2021-06-18 20:08:04.347411 20 289 CarloCosmicWatch 345.869976
0 115 23.18 26.05 1.859904 2021-06-18 20:08:06.207315 20 290 CarloCosmicWatch 347.72988
0 88 20.96 26.05 0.106478 2021-06-18 20:08:06.313793 20 291 CarloCosmicWatch 347.836358
0 57 16.93 26.05 4.076157 2021-06-18 20:08:10.389950 20 292 CarloCosmicWatch 351.912515
0 88 20.96 26.05 0.62705 2021-06-18 20:08:11.017000 20 293 CarloCosmicWatch 352.539565
0 353 67.64 26.05 0.878002 2021-06-18 20:08:11.895002 20 294 CarloCosmicWatch 353.417567
0 368 72.93 26.05 1.317956 2021-06-18 20:08:13.212958 20 295 CarloCosmicWatch 354.735523
0 67 18.51 26.05 0.584975 2021-06-18 20:08:13.797933 20 296 CarloCosmicWatch 355.320498
0 487 132.65 26.05 0.561156 2021-06-18 20:08:14.359089 20 297 CarloCosmicWatch 355.881654
0 69 18.79 26.05 1.532746 2021-06-18 20:08:15.891835 20 298 CarloCosmicWatch 357.4144
0 50 15.67 26.05 1.416683 2021-06-18 20:08:17.308518 20 299 CarloCosmicWatch 358.831083
0 62 17.75 26.05 1.232653 2021-06-18 20:08:18.541171 20 300 CarloCosmicWatch 360.063736
0 162 28.06 26.27 0.413597 2021-06-18 20:08:18.954768 20 301 CarloCosmicWatch 360.477333
1 120 23.58 17.46 0.030462 2021-06-18 20:08:18.985230 7 8 rens 360.507795
2 110 22.78 26.05 0.00016 2021-06-18 20:08:18.985390 10 11 M 360.507955
0 67 18.51 26.27 0.528104 2021-06-18 20:08:19.513494 21 302 CarloCosmicWatch 361.036059
0 9 10.29 26.05 0.257508 2021-06-18 20:08:19.771002 21 303 CarloCosmicWatch 361.293567
0 146 26.08 26.27 1.311974 2021-06-18 20:08:21.082976 21 304 CarloCosmicWatch 362.605541
0 89 21.05 26.05 0.877972 2021-06-18 20:08:21.960948 21 305 CarloCosmicWatch 363.483513
0 103 22.23 26.48 1.420076 2021-06-18 20:08:23.381024 21 306 CarloCosmicWatch 364.903589
0 252 43.42 26.05 0.033793 2021-06-18 20:08:23.414817 21 307 CarloCosmicWatch 364.937382
0 102 22.15 26.27 1.236266 2021-06-18 20:08:24.651083 21 308 CarloCosmicWatch 366.173648
0 71 19.06 26.38 0.879963 2021-06-18 20:08:25.531046 21 309 CarloCosmicWatch 367.053611
0 176 30.09 26.05 0.066559 2021-06-18 20:08:25.597605 21 310 CarloCosmicWatch 367.12017
0 335 61.77 26.27 0.216553 2021-06-18 20:08:25.814158 21 311 CarloCosmicWatch 367.336723
0 348 65.64 26.05 2.061078 2021-06-18 20:08:27.875236 21 312 CarloCosmicWatch 369.397801
0 110 22.78 26.05 0.586744 2021-06-18 20:08:28.461980 21 313 CarloCosmicWatch 369.984545
0 89 21.05 26.16 0.575111 2021-06-18 20:08:29.037091 21 314 CarloCosmicWatch 370.559656
0 51 15.86 26.16 1.442665 2021-06-18 20:08:30.479756 21 315 CarloCosmicWatch 372.002321
0 113 23.02 26.05 0.44076 2021-06-18 20:08:30.920516 21 316 CarloCosmicWatch 372.443081
0 56 16.76 26.27 0.944562 2021-06-18 20:08:31.865078 21 317 CarloCosmicWatch 373.387643
2 174 29.79 24.44 0.689126 2021-06-18 20:08:32.554204 2 4 Niels 374.076769
0 172 29.49 26.48 0.017917 2021-06-18 20:08:32.572121 21 318 CarloCosmicWatch 374.094686
0 57 16.93 26.05 0.064808 2021-06-18 20:08:32.636929 22 319 CarloCosmicWatch 374.159494
0 76 19.69 26.05 0.793093 2021-06-18 20:08:33.430022 22 320 CarloCosmicWatch 374.952587
0 78 19.92 26.05 0.401445 2021-06-18 20:08:33.831467 22 321 CarloCosmicWatch 375.354032
0 312 55.68 26.05 0.836872 2021-06-18 20:08:34.668339 22 322 CarloCosmicWatch 376.190904
0 88 20.96 26.05 0.662657 2021-06-18 20:08:35.330996 22 323 CarloCosmicWatch 376.853561
0 216 36.85 26.05 0.673131 2021-06-18 20:08:36.004127 22 324 CarloCosmicWatch 377.526692
0 176 30.09 26.05 0.854019 2021-06-18 20:08:36.858146 22 325 CarloCosmicWatch 378.380711
0 92 21.32 26.05 1.143234 2021-06-18 20:08:38.001380 22 326 CarloCosmicWatch 379.523945
0 56 16.76 26.05 0.139545 2021-06-18 20:08:38.140925 22 327 CarloCosmicWatch 379.66349
0 62 17.75 26.05 0.69648 2021-06-18 20:08:38.837405 22 328 CarloCosmicWatch 380.35997
0 50 15.67 26.59 0.096817 2021-06-18 20:08:38.934222 22 329 CarloCosmicWatch 380.456787
0 280 48.67 26.05 0.222386 2021-06-18 20:08:39.156608 22 330 CarloCosmicWatch 380.679173
0 364 71.71 26.16 0.284726 2021-06-18 20:08:39.441334 22 331 CarloCosmicWatch 380.963899
0 97 21.75 26.05 0.883437 2021-06-18 20:08:40.324771 22 332 CarloCosmicWatch 381.847336
0 152 26.78 26.05 1.998848 2021-06-18 20:08:42.323619 22 333 CarloCosmicWatch 383.846184
0 259 44.69 26.27 0.466163 2021-06-18 20:08:42.789782 22 334 CarloCosmicWatch 384.312347
0 231 39.55 26.27 0.404233 2021-06-18 20:08:43.194015 22 335 CarloCosmicWatch 384.71658
0 268 46.26 26.05 0.942302 2021-06-18 20:08:44.136317 22 336 CarloCosmicWatch 385.658882
0 70 18.93 26.05 1.115758 2021-06-18 20:08:45.252075 22 337 CarloCosmicWatch 386.77464
0 56 16.76 26.16 0.308199 2021-06-18 20:08:45.560274 22 338 CarloCosmicWatch 387.082839
0 295 51.75 26.05 1.324692 2021-06-18 20:08:46.884966 22 339 CarloCosmicWatch 388.407531
0 158 27.53 26.27 4.14855 2021-06-18 20:08:51.033516 22 340 CarloCosmicWatch 392.556081
0 305 53.88 26.05 0.229165 2021-06-18 20:08:51.262681 22 341 CarloCosmicWatch 392.785246
0 236 40.44 26.05 3.441162 2021-06-18 20:08:54.703843 22 342 CarloCosmicWatch 396.226408
0 169 29.05 26.05 0.229634 2021-06-18 20:08:54.933477 22 343 CarloCosmicWatch 396.456042
0 243 41.74 26.05 1.385066 2021-06-18 20:08:56.318543 22 344 CarloCosmicWatch 397.841108
0 236 40.44 26.05 2.28078 2021-06-18 20:08:58.599323 22 345 CarloCosmicWatch 400.121888
0 93 21.41 26.05 0.401268 2021-06-18 20:08:59.000591 22 346 CarloCosmicWatch 400.523156
0 408 90.57 26.05 0.189898 2021-06-18 20:08:59.190489 22 347 CarloCosmicWatch 400.713054
0 98 21.83 26.16 2.344782 2021-06-18 20:09:01.535271 22 348 CarloCosmicWatch 403.057836
0 305 53.88 26.05 1.41979 2021-06-18 20:09:02.955061 22 349 CarloCosmicWatch 404.477626
0 176 30.09 26.05 1.850753 2021-06-18 20:09:04.805814 22 350 CarloCosmicWatch 406.328379
0 60 17.43 26.05 0.829178 2021-06-18 20:09:05.634992 22 351 CarloCosmicWatch 407.157557
0 56 16.76 26.05 2.082576 2021-06-18 20:09:07.717568 22 352 CarloCosmicWatch 409.240133
0 48 15.29 26.05 1.304362 2021-06-18 20:09:09.021930 22 353 CarloCosmicWatch 410.544495
0 156 27.28 26.05 0.847266 2021-06-18 20:09:09.869196 22 354 CarloCosmicWatch 411.391761
0 337 62.30 26.05 0.615591 2021-06-18 20:09:10.484787 22 355 CarloCosmicWatch 412.007352
0 199 33.86 26.27 1.864463 2021-06-18 20:09:12.349250 22 356 CarloCosmicWatch 413.871815
0 108 22.63 26.05 1.446538 2021-06-18 20:09:13.795788 22 357 CarloCosmicWatch 415.318353
0 94 21.50 26.05 0.350401 2021-06-18 20:09:14.146189 22 358 CarloCosmicWatch 415.668754
0 101 22.08 26.27 0.741973 2021-06-18 20:09:14.888162 22 359 CarloCosmicWatch 416.410727
0 384 80.08 26.05 0.182681 2021-06-18 20:09:15.070843 22 360 CarloCosmicWatch 416.593408
0 263 45.37 26.05 0.463014 2021-06-18 20:09:15.533857 22 361 CarloCosmicWatch 417.056422
0 211 35.96 26.05 0.376829 2021-06-18 20:09:15.910686 22 362 CarloCosmicWatch 417.433251
0 487 132.65 26.48 0.309838 2021-06-18 20:09:16.220524 22 363 CarloCosmicWatch 417.743089
0 127 24.18 26.05 0.033772 2021-06-18 20:09:16.254296 22 364 CarloCosmicWatch 417.776861
0 79 20.03 26.05 0.128406 2021-06-18 20:09:16.382702 22 365 CarloCosmicWatch 417.905267
0 248 42.69 26.05 0.615141 2021-06-18 20:09:16.997843 22 366 CarloCosmicWatch 418.520408
0 275 47.73 26.05 1.557523 2021-06-18 20:09:18.555366 22 367 CarloCosmicWatch 420.077931
0 57 16.93 26.05 1.333577 2021-06-18 20:09:19.888943 22 368 CarloCosmicWatch 421.411508
0 124 23.92 26.27 2.441508 2021-06-18 20:09:22.330451 22 369 CarloCosmicWatch 423.853016
0 124 23.92 26.16 2.403239 2021-06-18 20:09:24.733690 22 370 CarloCosmicWatch 426.256255
0 92 21.32 26.05 3.135787 2021-06-18 20:09:27.869477 22 371 CarloCosmicWatch 429.392042
0 57 16.93 26.05 0.391496 2021-06-18 20:09:28.260973 22 372 CarloCosmicWatch 429.783538
0 195 33.17 26.05 2.415419 2021-06-18 20:09:30.676392 22 373 CarloCosmicWatch 432.198957
0 56 16.76 26.05 0.316989 2021-06-18 20:09:30.993381 22 374 CarloCosmicWatch 432.515946
0 67 18.51 26.05 2.940651 2021-06-18 20:09:33.934032 22 375 CarloCosmicWatch 435.456597
0 243 41.74 26.05 0.365422 2021-06-18 20:09:34.299454 22 376 CarloCosmicWatch 435.822019
0 193 32.84 26.05 2.380819 2021-06-18 20:09:36.680273 22 377 CarloCosmicWatch 438.202838
0 61 17.60 26.05 1.168809 2021-06-18 20:09:37.849082 22 378 CarloCosmicWatch 439.371647
0 73 19.32 26.05 0.779318 2021-06-18 20:09:38.628400 22 379 CarloCosmicWatch 440.150965
0 524 150.73 26.05 0.225626 2021-06-18 20:09:38.854026 22 380 CarloCosmicWatch 440.376591
0 198 33.69 26.05 0.146943 2021-06-18 20:09:39.000969 22 381 CarloCosmicWatch 440.523534
0 184 31.36 26.05 1.050469 2021-06-18 20:09:40.051438 22 382 CarloCosmicWatch 441.574003
0 220 37.58 26.05 1.640996 2021-06-18 20:09:41.692434 22 383 CarloCosmicWatch 443.214999
0 286 49.78 26.27 1.659937 2021-06-18 20:09:43.352371 22 384 CarloCosmicWatch 444.874936
0 159 27.66 26.05 4.121129 2021-06-18 20:09:47.473500 22 385 CarloCosmicWatch 448.996065
0 274 47.52 26.05 0.838908 2021-06-18 20:09:48.312408 22 386 CarloCosmicWatch 449.834973
0 51 15.86 26.27 2.191091 2021-06-18 20:09:50.503499 22 387 CarloCosmicWatch 452.026064
0 99 21.91 26.05 6.068659 2021-06-18 20:09:56.572158 22 388 CarloCosmicWatch 458.094723
0 207 35.26 26.05 1.871274 2021-06-18 20:09:58.443432 22 389 CarloCosmicWatch 459.965997
0 167 28.76 26.05 0.159424 2021-06-18 20:09:58.602856 22 390 CarloCosmicWatch 460.125421
0 224 38.29 26.59 1.721778 2021-06-18 20:10:00.324634 22 391 CarloCosmicWatch 461.847199
0 57 16.93 26.05 1.579826 2021-06-18 20:10:01.904460 22 392 CarloCosmicWatch 463.427025
0 103 22.23 26.05 2.027836 2021-06-18 20:10:03.932296 22 393 CarloCosmicWatch 465.454861
0 67 18.51 26.05 4.025999 2021-06-18 20:10:07.958295 22 394 CarloCosmicWatch 469.48086
1 368 72.93 24.44 0.524476 2021-06-18 20:10:08.482771 3 4 MattiaCosmicWatch 470.005336
0 163 28.20 26.05 0.030375 2021-06-18 20:10:08.513146 22 395 CarloCosmicWatch 470.035711
0 78 19.92 26.05 0.983132 2021-06-18 20:10:09.496278 23 396 CarloCosmicWatch 471.018843
0 57 16.93 26.05 0.033844 2021-06-18 20:10:09.530122 23 397 CarloCosmicWatch 471.052687
0 408 90.57 26.05 1.844047 2021-06-18 20:10:11.374169 23 398 CarloCosmicWatch 472.896734
0 255 43.96 26.05 0.922784 2021-06-18 20:10:12.296953 23 399 CarloCosmicWatch 473.819518
0 174 29.79 26.05 1.046544 2021-06-18 20:10:13.343497 23 400 CarloCosmicWatch 474.866062
0 96 21.67 26.05 1.407882 2021-06-18 20:10:14.751379 23 401 CarloCosmicWatch 476.273944
0 556 174.47 26.05 0.454566 2021-06-18 20:10:15.205945 23 402 CarloCosmicWatch 476.72851
0 76 19.69 26.05 1.143252 2021-06-18 20:10:16.349197 23 403 CarloCosmicWatch 477.871762
0 81 20.25 26.05 0.033635 2021-06-18 20:10:16.382832 23 404 CarloCosmicWatch 477.905397
0 115 23.18 26.05 0.218598 2021-06-18 20:10:16.601430 23 405 CarloCosmicWatch 478.123995
0 51 15.86 26.05 1.063796 2021-06-18 20:10:17.665226 23 406 CarloCosmicWatch 479.187791
0 51 15.86 26.05 1.406821 2021-06-18 20:10:19.072047 23 407 CarloCosmicWatch 480.594612
0 56 16.76 26.05 0.233737 2021-06-18 20:10:19.305784 23 408 CarloCosmicWatch 480.828349
0 89 21.05 26.05 1.287852 2021-06-18 20:10:20.593636 23 409 CarloCosmicWatch 482.116201
0 56 16.76 26.05 0.467199 2021-06-18 20:10:21.060835 23 410 CarloCosmicWatch 482.5834
0 368 72.93 26.05 0.222884 2021-06-18 20:10:21.283719 23 411 CarloCosmicWatch 482.806284
0 387 81.05 26.05 3.436923 2021-06-18 20:10:24.720642 23 412 CarloCosmicWatch 486.243207
0 51 15.86 26.05 0.209881 2021-06-18 20:10:24.930523 23 413 CarloCosmicWatch 486.453088
0 227 38.83 26.05 4.28809 2021-06-18 20:10:29.218613 23 414 CarloCosmicWatch 490.741178
0 210 35.78 26.05 2.006529 2021-06-18 20:10:31.225142 23 415 CarloCosmicWatch 492.747707
1 57 16.93 6.07 0.03064 2021-06-18 20:10:31.255782 8 9 rens 492.778347
0 204 34.73 26.05 0.274306 2021-06-18 20:10:31.530088 24 416 CarloCosmicWatch 493.052653
0 56 16.76 26.05 2.930146 2021-06-18 20:10:34.460234 24 417 CarloCosmicWatch 495.982799
0 60 17.43 26.05 2.067841 2021-06-18 20:10:36.528075 24 418 CarloCosmicWatch 498.05064
0 241 41.39 26.05 0.877386 2021-06-18 20:10:37.405461 24 419 CarloCosmicWatch 498.928026
0 499 141.24 26.05 0.819421 2021-06-18 20:10:38.224882 24 420 CarloCosmicWatch 499.747447
2 110 22.78 26.05 0.038777 2021-06-18 20:10:38.263659 2 4 Noor 499.786224
0 225 38.48 26.05 1.015756 2021-06-18 20:10:39.279415 25 421 CarloCosmicWatch 500.80198
0 115 23.18 26.05 0.134603 2021-06-18 20:10:39.414018 25 422 CarloCosmicWatch 500.936583
0 51 15.86 26.05 0.650311 2021-06-18 20:10:40.064329 25 423 CarloCosmicWatch 501.586894
0 60 17.43 26.05 1.175526 2021-06-18 20:10:41.239855 25 424 CarloCosmicWatch 502.76242
0 103 22.23 26.05 4.918662 2021-06-18 20:10:46.158517 25 425 CarloCosmicWatch 507.681082
0 57 16.93 26.05 0.414323 2021-06-18 20:10:46.572840 25 426 CarloCosmicWatch 508.095405
0 428 101.58 26.05 0.718087 2021-06-18 20:10:47.290927 25 427 CarloCosmicWatch 508.813492
0 194 33.00 26.05 0.139416 2021-06-18 20:10:47.430343 25 428 CarloCosmicWatch 508.952908
0 348 65.64 26.05 1.861974 2021-06-18 20:10:49.292317 25 429 CarloCosmicWatch 510.814882
0 179 30.55 26.05 0.448759 2021-06-18 20:10:49.741076 25 430 CarloCosmicWatch 511.263641
0 51 15.86 26.05 0.140189 2021-06-18 20:10:49.881265 25 431 CarloCosmicWatch 511.40383
0 238 40.82 26.05 4.499205 2021-06-18 20:10:54.380470 25 432 CarloCosmicWatch 515.903035
0 334 61.44 26.05 4.499344 2021-06-18 20:10:58.879814 25 433 CarloCosmicWatch 520.402379
1 71 19.06 8.65 0.497134 2021-06-18 20:10:59.376948 9 10 rens 520.899513
0 243 41.74 26.05 0.015994 2021-06-18 20:10:59.392942 25 434 CarloCosmicWatch 520.915507
0 57 16.93 26.05 0.28435 2021-06-18 20:10:59.677292 26 435 CarloCosmicWatch 521.199857
0 159 27.66 26.05 0.247981 2021-06-18 20:10:59.925273 26 436 CarloCosmicWatch 521.447838
0 496 144.49 26.05 2.167066 2021-06-18 20:11:02.092339 26 437 CarloCosmicWatch 523.614904
0 287 50.23 26.05 0.418498 2021-06-18 20:11:02.510837 26 438 CarloCosmicWatch 524.033402
0 560 175.34 26.05 2.79131 2021-06-18 20:11:05.302147 26 439 CarloCosmicWatch 526.824712
0 112 22.94 26.05 0.667727 2021-06-18 20:11:05.969874 26 440 CarloCosmicWatch 527.492439
2 60 17.43 24.44 0.030536 2021-06-18 20:11:06.000410 3 5 Niels 527.522975
0 142 25.64 26.05 0.472811 2021-06-18 20:11:06.473221 27 441 CarloCosmicWatch 527.995786
0 67 18.51 26.05 1.817734 2021-06-18 20:11:08.290955 27 442 CarloCosmicWatch 529.81352
0 124 23.92 26.05 1.573237 2021-06-18 20:11:09.864192 27 443 CarloCosmicWatch 531.386757
0 240 41.21 26.05 0.646388 2021-06-18 20:11:10.510580 27 444 CarloCosmicWatch 532.033145
0 62 17.75 26.05 0.858442 2021-06-18 20:11:11.369022 27 445 CarloCosmicWatch 532.891587
0 192 32.67 26.05 0.228396 2021-06-18 20:11:11.597418 27 446 CarloCosmicWatch 533.119983
0 560 175.34 26.05 1.093199 2021-06-18 20:11:12.690617 27 447 CarloCosmicWatch 534.213182
2 56 16.76 24.44 1.053872 2021-06-18 20:11:13.744489 4 6 Niels 535.267054
0 163 28.20 26.05 0.018078 2021-06-18 20:11:13.762567 27 448 CarloCosmicWatch 535.285132
