# layer adc volt temp timediff time detector_muon_count detector_count detector_name
0 127 24.18 24.44 0.003331 2021-06-21 13:45:30.079134 28 199 Franko 165.037863
1 44 14.51 24.44 0.68598 2021-06-21 13:45:30.765114 13 50 Niels 165.723843
1 37 13.14 25.20 0.335874 2021-06-21 13:45:31.100988 5 26 Noor 166.059717
0 137 25.12 24.44 0.21458 2021-06-21 13:45:31.315568 29 200 Franko 166.274297
0 73 19.32 24.44 0.201045 2021-06-21 13:45:31.516613 29 201 Franko 166.475342
0 19 10.33 24.44 0.033804 2021-06-21 13:45:31.550417 29 202 Franko 166.509146
0 25 11.02 24.44 0.073748 2021-06-21 13:45:31.624165 29 203 Franko 166.582894
0 25 11.02 24.44 0.434146 2021-06-21 13:45:32.058311 29 204 Franko 167.01704
2 70 18.93 24.44 0.058484 2021-06-21 13:45:32.116795 10 40 MattiaCosmicWatch 167.075524
1 96 21.67 24.44 0.56042 2021-06-21 13:45:32.677215 13 51 Niels 167.635944
1 99 21.91 25.52 0.294972 2021-06-21 13:45:32.972187 5 27 Noor 167.930916
0 37 13.14 24.44 0.128978 2021-06-21 13:45:33.101165 29 205 Franko 168.059894
2 353 67.64 24.44 0.139613 2021-06-21 13:45:33.240778 10 41 MattiaCosmicWatch 168.199507
2 31 12.01 24.44 0.565906 2021-06-21 13:45:33.806684 10 42 MattiaCosmicWatch 168.765413
1 412 92.93 24.44 0.552726 2021-06-21 13:45:34.359410 13 37 M 169.318139
0 19 10.33 24.44 0.766849 2021-06-21 13:45:35.126259 29 206 Franko 170.084988
0 31 12.01 24.44 0.52051 2021-06-21 13:45:35.646769 29 207 Franko 170.605498
0 44 14.51 24.44 0.339952 2021-06-21 13:45:35.986721 29 208 Franko 170.94545
2 24 10.88 -1.02 0.225394 2021-06-21 13:45:36.212115 18 43 rens 171.170844
1 120 23.58 24.44 0.017339 2021-06-21 13:45:36.229454 13 52 Niels 171.188183
0 51 15.86 24.44 0.767893 2021-06-21 13:45:36.997347 29 209 Franko 171.956076
2 44 14.51 2.53 0.552087 2021-06-21 13:45:37.549434 19 44 rens 172.508163
1 98 21.83 24.44 0.398232 2021-06-21 13:45:37.947666 14 53 Niels 172.906395
0 46 14.91 24.44 0.203353 2021-06-21 13:45:38.151019 29 210 Franko 173.109748
1 53 16.22 24.44 1.085389 2021-06-21 13:45:39.236408 14 54 Niels 174.195137
0 39 13.53 24.44 0.263514 2021-06-21 13:45:39.499922 29 211 Franko 174.458651
0 57 16.93 24.44 0.103655 2021-06-21 13:45:39.603577 29 212 Franko 174.562306
0 51 15.86 24.44 0.312901 2021-06-21 13:45:39.916478 29 213 Franko 174.875207
0 344 64.67 24.44 0.105829 2021-06-21 13:45:40.022307 29 214 Franko 174.981036
2 39 13.53 3.17 0.959948 2021-06-21 13:45:40.982255 19 45 rens 175.940984
2 25 11.02 -2.63 0.668724 2021-06-21 13:45:41.650979 19 46 rens 176.609708
1 39 13.53 24.44 0.017151 2021-06-21 13:45:41.668130 13 38 M 176.626859
1 48 15.29 24.44 0.307274 2021-06-21 13:45:41.975404 14 55 Niels 176.934133
0 28 11.49 24.44 0.626642 2021-06-21 13:45:42.602046 29 215 Franko 177.560775
0 21 10.52 24.44 0.92467 2021-06-21 13:45:43.526716 29 216 Franko 178.485445
2 37 13.14 26.05 2.217195 2021-06-21 13:45:45.743911 3 12 Cecile 180.70264
1 240 41.21 24.44 2.332211 2021-06-21 13:45:48.076122 14 56 Niels 183.034851
0 76 19.69 24.44 0.353683 2021-06-21 13:45:48.429805 29 217 Franko 183.388534
2 35 12.75 1.24 0.802298 2021-06-21 13:45:49.232103 20 47 rens 184.190832
2 76 19.69 24.44 0.276976 2021-06-21 13:45:49.509079 10 43 MattiaCosmicWatch 184.467808
0 67 18.51 24.44 0.486064 2021-06-21 13:45:49.995143 29 218 Franko 184.953872
2 112 22.94 16.71 1.104005 2021-06-21 13:45:51.099148 20 48 rens 186.057877
2 472 125.87 78.58 0.144352 2021-06-21 13:45:51.243500 20 49 rens 186.202229
1 124 23.92 24.98 0.019304 2021-06-21 13:45:51.262804 14 39 M 186.221533
1 33 12.37 24.44 0.129395 2021-06-21 13:45:51.392199 14 57 Niels 186.350928
0 35 12.75 24.44 0.0636 2021-06-21 13:45:51.455799 29 219 Franko 186.414528
1 31 12.01 24.44 0.621414 2021-06-21 13:45:52.077213 14 58 Niels 187.035942
0 19 10.33 24.44 0.031253 2021-06-21 13:45:52.108466 29 220 Franko 187.067195
2 185 31.51 30.24 0.065785 2021-06-21 13:45:52.174251 21 50 rens 187.13298
1 71 19.06 24.44 0.01804 2021-06-21 13:45:52.192291 15 40 M 187.15102
