# layer adc volt temp timediff time detector_muon_count detector_count detector_name
2 67 18.51 9.30 10 2021-06-21 13:42:45.666010 0 1 rens 0.624739
2 25 11.02 26.05 1.057235 2021-06-21 13:42:46.723245 0 1 Cecile 1.681974
1 48 15.29 24.44 0.215106 2021-06-21 13:42:46.938351 0 1 M 1.89708
2 30 11.83 0.27 0.008774 2021-06-21 13:42:46.947125 0 2 rens 1.905854
1 30 11.83 24.44 1.244275 2021-06-21 13:42:48.191400 1 2 M 3.150129
1 25 11.02 24.44 0.998184 2021-06-21 13:42:49.189584 0 1 Noor 4.148313
0 21 10.52 24.44 0.244597 2021-06-21 13:42:49.434181 0 1 Franko 4.39291
0 24 10.88 24.44 0.287087 2021-06-21 13:42:49.721268 0 2 Franko 4.679997
0 153 26.90 24.44 0.543967 2021-06-21 13:42:50.265235 0 3 Franko 5.223964
0 108 22.63 24.44 0.065512 2021-06-21 13:42:50.330747 0 4 Franko 5.289476
0 35 12.75 24.44 0.731752 2021-06-21 13:42:51.062499 0 5 Franko 6.021228
1 519 154.30 24.44 0.202785 2021-06-21 13:42:51.265284 0 1 Niels 6.224013
2 35 12.75 2.21 0.435503 2021-06-21 13:42:51.700787 1 3 rens 6.659516
0 21 10.52 24.44 0.022099 2021-06-21 13:42:51.722886 0 6 Franko 6.681615
1 25 11.02 24.44 0.02554 2021-06-21 13:42:51.748426 0 2 Noor 6.707155
0 108 22.63 24.44 0.037312 2021-06-21 13:42:51.785738 1 7 Franko 6.744467
1 31 12.01 24.44 0.441468 2021-06-21 13:42:52.227206 0 2 Niels 7.185935
0 24 10.88 24.44 0.949511 2021-06-21 13:42:53.176717 1 8 Franko 8.135446
1 70 18.93 24.44 0.309732 2021-06-21 13:42:53.486449 0 3 Niels 8.445178
1 25 11.02 24.44 0.43811 2021-06-21 13:42:53.924559 1 3 M 8.883288
0 28 11.49 24.44 0.061155 2021-06-21 13:42:53.985714 1 9 Franko 8.944443
1 48 15.29 24.44 0.773843 2021-06-21 13:42:54.759557 1 3 Noor 9.718286
0 79 20.03 24.44 0.249698 2021-06-21 13:42:55.009255 1 10 Franko 9.967984
1 24 10.88 24.66 0.11529 2021-06-21 13:42:55.124545 1 4 Noor 10.083274
0 19 10.33 24.44 0.120221 2021-06-21 13:42:55.244766 1 11 Franko 10.203495
0 88 20.96 24.44 0.099238 2021-06-21 13:42:55.344004 1 12 Franko 10.302733
1 127 24.18 24.44 0.239565 2021-06-21 13:42:55.583569 1 4 M 10.542298
0 96 21.67 24.44 0.443762 2021-06-21 13:42:56.027331 1 13 Franko 10.98606
0 63 17.91 24.44 0.118954 2021-06-21 13:42:56.146285 1 14 Franko 11.105014
1 60 17.43 24.44 0.269789 2021-06-21 13:42:56.416074 0 4 Niels 11.374803
0 115 23.18 24.44 0.052948 2021-06-21 13:42:56.469022 1 15 Franko 11.427751
0 37 13.14 24.44 0.545155 2021-06-21 13:42:57.014177 1 16 Franko 11.972906
1 287 50.23 24.44 0.720453 2021-06-21 13:42:57.734630 1 5 M 12.693359
1 143 25.74 25.20 0.010622 2021-06-21 13:42:57.745252 1 5 Noor 12.703981
0 101 22.08 24.44 1.719192 2021-06-21 13:42:59.464444 1 17 Franko 14.423173
1 48 15.29 24.66 0.243139 2021-06-21 13:42:59.707583 1 6 Noor 14.666312
0 19 10.33 24.44 0.366417 2021-06-21 13:43:00.074000 1 18 Franko 15.032729
0 399 87.30 24.44 2.508057 2021-06-21 13:43:02.582057 1 19 Franko 17.540786
2 47 15.10 24.23 0.436789 2021-06-21 13:43:03.018846 0 1 MattiaCosmicWatch 17.977575
0 113 23.02 24.44 0.026347 2021-06-21 13:43:03.045193 1 20 Franko 18.003922
0 24 10.88 24.44 0.103669 2021-06-21 13:43:03.148862 2 21 Franko 18.107591
0 24 10.88 24.44 0.07206 2021-06-21 13:43:03.220922 2 22 Franko 18.179651
2 184 31.36 24.44 0.217645 2021-06-21 13:43:03.438567 1 2 MattiaCosmicWatch 18.397296
0 21 10.52 24.44 1.1149 2021-06-21 13:43:04.553467 2 23 Franko 19.512196
1 46 14.91 24.44 0.595102 2021-06-21 13:43:05.148569 0 5 Niels 20.107298
0 344 64.67 24.44 0.034043 2021-06-21 13:43:05.182612 2 24 Franko 20.141341
1 24 10.88 24.44 0.000786 2021-06-21 13:43:05.183398 1 6 Niels 20.142127
0 243 41.74 24.44 0.028333 2021-06-21 13:43:05.211731 3 25 Franko 20.17046
1 67 18.51 24.44 0.073725 2021-06-21 13:43:05.285456 1 7 Niels 20.244185
2 399 87.30 25.52 0.916826 2021-06-21 13:43:06.202282 0 2 Cecile 21.161011
