# layer adc volt temp timediff time detector_muon_count detector_count detector_name
2 24 10.88 24.44 0.172134 2021-06-21 13:43:28.478507 1 8 MattiaCosmicWatch 43.437236
2 192 32.67 32.07 0.54905 2021-06-21 13:43:29.027557 5 11 rens 43.986286
0 181 30.87 24.44 0.020535 2021-06-21 13:43:29.048092 6 50 Franko 44.006821
0 384 80.08 24.44 0.473876 2021-06-21 13:43:29.521968 7 51 Franko 44.480697
0 243 41.74 24.44 0.146263 2021-06-21 13:43:29.668231 7 52 Franko 44.62696
2 62 17.75 26.05 1.30215 2021-06-21 13:43:30.970381 0 4 Cecile 45.92911
0 21 10.52 24.44 0.460025 2021-06-21 13:43:31.430406 7 53 Franko 46.389135
0 44 14.51 24.44 0.72709 2021-06-21 13:43:32.157496 7 54 Franko 47.116225
0 57 16.93 24.44 0.135387 2021-06-21 13:43:32.292883 7 55 Franko 47.251612
0 57 16.93 24.44 0.914003 2021-06-21 13:43:33.206886 7 56 Franko 48.165615
1 112 22.94 24.44 0.332152 2021-06-21 13:43:33.539038 2 9 M 48.497767
0 76 19.69 24.44 0.794074 2021-06-21 13:43:34.333112 7 57 Franko 49.291841
0 83 20.46 24.44 0.243097 2021-06-21 13:43:34.576209 7 58 Franko 49.534938
0 220 37.58 24.44 0.646723 2021-06-21 13:43:35.222932 7 59 Franko 50.181661
1 268 46.26 24.44 0.062236 2021-06-21 13:43:35.285168 2 10 M 50.243897
0 24 10.88 24.44 0.209317 2021-06-21 13:43:35.494485 7 60 Franko 50.453214
0 56 16.76 24.44 0.033775 2021-06-21 13:43:35.528260 7 61 Franko 50.486989
0 24 10.88 24.44 0.033559 2021-06-21 13:43:35.561819 7 62 Franko 50.520548
2 199 33.86 24.44 0.045059 2021-06-21 13:43:35.606878 1 9 MattiaCosmicWatch 50.565607
2 113 23.02 24.44 1.020543 2021-06-21 13:43:36.627421 2 10 MattiaCosmicWatch 51.58615
0 24 10.88 24.44 1.39426 2021-06-21 13:43:38.021681 8 63 Franko 52.98041
2 19 10.33 0.92 1.450381 2021-06-21 13:43:39.472062 6 12 rens 54.430791
0 31 12.01 24.44 2.706699 2021-06-21 13:43:42.178761 8 64 Franko 57.13749
0 33 12.37 24.44 0.249236 2021-06-21 13:43:42.427997 8 65 Franko 57.386726
0 44 14.51 24.44 0.152791 2021-06-21 13:43:42.580788 8 66 Franko 57.539517
0 88 20.96 24.44 0.033926 2021-06-21 13:43:42.614714 8 67 Franko 57.573443
2 60 17.43 24.44 0.769055 2021-06-21 13:43:43.383769 2 11 MattiaCosmicWatch 58.342498
2 79 20.03 26.05 0.212536 2021-06-21 13:43:43.596305 0 5 Cecile 58.555034
0 79 20.03 24.44 0.016493 2021-06-21 13:43:43.612798 8 68 Franko 58.571527
0 185 31.51 24.44 0.104133 2021-06-21 13:43:43.716931 9 69 Franko 58.67566
1 30 11.83 24.44 0.018089 2021-06-21 13:43:43.735020 2 11 M 58.693749
2 28 11.49 0.92 0.000718 2021-06-21 13:43:43.735738 6 13 rens 58.694467
0 21 10.52 24.44 1.663081 2021-06-21 13:43:45.398819 10 70 Franko 60.357548
2 28 11.49 1.24 0.255585 2021-06-21 13:43:45.654404 7 14 rens 60.613133
2 82 20.36 26.05 0.01516 2021-06-21 13:43:45.669564 1 6 Cecile 60.628293
2 67 18.51 24.44 0.33075 2021-06-21 13:43:46.000314 2 12 MattiaCosmicWatch 60.959043
0 63 17.91 24.44 0.053836 2021-06-21 13:43:46.054150 10 71 Franko 61.012879
0 46 14.91 24.44 0.128866 2021-06-21 13:43:46.183016 10 72 Franko 61.141745
0 280 48.67 24.44 0.150435 2021-06-21 13:43:46.333451 10 73 Franko 61.29218
2 88 20.96 10.91 0.215165 2021-06-21 13:43:46.548616 7 15 rens 61.507345
0 31 12.01 24.44 0.085164 2021-06-21 13:43:46.633780 10 74 Franko 61.592509
1 76 19.69 24.98 0.108033 2021-06-21 13:43:46.741813 2 10 Noor 61.700542
2 44 14.51 26.05 0.590312 2021-06-21 13:43:47.332125 1 7 Cecile 62.290854
0 44 14.51 24.44 0.379864 2021-06-21 13:43:47.711989 10 75 Franko 62.670718
2 34 12.56 24.44 0.313532 2021-06-21 13:43:48.025521 2 13 MattiaCosmicWatch 62.98425
2 19 10.33 24.44 0.070934 2021-06-21 13:43:48.096455 2 14 MattiaCosmicWatch 63.055184
0 19 10.33 24.44 0.910609 2021-06-21 13:43:49.007064 10 76 Franko 63.965793
0 76 19.69 24.44 0.125296 2021-06-21 13:43:49.132360 10 77 Franko 64.091089
1 440 109.25 24.44 1.176485 2021-06-21 13:43:50.308845 3 12 M 65.267574
2 46 14.91 24.44 0.255244 2021-06-21 13:43:50.564089 2 15 MattiaCosmicWatch 65.522818
