# layer adc volt temp timediff time detector_muon_count detector_count detector_name
1 24 10.88 24.66 0.223198 2021-06-21 13:44:31.467253 5 18 Noor 106.425982
2 29 11.66 -4.88 0.096754 2021-06-21 13:44:31.564007 10 23 rens 106.522736
2 167 28.76 7.58 0.068279 2021-06-21 13:44:31.632286 10 24 rens 106.591015
0 185 31.51 24.44 0.283856 2021-06-21 13:44:31.916142 18 123 Franko 106.874871
1 24 10.88 24.44 1.080305 2021-06-21 13:44:32.996447 5 30 Niels 107.955176
2 29 11.66 24.44 0.103563 2021-06-21 13:44:33.100010 7 27 MattiaCosmicWatch 108.058739
0 19 10.33 24.44 0.92405 2021-06-21 13:44:34.024060 18 124 Franko 108.982789
0 211 35.96 24.44 0.101929 2021-06-21 13:44:34.125989 18 125 Franko 109.084718
0 96 21.67 24.44 1.138121 2021-06-21 13:44:35.264110 18 126 Franko 110.222839
2 249 42.85 24.44 0.959381 2021-06-21 13:44:36.223491 7 28 MattiaCosmicWatch 111.18222
2 48 15.29 24.44 0.234552 2021-06-21 13:44:36.458043 7 29 MattiaCosmicWatch 111.416772
0 21 10.52 24.44 0.664408 2021-06-21 13:44:37.122451 18 127 Franko 112.08118
0 161 27.93 24.44 0.353629 2021-06-21 13:44:37.476080 18 128 Franko 112.434809
2 51 15.86 5.43 0.500449 2021-06-21 13:44:37.976529 10 25 rens 112.935258
0 19 10.33 24.44 0.540831 2021-06-21 13:44:38.517360 18 129 Franko 113.476089
0 25 11.02 24.44 0.125956 2021-06-21 13:44:38.643316 18 130 Franko 113.602045
0 31 12.01 24.44 0.033887 2021-06-21 13:44:38.677203 18 131 Franko 113.635932
0 199 33.86 24.44 0.546795 2021-06-21 13:44:39.223998 18 132 Franko 114.182727
0 39 13.53 24.44 0.304994 2021-06-21 13:44:39.528992 18 133 Franko 114.487721
2 234 40.06 40.56 0.22041 2021-06-21 13:44:39.749402 10 26 rens 114.708131
0 49 15.48 24.44 1.593963 2021-06-21 13:44:41.343365 18 134 Franko 116.302094
1 25 11.02 24.44 0.382337 2021-06-21 13:44:41.725702 5 31 Niels 116.684431
2 92 21.32 24.44 0.080998 2021-06-21 13:44:41.806700 7 30 MattiaCosmicWatch 116.765429
0 181 30.87 24.44 0.354668 2021-06-21 13:44:42.161368 18 135 Franko 117.120097
1 97 21.75 24.44 0.841398 2021-06-21 13:44:43.002766 5 32 Niels 117.961495
0 25 11.02 24.44 0.056224 2021-06-21 13:44:43.058990 18 136 Franko 118.017719
0 664 270.86 24.44 0.153207 2021-06-21 13:44:43.212197 18 137 Franko 118.170926
0 112 22.94 24.44 0.281972 2021-06-21 13:44:43.494169 18 138 Franko 118.452898
0 113 23.02 24.44 0.132546 2021-06-21 13:44:43.626715 18 139 Franko 118.585444
1 31 12.01 24.44 0.472779 2021-06-21 13:44:44.099494 8 25 M 119.058223
2 83 20.46 11.88 0.621385 2021-06-21 13:44:44.720879 10 27 rens 119.679608
0 39 13.53 24.44 0.203965 2021-06-21 13:44:44.924844 18 140 Franko 119.883573
0 21 10.52 24.66 0.150646 2021-06-21 13:44:45.075490 18 141 Franko 120.034219
2 156 27.28 24.44 0.038027 2021-06-21 13:44:45.113517 7 31 MattiaCosmicWatch 120.072246
1 189 32.16 24.44 0.153575 2021-06-21 13:44:45.267092 5 33 Niels 120.225821
2 71 19.06 24.44 0.019327 2021-06-21 13:44:45.286419 8 32 MattiaCosmicWatch 120.245148
1 31 12.01 25.41 0.575799 2021-06-21 13:44:45.862218 5 19 Noor 120.820947
1 147 26.19 25.20 2.124911 2021-06-21 13:44:47.987129 5 20 Noor 122.945858
0 19 10.33 24.44 0.272819 2021-06-21 13:44:48.259948 19 142 Franko 123.218677
1 56 16.76 25.09 0.293396 2021-06-21 13:44:48.553344 5 21 Noor 123.512073
1 536 160.18 24.44 0.140198 2021-06-21 13:44:48.693542 8 26 M 123.652271
0 35 12.75 24.44 0.21405 2021-06-21 13:44:48.907592 19 143 Franko 123.866321
0 211 35.96 24.44 0.11271 2021-06-21 13:44:49.020302 19 144 Franko 123.979031
1 96 21.67 24.44 0.149625 2021-06-21 13:44:49.169927 6 34 Niels 124.128656
0 44 14.51 24.44 0.25239 2021-06-21 13:44:49.422317 19 145 Franko 124.381046
1 96 21.67 24.44 0.232803 2021-06-21 13:44:49.655120 8 27 M 124.613849
0 408 90.57 24.44 0.277896 2021-06-21 13:44:49.933016 19 146 Franko 124.891745
0 38 13.33 24.44 0.615643 2021-06-21 13:44:50.548659 19 147 Franko 125.507388
1 31 12.01 25.20 0.576263 2021-06-21 13:44:51.124922 5 22 Noor 126.083651
2 71 19.06 9.30 0.086072 2021-06-21 13:44:51.210994 10 28 rens 126.169723
