# layer adc volt temp timediff time detector_muon_count detector_count detector_name
0 25 11.02 24.44 1.101495 2021-06-21 13:43:51.665584 10 78 Franko 66.624313
0 103 22.23 24.44 0.066587 2021-06-21 13:43:51.732171 10 79 Franko 66.6909
1 30 11.83 24.44 0.266069 2021-06-21 13:43:51.998240 3 15 Niels 66.956969
0 24 10.88 24.44 0.209784 2021-06-21 13:43:52.208024 10 80 Franko 67.166753
0 38 13.33 24.44 0.109087 2021-06-21 13:43:52.317111 10 81 Franko 67.27584
1 39 13.53 24.44 0.429327 2021-06-21 13:43:52.746438 3 16 Niels 67.705167
1 60 17.43 24.44 0.536987 2021-06-21 13:43:53.283425 3 17 Niels 68.242154
2 24 10.88 24.34 0.033792 2021-06-21 13:43:53.317217 2 16 MattiaCosmicWatch 68.275946
1 58 17.10 24.44 0.021452 2021-06-21 13:43:53.338669 4 18 Niels 68.297398
0 19 10.33 24.44 0.833024 2021-06-21 13:43:54.171693 10 82 Franko 69.130422
2 25 11.02 24.44 0.106788 2021-06-21 13:43:54.278481 3 17 MattiaCosmicWatch 69.23721
1 31 12.01 24.44 0.029669 2021-06-21 13:43:54.308150 4 19 Niels 69.266879
1 44 14.51 24.44 0.801294 2021-06-21 13:43:55.109444 3 13 M 70.068173
0 79 20.03 24.44 0.19644 2021-06-21 13:43:55.305884 10 83 Franko 70.264613
1 79 20.03 25.52 0.937861 2021-06-21 13:43:56.243745 2 11 Noor 71.202474
2 24 10.88 24.44 0.686446 2021-06-21 13:43:56.930191 4 18 MattiaCosmicWatch 71.88892
0 24 10.88 24.44 0.029671 2021-06-21 13:43:56.959862 10 84 Franko 71.918591
0 176 30.09 24.44 0.218535 2021-06-21 13:43:57.178397 11 85 Franko 72.137126
0 44 14.51 24.44 0.846381 2021-06-21 13:43:58.024778 11 86 Franko 72.983507
0 71 19.06 24.44 1.336117 2021-06-21 13:43:59.360895 11 87 Franko 74.319624
1 31 12.01 24.44 0.465083 2021-06-21 13:43:59.825978 5 20 Niels 74.784707
0 231 39.55 24.44 0.664891 2021-06-21 13:44:00.490869 11 88 Franko 75.449598
0 152 26.78 24.44 0.160124 2021-06-21 13:44:00.650993 11 89 Franko 75.609722
0 108 22.63 24.44 0.392191 2021-06-21 13:44:01.043184 11 90 Franko 76.001913
0 30 11.83 24.44 0.272966 2021-06-21 13:44:01.316150 11 91 Franko 76.274879
1 291 50.97 24.44 1.160351 2021-06-21 13:44:02.476501 5 21 Niels 77.43523
0 24 10.88 24.44 0.167541 2021-06-21 13:44:02.644042 11 92 Franko 77.602771
2 44 14.51 24.44 0.242599 2021-06-21 13:44:02.886641 5 19 MattiaCosmicWatch 77.84537
0 98 21.83 24.44 0.120826 2021-06-21 13:44:03.007467 11 93 Franko 77.966196
0 39 13.53 24.44 0.625864 2021-06-21 13:44:03.633331 11 94 Franko 78.59206
0 163 28.20 24.44 0.303051 2021-06-21 13:44:03.936382 11 95 Franko 78.895111
2 147 26.19 24.44 0.01923 2021-06-21 13:44:03.955612 5 20 MattiaCosmicWatch 78.914341
2 26 11.17 24.44 0.178051 2021-06-21 13:44:04.133663 6 21 MattiaCosmicWatch 79.092392
1 195 33.17 25.20 0.029722 2021-06-21 13:44:04.163385 2 12 Noor 79.122114
2 51 15.86 26.05 0.866498 2021-06-21 13:44:05.029883 1 8 Cecile 79.988612
0 24 10.88 24.44 0.397417 2021-06-21 13:44:05.427300 12 96 Franko 80.386029
1 24 10.88 24.44 1.584583 2021-06-21 13:44:07.011883 5 22 Niels 81.970612
2 62 17.75 24.44 0.05064 2021-06-21 13:44:07.062523 7 22 MattiaCosmicWatch 82.021252
1 121 23.66 24.44 0.37005 2021-06-21 13:44:07.432573 5 23 Niels 82.391302
1 24 10.88 24.44 0.203542 2021-06-21 13:44:07.636115 3 14 M 82.594844
2 376 76.43 69.56 0.55813 2021-06-21 13:44:08.194245 7 16 rens 83.152974
1 291 50.97 24.44 0.018296 2021-06-21 13:44:08.212541 3 15 M 83.17127
0 121 23.66 24.44 0.456564 2021-06-21 13:44:08.669105 12 97 Franko 83.627834
0 78 19.92 24.44 0.655742 2021-06-21 13:44:09.324847 12 98 Franko 84.283576
0 44 14.51 24.44 0.239195 2021-06-21 13:44:09.564042 12 99 Franko 84.522771
0 152 26.78 24.44 0.606104 2021-06-21 13:44:10.170146 12 100 Franko 85.128875
0 19 10.33 24.44 0.858989 2021-06-21 13:44:11.029135 12 101 Franko 85.987864
0 384 80.08 24.44 0.265763 2021-06-21 13:44:11.294898 12 102 Franko 86.253627
0 28 11.49 24.44 1.785191 2021-06-21 13:44:13.080089 12 103 Franko 88.038818
1 19 10.33 24.98 0.150202 2021-06-21 13:44:13.230291 3 13 Noor 88.18902
