# layer adc volt temp timediff time detector_muon_count detector_count detector_name
0 184 31.36 24.44 0.085402 2021-06-21 13:44:13.315693 12 104 Franko 88.274422
1 126 24.09 24.44 0.098097 2021-06-21 13:44:13.413790 4 16 M 88.372519
0 62 17.75 24.44 0.602003 2021-06-21 13:44:14.015793 12 105 Franko 88.974522
0 30 11.83 24.44 0.186746 2021-06-21 13:44:14.202539 12 106 Franko 89.161268
1 88 20.96 25.52 0.018127 2021-06-21 13:44:14.220666 3 14 Noor 89.179395
1 39 13.53 24.44 0.738502 2021-06-21 13:44:14.959168 5 24 Niels 89.917897
1 31 12.01 24.44 1.210676 2021-06-21 13:44:16.169844 4 17 M 91.128573
0 28 11.49 24.44 0.02814 2021-06-21 13:44:16.197984 13 107 Franko 91.156713
1 352 66.89 24.44 0.679746 2021-06-21 13:44:16.877730 5 25 Niels 91.836459
2 137 25.12 22.19 0.912352 2021-06-21 13:44:17.790082 8 17 rens 92.748811
2 21 10.52 24.44 0.075386 2021-06-21 13:44:17.865468 7 23 MattiaCosmicWatch 92.824197
1 63 17.91 24.44 0.375099 2021-06-21 13:44:18.240567 5 18 M 93.199296
1 96 21.67 24.44 0.212393 2021-06-21 13:44:18.452960 5 19 M 93.411689
2 248 42.69 41.52 0.127038 2021-06-21 13:44:18.579998 8 18 rens 93.538727
0 135 24.92 24.44 0.362915 2021-06-21 13:44:18.942913 14 108 Franko 93.901642
2 71 19.06 26.05 0.02042 2021-06-21 13:44:18.963333 1 9 Cecile 93.922062
2 192 32.67 26.05 0.312399 2021-06-21 13:44:19.275732 2 10 Cecile 94.234461
1 31 12.01 24.44 0.019031 2021-06-21 13:44:19.294763 5 20 M 94.253492
0 108 22.63 24.44 0.159649 2021-06-21 13:44:19.454412 15 109 Franko 94.413141
1 49 15.48 25.20 0.230552 2021-06-21 13:44:19.684964 4 15 Noor 94.643693
1 31 12.01 24.44 0.142096 2021-06-21 13:44:19.827060 5 26 Niels 94.785789
0 39 13.53 24.44 0.318012 2021-06-21 13:44:20.145072 15 110 Franko 95.103801
1 50 15.67 25.20 0.033484 2021-06-21 13:44:20.178556 4 16 Noor 95.137285
0 24 10.88 24.44 0.444627 2021-06-21 13:44:20.623183 16 111 Franko 95.581912
2 25 11.02 1.03 0.869095 2021-06-21 13:44:21.492278 8 19 rens 96.451007
0 300 52.79 24.44 0.01603 2021-06-21 13:44:21.508308 16 112 Franko 96.467037
1 71 19.06 24.44 0.004586 2021-06-21 13:44:21.512894 6 21 M 96.471623
1 99 21.91 25.09 0.922065 2021-06-21 13:44:22.434959 5 17 Noor 97.393688
0 384 80.08 24.44 0.727954 2021-06-21 13:44:23.162913 17 113 Franko 98.121642
1 35 12.75 24.44 0.426059 2021-06-21 13:44:23.588972 7 22 M 98.547701
0 24 10.88 24.44 0.599577 2021-06-21 13:44:24.188549 17 114 Franko 99.147278
1 71 19.06 24.44 1.059458 2021-06-21 13:44:25.248007 7 23 M 100.206736
0 34 12.56 24.44 0.924133 2021-06-21 13:44:26.172140 17 115 Franko 101.130869
1 63 17.91 24.44 0.058225 2021-06-21 13:44:26.230365 5 27 Niels 101.189094
0 275 47.73 24.44 0.100407 2021-06-21 13:44:26.330772 17 116 Franko 101.289501
0 195 33.17 24.44 0.363673 2021-06-21 13:44:26.694445 17 117 Franko 101.653174
2 21 10.52 -1.02 0.295737 2021-06-21 13:44:26.990182 9 20 rens 101.948911
0 21 10.52 24.44 0.12345 2021-06-21 13:44:27.113632 17 118 Franko 102.072361
0 63 17.91 24.44 0.033946 2021-06-21 13:44:27.147578 17 119 Franko 102.106307
2 184 31.36 24.44 0.245203 2021-06-21 13:44:27.392781 7 24 MattiaCosmicWatch 102.35151
0 21 10.52 24.44 0.227963 2021-06-21 13:44:27.620744 17 120 Franko 102.579473
1 184 31.36 24.44 0.865588 2021-06-21 13:44:28.486332 7 24 M 103.445061
2 241 41.39 42.49 0.015221 2021-06-21 13:44:28.501553 9 21 rens 103.460282
0 188 32.01 24.44 0.003233 2021-06-21 13:44:28.504786 17 121 Franko 103.463515
1 137 25.12 24.44 0.555406 2021-06-21 13:44:29.060192 5 28 Niels 104.018921
2 21 10.52 24.44 0.491515 2021-06-21 13:44:29.551707 7 25 MattiaCosmicWatch 104.510436
1 19 10.33 24.44 0.20398 2021-06-21 13:44:29.755687 5 29 Niels 104.714416
0 31 12.01 24.44 0.57313 2021-06-21 13:44:30.328817 18 122 Franko 105.287546
2 24 10.88 -0.69 0.80733 2021-06-21 13:44:31.136147 10 22 rens 106.094876
2 227 38.83 24.44 0.107908 2021-06-21 13:44:31.244055 7 26 MattiaCosmicWatch 106.202784
