# layer adc volt temp timediff time detector_muon_count detector_count detector_name
0 51 15.86 24.44 0.434128 2021-06-21 13:45:11.607959 24 176 Franko 146.566688
2 24 10.88 24.44 0.20803 2021-06-21 13:45:11.815989 9 34 MattiaCosmicWatch 146.774718
2 63 17.91 6.83 1.247925 2021-06-21 13:45:13.063914 15 35 rens 148.022643
1 39 13.53 24.44 0.027587 2021-06-21 13:45:13.091501 8 43 Niels 148.05023
0 158 27.53 24.44 0.018336 2021-06-21 13:45:13.109837 24 177 Franko 148.068566
0 211 35.96 24.44 0.039173 2021-06-21 13:45:13.149010 25 178 Franko 148.107739
0 96 21.67 24.44 0.125932 2021-06-21 13:45:13.274942 25 179 Franko 148.233671
1 39 13.53 24.44 0.344628 2021-06-21 13:45:13.619570 11 32 M 148.578299
0 19 10.33 24.44 1.05251 2021-06-21 13:45:14.672080 25 180 Franko 149.630809
2 83 20.46 24.44 0.226637 2021-06-21 13:45:14.898717 9 35 MattiaCosmicWatch 149.857446
2 45 14.71 3.82 0.200846 2021-06-21 13:45:15.099563 16 36 rens 150.058292
2 51 15.86 24.44 0.067145 2021-06-21 13:45:15.166708 9 36 MattiaCosmicWatch 150.125437
0 70 18.93 24.44 0.404272 2021-06-21 13:45:15.570980 25 181 Franko 150.529709
0 92 21.32 24.44 0.066136 2021-06-21 13:45:15.637116 25 182 Franko 150.595845
0 327 59.28 24.44 0.546372 2021-06-21 13:45:16.183488 25 183 Franko 151.142217
1 184 31.36 24.44 1.741977 2021-06-21 13:45:17.925465 9 44 Niels 152.884194
0 172 29.49 24.44 0.40202 2021-06-21 13:45:18.327485 25 184 Franko 153.286214
2 48 15.29 5.97 0.192621 2021-06-21 13:45:18.520106 16 37 rens 153.478835
2 103 22.23 26.05 0.277768 2021-06-21 13:45:18.797874 3 11 Cecile 153.756603
0 166 28.62 24.44 0.885993 2021-06-21 13:45:19.683867 25 185 Franko 154.642596
1 60 17.43 24.44 0.02543 2021-06-21 13:45:19.709297 9 45 Niels 154.668026
2 35 12.75 0.92 0.114549 2021-06-21 13:45:19.823846 16 38 rens 154.782575
0 38 13.33 24.44 0.488124 2021-06-21 13:45:20.311970 26 186 Franko 155.270699
0 19 10.33 24.44 0.209659 2021-06-21 13:45:20.521629 26 187 Franko 155.480358
0 167 28.76 24.44 0.033922 2021-06-21 13:45:20.555551 26 188 Franko 155.51428
0 121 23.66 24.44 1.420807 2021-06-21 13:45:21.976358 26 189 Franko 156.935087
2 44 14.51 3.71 0.245305 2021-06-21 13:45:22.221663 16 39 rens 157.180392
0 28 11.49 24.44 0.084534 2021-06-21 13:45:22.306197 26 190 Franko 157.264926
1 152 26.78 24.44 0.096084 2021-06-21 13:45:22.402281 10 46 Niels 157.36101
0 56 16.76 24.66 0.018928 2021-06-21 13:45:22.421209 26 191 Franko 157.379938
1 249 42.85 24.44 0.303589 2021-06-21 13:45:22.724798 11 33 M 157.683527
2 19 10.33 -3.92 0.319034 2021-06-21 13:45:23.043832 16 40 rens 158.002561
0 359 69.86 24.44 0.10658 2021-06-21 13:45:23.150412 27 192 Franko 158.109141
1 423 97.36 24.44 1.287006 2021-06-21 13:45:24.437418 11 34 M 159.396147
1 21 10.52 24.44 0.406042 2021-06-21 13:45:24.843460 11 47 Niels 159.802189
0 145 25.96 24.44 0.374454 2021-06-21 13:45:25.217914 27 193 Franko 160.176643
1 290 50.82 24.44 0.020325 2021-06-21 13:45:25.238239 11 48 Niels 160.196968
0 31 12.01 24.44 0.140896 2021-06-21 13:45:25.379135 28 194 Franko 160.337864
1 44 14.51 24.44 0.33451 2021-06-21 13:45:25.713645 11 35 M 160.672374
2 97 21.75 13.81 0.014048 2021-06-21 13:45:25.727693 16 41 rens 160.686422
0 81 20.25 24.44 1.417788 2021-06-21 13:45:27.145481 28 195 Franko 162.10421
2 83 20.46 24.44 0.33797 2021-06-21 13:45:27.483451 9 37 MattiaCosmicWatch 162.44218
0 19 10.33 24.44 0.652348 2021-06-21 13:45:28.135799 28 196 Franko 163.094528
2 39 13.53 24.44 0.325289 2021-06-21 13:45:28.461088 9 38 MattiaCosmicWatch 163.419817
0 19 10.33 24.44 0.216994 2021-06-21 13:45:28.678082 28 197 Franko 163.636811
0 120 23.58 24.44 0.620192 2021-06-21 13:45:29.298274 28 198 Franko 164.257003
1 120 23.58 24.44 0.467464 2021-06-21 13:45:29.765738 12 49 Niels 164.724467
2 69 18.79 24.44 0.019185 2021-06-21 13:45:29.784923 9 39 MattiaCosmicWatch 164.743652
1 428 101.58 24.44 0.274697 2021-06-21 13:45:30.059620 12 36 M 165.018349
2 440 109.25 83.42 0.016183 2021-06-21 13:45:30.075803 17 42 rens 165.034532
