# layer adc volt temp timediff time detector_muon_count detector_count detector_name
0 30 11.83 24.44 0.25096 2021-06-21 13:43:06.453242 3 26 Franko 21.411971
2 255 43.96 24.44 0.711214 2021-06-21 13:43:07.164456 1 3 MattiaCosmicWatch 22.123185
1 28 11.49 24.44 0.136691 2021-06-21 13:43:07.301147 1 6 M 22.259876
0 339 62.98 24.44 1.03277 2021-06-21 13:43:08.333917 3 27 Franko 23.292646
0 39 13.53 24.44 0.259244 2021-06-21 13:43:08.593161 3 28 Franko 23.55189
2 36 12.94 24.44 0.310674 2021-06-21 13:43:08.903835 1 4 MattiaCosmicWatch 23.862564
1 28 11.49 24.44 0.566362 2021-06-21 13:43:09.470197 1 8 Niels 24.428926
0 152 26.78 24.44 0.294849 2021-06-21 13:43:09.765046 3 29 Franko 24.723775
0 96 21.67 24.44 1.261727 2021-06-21 13:43:11.026773 3 30 Franko 25.985502
2 49 15.48 24.44 0.074074 2021-06-21 13:43:11.100847 1 5 MattiaCosmicWatch 26.059576
1 236 40.44 24.44 0.276603 2021-06-21 13:43:11.377450 1 7 M 26.336179
0 25 11.02 24.44 0.394562 2021-06-21 13:43:11.772012 3 31 Franko 26.730741
0 344 64.67 24.44 0.401736 2021-06-21 13:43:12.173748 3 32 Franko 27.132477
1 46 14.91 24.44 0.209953 2021-06-21 13:43:12.383701 1 9 Niels 27.34243
0 142 25.64 24.44 1.589348 2021-06-21 13:43:13.973049 3 33 Franko 28.931778
0 295 51.75 24.44 0.033839 2021-06-21 13:43:14.006888 3 34 Franko 28.965617
0 25 11.02 24.44 0.224832 2021-06-21 13:43:14.231720 3 35 Franko 29.190449
2 67 18.51 9.83 0.180387 2021-06-21 13:43:14.412107 2 4 rens 29.370836
0 412 92.93 24.44 0.739577 2021-06-21 13:43:15.151684 3 36 Franko 30.110413
0 31 12.01 24.44 0.265503 2021-06-21 13:43:15.417187 3 37 Franko 30.375916
2 376 76.43 69.56 0.741618 2021-06-21 13:43:16.158805 2 5 rens 31.117534
1 39 13.53 24.44 0.080243 2021-06-21 13:43:16.239048 1 10 Niels 31.197777
1 63 17.91 24.44 0.344508 2021-06-21 13:43:16.583556 1 11 Niels 31.542285
1 364 71.71 24.44 0.395477 2021-06-21 13:43:16.979033 1 12 Niels 31.937762
0 51 15.86 24.44 0.025122 2021-06-21 13:43:17.004155 3 38 Franko 31.962884
0 19 10.33 24.44 1.517154 2021-06-21 13:43:18.521309 4 39 Franko 33.480038
2 71 19.06 24.44 0.64369 2021-06-21 13:43:19.164999 1 6 MattiaCosmicWatch 34.123728
1 83 20.46 24.44 0.686915 2021-06-21 13:43:19.851914 2 13 Niels 34.810643
0 274 47.52 24.44 0.893737 2021-06-21 13:43:20.745651 4 40 Franko 35.70438
1 88 20.96 24.98 0.217831 2021-06-21 13:43:20.963482 1 7 Noor 35.922211
0 36 12.94 24.44 0.088192 2021-06-21 13:43:21.051674 4 41 Franko 36.010403
0 99 21.91 24.44 0.274736 2021-06-21 13:43:21.326410 4 42 Franko 36.285139
2 57 16.93 6.72 1.626481 2021-06-21 13:43:22.952891 2 6 rens 37.91162
0 35 12.75 24.44 0.427891 2021-06-21 13:43:23.380782 4 43 Franko 38.339511
2 35 12.75 2.53 1.033747 2021-06-21 13:43:24.414529 2 7 rens 39.373258
1 423 97.36 24.66 0.335538 2021-06-21 13:43:24.750067 1 8 M 39.708796
2 46 14.91 -4.24 0.01066 2021-06-21 13:43:24.760727 2 8 rens 39.719456
1 79 20.03 24.44 0.028558 2021-06-21 13:43:24.789285 1 8 Noor 39.748014
2 162 28.06 26.05 0.041749 2021-06-21 13:43:24.831034 0 3 Cecile 39.789763
2 24 10.88 -14.87 0.107624 2021-06-21 13:43:24.938658 3 9 rens 39.897387
0 28 11.49 24.44 0.035478 2021-06-21 13:43:24.974136 4 44 Franko 39.932865
0 24 10.88 24.44 0.093691 2021-06-21 13:43:25.067827 5 45 Franko 40.026556
2 28 11.49 24.44 0.440716 2021-06-21 13:43:25.508543 1 7 MattiaCosmicWatch 40.467272
1 76 19.69 24.77 0.352404 2021-06-21 13:43:25.860947 1 9 Noor 40.819676
2 19 10.33 -3.70 0.0163 2021-06-21 13:43:25.877247 4 10 rens 40.835976
1 188 32.01 24.44 0.636284 2021-06-21 13:43:26.513531 2 14 Niels 41.47226
0 19 10.33 24.44 0.045646 2021-06-21 13:43:26.559177 5 46 Franko 41.517906
0 45 14.71 24.44 0.416111 2021-06-21 13:43:26.975288 6 47 Franko 41.934017
0 19 10.33 24.44 0.760997 2021-06-21 13:43:27.736285 6 48 Franko 42.695014
0 71 19.06 24.44 0.570088 2021-06-21 13:43:28.306373 6 49 Franko 43.265102
