# layer adc volt temp timediff time detector_muon_count detector_count detector_name
0 295 51.75 24.44 1.690544 2021-06-21 13:44:52.901538 19 148 Franko 127.860267
1 24 10.88 24.44 0.051226 2021-06-21 13:44:52.952764 6 35 Niels 127.911493
2 35 12.75 24.44 0.136821 2021-06-21 13:44:53.089585 9 33 MattiaCosmicWatch 128.048314
1 35 12.75 25.84 0.461161 2021-06-21 13:44:53.550746 5 23 Noor 128.509475
0 24 10.88 24.44 0.479273 2021-06-21 13:44:54.030019 19 149 Franko 128.988748
1 31 12.01 24.44 0.375201 2021-06-21 13:44:54.405220 6 36 Niels 129.363949
2 48 15.29 6.07 0.030016 2021-06-21 13:44:54.435236 10 29 rens 129.393965
1 24 10.88 25.52 0.353721 2021-06-21 13:44:54.788957 5 24 Noor 129.747686
0 334 61.44 24.44 0.170495 2021-06-21 13:44:54.959452 19 150 Franko 129.918181
0 25 11.02 24.44 0.408115 2021-06-21 13:44:55.367567 19 151 Franko 130.326296
2 39 13.53 2.53 1.340399 2021-06-21 13:44:56.707966 11 30 rens 131.666695
1 159 27.66 24.44 0.016185 2021-06-21 13:44:56.724151 8 28 M 131.68288
1 88 20.96 24.44 0.095976 2021-06-21 13:44:56.820127 7 37 Niels 131.778856
0 25 11.02 24.44 0.441889 2021-06-21 13:44:57.262016 19 152 Franko 132.220745
0 19 10.33 24.44 0.033907 2021-06-21 13:44:57.295923 19 153 Franko 132.254652
0 49 15.48 24.44 0.60198 2021-06-21 13:44:57.897903 19 154 Franko 132.856632
1 83 20.46 24.44 0.152967 2021-06-21 13:44:58.050870 7 38 Niels 133.009599
2 103 22.23 14.13 1.112211 2021-06-21 13:44:59.163081 12 31 rens 134.12181
0 24 10.88 24.44 0.056582 2021-06-21 13:44:59.219663 19 155 Franko 134.178392
0 24 10.88 24.44 0.676744 2021-06-21 13:44:59.896407 19 156 Franko 134.855136
0 156 27.28 24.44 0.227237 2021-06-21 13:45:00.123644 19 157 Franko 135.082373
2 31 12.01 -0.69 0.042729 2021-06-21 13:45:00.166373 12 32 rens 135.125102
0 252 43.42 24.44 0.408201 2021-06-21 13:45:00.574574 20 158 Franko 135.533303
0 19 10.33 24.44 0.370676 2021-06-21 13:45:00.945250 20 159 Franko 135.903979
0 103 22.23 24.44 0.582365 2021-06-21 13:45:01.527615 20 160 Franko 136.486344
0 271 46.93 24.44 0.696543 2021-06-21 13:45:02.224158 20 161 Franko 137.182887
0 51 15.86 24.44 0.034202 2021-06-21 13:45:02.258360 20 162 Franko 137.217089
1 31 12.01 24.44 0.03591 2021-06-21 13:45:02.294270 9 29 M 137.252999
0 30 11.83 24.44 2.087492 2021-06-21 13:45:04.381762 21 163 Franko 139.340491
0 60 17.43 24.44 0.219267 2021-06-21 13:45:04.601029 21 164 Franko 139.559758
0 56 16.76 24.44 0.384012 2021-06-21 13:45:04.985041 21 165 Franko 139.94377
0 112 22.94 24.44 0.708341 2021-06-21 13:45:05.693382 21 166 Franko 140.652111
0 28 11.49 24.44 0.239523 2021-06-21 13:45:05.932905 21 167 Franko 140.891634
1 31 12.01 24.44 0.979734 2021-06-21 13:45:06.912639 7 39 Niels 141.871368
2 73 19.32 9.30 0.209682 2021-06-21 13:45:07.122321 13 33 rens 142.08105
0 28 11.49 24.44 0.016251 2021-06-21 13:45:07.138572 21 168 Franko 142.097301
1 39 13.53 24.44 0.065371 2021-06-21 13:45:07.203943 10 30 M 142.162672
0 110 22.78 24.44 0.910636 2021-06-21 13:45:08.114579 22 169 Franko 143.073308
0 172 29.49 24.44 0.096335 2021-06-21 13:45:08.210914 22 170 Franko 143.169643
1 44 14.51 25.52 0.665796 2021-06-21 13:45:08.876710 5 25 Noor 143.835439
0 57 16.93 24.44 1.117608 2021-06-21 13:45:09.994318 22 171 Franko 144.953047
1 31 12.01 24.44 0.081116 2021-06-21 13:45:10.075434 7 40 Niels 145.034163
0 56 16.76 24.44 0.183142 2021-06-21 13:45:10.258576 22 172 Franko 145.217305
0 83 20.46 24.44 0.161029 2021-06-21 13:45:10.419605 22 173 Franko 145.378334
2 28 11.49 0.92 0.223771 2021-06-21 13:45:10.643376 14 34 rens 145.602105
0 192 32.67 24.44 0.016035 2021-06-21 13:45:10.659411 22 174 Franko 145.61814
1 35 12.75 24.44 0.00416 2021-06-21 13:45:10.663571 10 31 M 145.6223
1 29 11.66 24.44 0.43208 2021-06-21 13:45:11.095651 7 41 Niels 146.05438
1 62 17.75 24.44 0.060068 2021-06-21 13:45:11.155719 7 42 Niels 146.114448
0 30 11.83 24.44 0.018112 2021-06-21 13:45:11.173831 23 175 Franko 146.13256
