# layer adc volt temp timediff time detector_muon_count detector_count detector_name
2 127 24.18 19.61 10 2021-06-24 18:17:41.148544 0 1 rens 0.231573
1 33 12.37 27.77 0.274785 2021-06-24 18:17:41.423329 0 1 Noor 0.506358
2 60 17.43 5.43 1.881963 2021-06-24 18:17:43.305292 0 2 rens 2.388321
1 152 26.78 27.77 0.316917 2021-06-24 18:17:43.622209 0 2 Noor 2.705238
1 35 12.75 27.67 0.515882 2021-06-24 18:17:44.138091 0 3 Noor 3.22112
1 152 26.78 27.99 0.033612 2021-06-24 18:17:44.171703 0 4 Noor 3.254732
2 90 21.14 10.59 2.369558 2021-06-24 18:17:46.541261 0 3 rens 5.62429
2 298 52.37 50.87 0.721276 2021-06-24 18:17:47.262537 0 4 rens 6.345566
2 81 20.25 2.42 0.033593 2021-06-24 18:17:47.296130 0 5 rens 6.379159
1 231 39.55 27.77 0.264526 2021-06-24 18:17:47.560656 0 5 Noor 6.643685
1 62 17.75 27.77 0.785549 2021-06-24 18:17:48.346205 0 6 Noor 7.429234
1 39 13.53 27.88 0.107963 2021-06-24 18:17:48.454168 0 7 Noor 7.537197
2 35 12.75 -0.69 0.151811 2021-06-24 18:17:48.605979 0 6 rens 7.689008
1 39 13.53 27.77 1.88568 2021-06-24 18:17:50.491659 0 8 Noor 9.574688
2 90 21.14 10.91 0.012867 2021-06-24 18:17:50.504526 0 7 rens 9.587555
1 57 16.93 28.10 0.859816 2021-06-24 18:17:51.364342 1 9 Noor 10.447371
2 243 41.74 40.23 0.350863 2021-06-24 18:17:51.715205 1 8 rens 10.798234
1 31 12.01 27.88 0.448201 2021-06-24 18:17:52.163406 1 10 Noor 11.246435
1 63 17.91 27.67 0.315212 2021-06-24 18:17:52.478618 1 11 Noor 11.561647
1 238 40.82 27.99 0.295826 2021-06-24 18:17:52.774444 1 12 Noor 11.857473
1 56 16.76 27.77 3.110397 2021-06-24 18:17:55.884841 1 13 Noor 14.96787
1 167 28.76 27.77 1.578119 2021-06-24 18:17:57.462960 1 14 Noor 16.545989
2 62 17.75 6.72 0.698139 2021-06-24 18:17:58.161099 1 9 rens 17.244128
1 35 12.75 27.77 1.308718 2021-06-24 18:17:59.469817 1 15 Noor 18.552846
1 33 12.37 27.67 0.033453 2021-06-24 18:17:59.503270 1 16 Noor 18.586299
1 463 119.23 27.77 0.833761 2021-06-24 18:18:00.337031 1 17 Noor 19.42006
2 217 37.04 34.76 0.202698 2021-06-24 18:18:00.539729 1 10 rens 19.622758
1 89 21.05 27.67 0.770251 2021-06-24 18:18:01.309980 1 18 Noor 20.393009
1 56 16.76 27.67 0.355141 2021-06-24 18:18:01.665121 1 19 Noor 20.74815
2 211 35.96 34.76 0.548811 2021-06-24 18:18:02.213932 1 11 rens 21.296961
1 30 11.83 28.10 0.913956 2021-06-24 18:18:03.127888 1 20 Noor 22.210917
1 71 19.06 27.77 0.244747 2021-06-24 18:18:03.372635 1 21 Noor 22.455664
1 97 21.75 27.99 2.844556 2021-06-24 18:18:06.217191 1 22 Noor 25.30022
2 71 19.06 7.90 0.013574 2021-06-24 18:18:06.230765 1 12 rens 25.313794
2 35 12.75 -6.49 0.404843 2021-06-24 18:18:06.635608 2 13 rens 25.718637
1 50 15.67 27.77 1.786916 2021-06-24 18:18:08.422524 2 23 Noor 27.505553
1 39 13.53 27.88 0.180634 2021-06-24 18:18:08.603158 2 24 Noor 27.686187
1 30 11.83 27.99 0.033703 2021-06-24 18:18:08.636861 2 25 Noor 27.71989
2 45 14.71 1.24 2.513022 2021-06-24 18:18:11.149883 2 14 rens 30.232912
1 176 30.09 27.67 0.033458 2021-06-24 18:18:11.183341 2 26 Noor 30.26637
2 83 20.46 -11.33 0.000156 2021-06-24 18:18:11.183497 3 15 rens 30.266526
2 67 18.51 1.24 0.4611 2021-06-24 18:18:11.644597 3 16 rens 30.727626
2 85 20.67 7.90 0.632193 2021-06-24 18:18:12.276790 3 17 rens 31.359819
2 83 20.46 9.30 1.217232 2021-06-24 18:18:13.494022 3 18 rens 32.577051
2 44 14.51 0.92 0.808952 2021-06-24 18:18:14.302974 3 19 rens 33.386003
1 89 21.05 27.67 0.012662 2021-06-24 18:18:14.315636 3 27 Noor 33.398665
2 62 17.75 -1.02 0.358757 2021-06-24 18:18:14.674393 4 20 rens 33.757422
1 33 12.37 27.88 0.780888 2021-06-24 18:18:15.455281 4 28 Noor 34.53831
1 73 19.32 27.99 0.660127 2021-06-24 18:18:16.115408 4 29 Noor 35.198437
2 163 28.20 24.44 0.243738 2021-06-24 18:18:16.359146 4 21 rens 35.442175
2 81 20.25 -1.02 0.115738 2021-06-24 18:18:16.474884 4 22 rens 35.557913
1 201 34.22 27.77 0.906867 2021-06-24 18:18:17.381751 4 30 Noor 36.46478
1 243 41.74 27.77 0.273464 2021-06-24 18:18:17.655215 4 31 Noor 36.738244
2 45 14.71 0.92 0.490002 2021-06-24 18:18:18.145217 4 23 rens 37.228246
2 152 26.78 16.92 0.149544 2021-06-24 18:18:18.294761 4 24 rens 37.37779
1 121 23.66 27.77 0.01571 2021-06-24 18:18:18.310471 4 32 Noor 37.3935
2 39 13.53 1.24 1.901373 2021-06-24 18:18:20.211844 5 25 rens 39.294873
1 192 32.67 27.67 1.545764 2021-06-24 18:18:21.757608 5 33 Noor 40.840637
1 49 15.48 27.77 0.436105 2021-06-24 18:18:22.193713 5 34 Noor 41.276742
2 31 12.01 -0.69 0.471135 2021-06-24 18:18:22.664848 5 26 rens 41.747877
2 103 22.23 3.17 0.233003 2021-06-24 18:18:22.897851 5 27 rens 41.98088
2 31 12.01 -1.02 1.902848 2021-06-24 18:18:24.800699 5 28 rens 43.883728
2 88 20.96 8.97 1.026026 2021-06-24 18:18:25.826725 5 29 rens 44.909754
1 124 23.92 27.77 0.559025 2021-06-24 18:18:26.385750 5 35 Noor 45.468779
1 79 20.03 27.77 0.38107 2021-06-24 18:18:26.766820 5 36 Noor 45.849849
2 51 15.86 3.82 0.593068 2021-06-24 18:18:27.359888 5 30 rens 46.442917
1 152 26.78 27.77 0.482283 2021-06-24 18:18:27.842171 5 37 Noor 46.9252
2 112 22.94 9.62 0.014691 2021-06-24 18:18:27.856862 5 31 rens 46.939891
2 31 12.01 -0.80 2.488487 2021-06-24 18:18:30.345349 6 32 rens 49.428378
1 39 13.53 27.88 1.812146 2021-06-24 18:18:32.157495 6 38 Noor 51.240524
2 97 21.75 12.84 0.060143 2021-06-24 18:18:32.217638 6 33 rens 51.300667
1 30 11.83 27.88 1.88549 2021-06-24 18:18:34.103128 7 39 Noor 53.186157
2 184 31.36 28.31 1.505572 2021-06-24 18:18:35.608700 7 34 rens 54.691729
2 31 12.01 -9.18 0.173677 2021-06-24 18:18:35.782377 7 35 rens 54.865406
1 91 21.23 27.77 0.414611 2021-06-24 18:18:36.196988 7 40 Noor 55.280017
2 78 19.92 6.72 0.270135 2021-06-24 18:18:36.467123 7 36 rens 55.550152
1 497 142.37 27.77 0.395029 2021-06-24 18:18:36.862152 7 41 Noor 55.945181
1 39 13.53 27.77 0.3481 2021-06-24 18:18:37.210252 7 42 Noor 56.293281
1 97 21.75 27.88 0.143365 2021-06-24 18:18:37.353617 7 43 Noor 56.436646
1 78 19.92 27.77 1.289597 2021-06-24 18:18:38.643214 7 44 Noor 57.726243
1 31 12.01 27.99 1.623094 2021-06-24 18:18:40.266308 7 45 Noor 59.349337
1 39 13.53 27.99 1.012798 2021-06-24 18:18:41.279106 7 46 Noor 60.362135
1 112 22.94 27.77 0.95056 2021-06-24 18:18:42.229666 7 47 Noor 61.312695
2 96 21.67 11.88 0.29367 2021-06-24 18:18:42.523336 7 37 rens 61.606365
2 271 46.93 45.07 1.196501 2021-06-24 18:18:43.719837 7 38 rens 62.802866
1 199 33.86 27.67 0.149589 2021-06-24 18:18:43.869426 7 48 Noor 62.952455
2 30 11.83 -6.49 0.287062 2021-06-24 18:18:44.156488 7 39 rens 63.239517
2 83 20.46 6.72 0.501232 2021-06-24 18:18:44.657720 7 40 rens 63.740749
1 34 12.56 28.10 2.444384 2021-06-24 18:18:47.102104 7 49 Noor 66.185133
1 35 12.75 27.99 1.602116 2021-06-24 18:18:48.704220 7 50 Noor 67.787249
1 108 22.63 28.10 0.387882 2021-06-24 18:18:49.092102 7 51 Noor 68.175131
1 312 55.68 28.10 0.740666 2021-06-24 18:18:49.832768 7 52 Noor 68.915797
2 96 21.67 12.84 3.326992 2021-06-24 18:18:53.159760 7 41 rens 72.242789
1 39 13.53 27.77 0.070224 2021-06-24 18:18:53.229984 7 53 Noor 72.313013
2 61 17.60 1.24 0.56013 2021-06-24 18:18:53.790114 8 42 rens 72.873143
2 103 22.23 14.13 2.445676 2021-06-24 18:18:56.235790 8 43 rens 75.318819
1 38 13.33 27.77 1.375681 2021-06-24 18:18:57.611471 8 54 Noor 76.6945
1 60 17.43 27.88 0.194611 2021-06-24 18:18:57.806082 8 55 Noor 76.889111
2 79 20.03 7.69 0.157768 2021-06-24 18:18:57.963850 8 44 rens 77.046879
2 197 33.52 30.24 2.691692 2021-06-24 18:19:00.655542 8 45 rens 79.738571
1 83 20.46 27.88 1.822975 2021-06-24 18:19:02.478517 8 56 Noor 81.561546
2 496 144.49 93.09 0.159999 2021-06-24 18:19:02.638516 8 46 rens 81.721545
2 35 12.75 -0.16 1.138719 2021-06-24 18:19:03.777235 8 47 rens 82.860264
1 60 17.43 28.10 0.344587 2021-06-24 18:19:04.121822 8 57 Noor 83.204851
2 147 26.19 20.90 3.515968 2021-06-24 18:19:07.637790 8 48 rens 86.720819
2 31 12.01 -1.02 1.317362 2021-06-24 18:19:08.955152 8 49 rens 88.038181
