# layer adc volt temp timediff time detector_muon_count detector_count detector_name
2 56 16.76 27.34 3.314658 2021-06-18 11:58:28.655944 2 249 CarloCosmicWatch 417.423977
2 248 42.69 27.34 1.519965 2021-06-18 11:58:30.175909 2 250 CarloCosmicWatch 418.943942
1 185 31.51 24.44 1.989164 2021-06-18 11:58:32.165073 0 1 MattiaCosmicWatch 420.933106
2 79 20.03 27.34 0.030386 2021-06-18 11:58:32.195459 2 251 CarloCosmicWatch 420.963492
2 147 26.19 27.34 0.12063 2021-06-18 11:58:32.316089 3 252 CarloCosmicWatch 421.084122
2 70 18.93 27.13 0.073209 2021-06-18 11:58:32.389298 3 253 CarloCosmicWatch 421.157331
2 423 97.36 27.34 2.702155 2021-06-18 11:58:35.091453 3 254 CarloCosmicWatch 423.859486
2 211 35.96 27.34 0.249857 2021-06-18 11:58:35.341310 3 255 CarloCosmicWatch 424.109343
2 120 23.58 27.13 4.366902 2021-06-18 11:58:39.708212 3 256 CarloCosmicWatch 428.476245
2 96 21.67 27.34 0.673342 2021-06-18 11:58:40.381554 3 257 CarloCosmicWatch 429.149587
2 81 20.25 27.34 0.682921 2021-06-18 11:58:41.064475 3 258 CarloCosmicWatch 429.832508
2 76 19.69 27.34 0.701123 2021-06-18 11:58:41.765598 3 259 CarloCosmicWatch 430.533631
2 88 20.96 27.34 1.3847 2021-06-18 11:58:43.150298 3 260 CarloCosmicWatch 431.918331
2 281 48.90 27.34 1.081406 2021-06-18 11:58:44.231704 3 261 CarloCosmicWatch 432.999737
2 241 41.39 27.13 6.676903 2021-06-18 11:58:50.908607 3 262 CarloCosmicWatch 439.67664
2 49 15.48 27.34 7.325503 2021-06-18 11:58:58.234110 3 263 CarloCosmicWatch 447.002143
2 140 25.42 26.91 0.191694 2021-06-18 11:58:58.425804 3 264 CarloCosmicWatch 447.193837
2 207 35.26 27.34 4.276947 2021-06-18 11:59:02.702751 3 265 CarloCosmicWatch 451.470784
2 99 21.91 27.34 0.146677 2021-06-18 11:59:02.849428 3 266 CarloCosmicWatch 451.617461
2 63 17.91 27.34 1.079276 2021-06-18 11:59:03.928704 3 267 CarloCosmicWatch 452.696737
2 195 33.17 27.34 0.033704 2021-06-18 11:59:03.962408 3 268 CarloCosmicWatch 452.730441
2 385 80.11 27.34 0.066626 2021-06-18 11:59:04.029034 3 269 CarloCosmicWatch 452.797067
2 441 109.77 27.13 1.846756 2021-06-18 11:59:05.875790 3 270 CarloCosmicWatch 454.643823
2 152 26.78 27.34 1.37188 2021-06-18 11:59:07.247670 3 271 CarloCosmicWatch 456.015703
2 98 21.83 27.34 0.454289 2021-06-18 11:59:07.701959 3 272 CarloCosmicWatch 456.469992
2 60 17.43 27.34 1.396519 2021-06-18 11:59:09.098478 3 273 CarloCosmicWatch 457.866511
2 275 47.73 27.34 0.142529 2021-06-18 11:59:09.241007 3 274 CarloCosmicWatch 458.00904
2 270 46.71 27.34 0.972379 2021-06-18 11:59:10.213386 3 275 CarloCosmicWatch 458.981419
2 448 112.41 27.34 1.579972 2021-06-18 11:59:11.793358 3 276 CarloCosmicWatch 460.561391
2 63 17.91 27.34 0.348665 2021-06-18 11:59:12.142023 3 277 CarloCosmicWatch 460.910056
2 176 30.09 27.34 1.01776 2021-06-18 11:59:13.159783 3 278 CarloCosmicWatch 461.927816
2 57 16.93 27.13 3.095337 2021-06-18 11:59:16.255120 3 279 CarloCosmicWatch 465.023153
2 88 20.96 27.34 0.942705 2021-06-18 11:59:17.197825 3 280 CarloCosmicWatch 465.965858
2 499 141.24 27.13 0.178245 2021-06-18 11:59:17.376070 3 281 CarloCosmicWatch 466.144103
2 67 18.51 27.34 1.065653 2021-06-18 11:59:18.441723 3 282 CarloCosmicWatch 467.209756
2 71 19.06 27.34 2.75707 2021-06-18 11:59:21.198793 3 283 CarloCosmicWatch 469.966826
2 99 21.91 27.34 0.361651 2021-06-18 11:59:21.560444 3 284 CarloCosmicWatch 470.328477
2 89 21.05 27.34 2.845412 2021-06-18 11:59:24.405856 3 285 CarloCosmicWatch 473.173889
2 76 19.69 27.34 2.203978 2021-06-18 11:59:26.609834 3 286 CarloCosmicWatch 475.377867
2 96 21.67 27.34 5.616889 2021-06-18 11:59:32.226723 3 287 CarloCosmicWatch 480.994756
2 176 30.09 27.34 0.098975 2021-06-18 11:59:32.325698 3 288 CarloCosmicWatch 481.093731
2 88 20.96 27.34 1.069085 2021-06-18 11:59:33.394783 3 289 CarloCosmicWatch 482.162816
2 57 16.93 27.34 0.421919 2021-06-18 11:59:33.816702 3 290 CarloCosmicWatch 482.584735
2 79 20.03 27.34 0.46969 2021-06-18 11:59:34.286392 3 291 CarloCosmicWatch 483.054425
2 185 31.51 27.34 2.052202 2021-06-18 11:59:36.338594 3 292 CarloCosmicWatch 485.106627
2 513 148.53 27.13 0.598464 2021-06-18 11:59:36.937058 3 293 CarloCosmicWatch 485.705091
2 83 20.46 27.34 0.915874 2021-06-18 11:59:37.852932 3 294 CarloCosmicWatch 486.620965
2 184 31.36 27.13 3.950655 2021-06-18 11:59:41.803587 3 295 CarloCosmicWatch 490.57162
2 88 20.96 27.34 0.811201 2021-06-18 11:59:42.614788 3 296 CarloCosmicWatch 491.382821
2 103 22.23 27.34 0.516853 2021-06-18 11:59:43.131641 3 297 CarloCosmicWatch 491.899674
