# layer adc volt temp timediff time detector_muon_count detector_count detector_name
2 89 21.05 27.34 0.291241 2021-06-18 12:02:53.825412 6 395 CarloCosmicWatch 682.593445
2 158 27.53 27.34 0.872724 2021-06-18 12:02:54.698136 6 396 CarloCosmicWatch 683.466169
2 71 19.06 27.34 1.634461 2021-06-18 12:02:56.332597 6 397 CarloCosmicWatch 685.10063
2 81 20.25 27.34 1.989465 2021-06-18 12:02:58.322062 6 398 CarloCosmicWatch 687.090095
2 184 31.36 27.34 0.655841 2021-06-18 12:02:58.977903 6 399 CarloCosmicWatch 687.745936
2 70 18.93 27.34 3.550875 2021-06-18 12:03:02.528778 6 400 CarloCosmicWatch 691.296811
2 102 22.15 27.34 0.430978 2021-06-18 12:03:02.959756 6 401 CarloCosmicWatch 691.727789
2 184 31.36 27.34 1.69378 2021-06-18 12:03:04.653536 6 402 CarloCosmicWatch 693.421569
2 67 18.51 27.34 0.746775 2021-06-18 12:03:05.400311 6 403 CarloCosmicWatch 694.168344
2 56 16.76 27.34 0.48916 2021-06-18 12:03:05.889471 6 404 CarloCosmicWatch 694.657504
2 67 18.51 27.34 2.755431 2021-06-18 12:03:08.644902 6 405 CarloCosmicWatch 697.412935
2 67 18.51 27.34 0.551634 2021-06-18 12:03:09.196536 6 406 CarloCosmicWatch 697.964569
2 63 17.91 27.34 0.295323 2021-06-18 12:03:09.491859 6 407 CarloCosmicWatch 698.259892
2 135 24.92 27.34 1.830955 2021-06-18 12:03:11.322814 6 408 CarloCosmicWatch 700.090847
2 192 32.67 27.13 1.690905 2021-06-18 12:03:13.013719 6 409 CarloCosmicWatch 701.781752
2 103 22.23 26.91 1.934663 2021-06-18 12:03:14.948382 6 410 CarloCosmicWatch 703.716415
2 463 119.23 26.91 0.775028 2021-06-18 12:03:15.723410 6 411 CarloCosmicWatch 704.491443
2 62 17.75 27.34 0.183913 2021-06-18 12:03:15.907323 6 412 CarloCosmicWatch 704.675356
2 103 22.23 26.91 1.305092 2021-06-18 12:03:17.212415 6 413 CarloCosmicWatch 705.980448
2 79 20.03 27.34 2.443604 2021-06-18 12:03:19.656019 6 414 CarloCosmicWatch 708.424052
2 127 24.18 27.13 3.930152 2021-06-18 12:03:23.586171 6 415 CarloCosmicWatch 712.354204
2 252 43.42 27.13 0.714179 2021-06-18 12:03:24.300350 6 416 CarloCosmicWatch 713.068383
2 48 15.29 27.13 3.372204 2021-06-18 12:03:27.672554 6 417 CarloCosmicWatch 716.440587
2 156 27.28 27.34 1.17464 2021-06-18 12:03:28.847194 6 418 CarloCosmicWatch 717.615227
2 145 25.96 27.34 0.389201 2021-06-18 12:03:29.236395 6 419 CarloCosmicWatch 718.004428
2 112 22.94 27.13 0.148299 2021-06-18 12:03:29.384694 6 420 CarloCosmicWatch 718.152727
2 115 23.18 26.91 1.069476 2021-06-18 12:03:30.454170 6 421 CarloCosmicWatch 719.222203
2 51 15.86 27.34 1.415504 2021-06-18 12:03:31.869674 6 422 CarloCosmicWatch 720.637707
2 96 21.67 27.13 0.033601 2021-06-18 12:03:31.903275 6 423 CarloCosmicWatch 720.671308
2 99 21.91 26.91 0.569097 2021-06-18 12:03:32.472372 6 424 CarloCosmicWatch 721.240405
2 63 17.91 27.34 1.936801 2021-06-18 12:03:34.409173 6 425 CarloCosmicWatch 723.177206
2 371 73.82 27.13 0.690341 2021-06-18 12:03:35.099514 6 426 CarloCosmicWatch 723.867547
2 49 15.48 26.91 1.212482 2021-06-18 12:03:36.311996 6 427 CarloCosmicWatch 725.080029
2 112 22.94 27.34 0.486797 2021-06-18 12:03:36.798793 6 428 CarloCosmicWatch 725.566826
2 112 22.94 27.13 0.238005 2021-06-18 12:03:37.036798 6 429 CarloCosmicWatch 725.804831
2 106 22.47 27.34 3.201531 2021-06-18 12:03:40.238329 6 430 CarloCosmicWatch 729.006362
2 63 17.91 27.34 0.570755 2021-06-18 12:03:40.809084 6 431 CarloCosmicWatch 729.577117
2 56 16.76 27.34 0.286749 2021-06-18 12:03:41.095833 6 432 CarloCosmicWatch 729.863866
2 63 17.91 27.34 0.439161 2021-06-18 12:03:41.534994 6 433 CarloCosmicWatch 730.303027
2 255 43.96 27.34 0.362717 2021-06-18 12:03:41.897711 6 434 CarloCosmicWatch 730.665744
1 62 17.75 24.44 4.993305 2021-06-18 12:03:46.891016 2 3 MattiaCosmicWatch 735.659049
2 67 18.51 27.13 0.030436 2021-06-18 12:03:46.921452 6 435 CarloCosmicWatch 735.689485
2 88 20.96 27.34 0.764307 2021-06-18 12:03:47.685759 7 436 CarloCosmicWatch 736.453792
2 222 37.96 27.34 1.868415 2021-06-18 12:03:49.554174 7 437 CarloCosmicWatch 738.322207
2 192 32.67 27.13 0.222504 2021-06-18 12:03:49.776678 7 438 CarloCosmicWatch 738.544711
2 78 19.92 27.34 0.115613 2021-06-18 12:03:49.892291 7 439 CarloCosmicWatch 738.660324
2 176 30.09 27.34 2.596707 2021-06-18 12:03:52.488998 7 440 CarloCosmicWatch 741.257031
2 103 22.23 26.91 0.192803 2021-06-18 12:03:52.681801 7 441 CarloCosmicWatch 741.449834
2 120 23.58 27.34 0.989063 2021-06-18 12:03:53.670864 7 442 CarloCosmicWatch 742.438897
2 174 29.79 27.34 1.497091 2021-06-18 12:03:55.167955 7 443 CarloCosmicWatch 743.935988
