# layer adc volt temp timediff time detector_muon_count detector_count detector_name
2 66 18.36 27.13 0.893479 2021-06-18 12:03:56.061434 7 444 CarloCosmicWatch 744.829467
2 57 16.93 27.34 0.814044 2021-06-18 12:03:56.875478 7 445 CarloCosmicWatch 745.643511
2 96 21.67 27.34 1.072682 2021-06-18 12:03:57.948160 7 446 CarloCosmicWatch 746.716193
2 60 17.43 27.34 0.627104 2021-06-18 12:03:58.575264 7 447 CarloCosmicWatch 747.343297
2 97 21.75 27.34 0.551987 2021-06-18 12:03:59.127251 7 448 CarloCosmicWatch 747.895284
2 89 21.05 27.34 0.273726 2021-06-18 12:03:59.400977 7 449 CarloCosmicWatch 748.16901
2 158 27.53 27.13 0.033749 2021-06-18 12:03:59.434726 7 450 CarloCosmicWatch 748.202759
2 79 20.03 27.34 1.65943 2021-06-18 12:04:01.094156 7 451 CarloCosmicWatch 749.862189
2 60 17.43 26.91 2.487099 2021-06-18 12:04:03.581255 7 452 CarloCosmicWatch 752.349288
2 242 41.58 27.34 4.274728 2021-06-18 12:04:07.855983 7 453 CarloCosmicWatch 756.624016
2 97 21.75 27.34 0.559091 2021-06-18 12:04:08.415074 7 454 CarloCosmicWatch 757.183107
2 67 18.51 27.02 0.443867 2021-06-18 12:04:08.858941 7 455 CarloCosmicWatch 757.626974
2 108 22.63 27.34 1.404977 2021-06-18 12:04:10.263918 7 456 CarloCosmicWatch 759.031951
2 71 19.06 27.34 0.160165 2021-06-18 12:04:10.424083 7 457 CarloCosmicWatch 759.192116
2 51 15.86 27.34 2.900561 2021-06-18 12:04:13.324644 7 458 CarloCosmicWatch 762.092677
2 294 51.51 27.34 5.53695 2021-06-18 12:04:18.861594 7 459 CarloCosmicWatch 767.629627
2 67 18.51 27.13 1.672213 2021-06-18 12:04:20.533807 7 460 CarloCosmicWatch 769.30184
2 57 16.93 27.34 1.124766 2021-06-18 12:04:21.658573 7 461 CarloCosmicWatch 770.426606
2 57 16.93 27.13 1.20846 2021-06-18 12:04:22.867033 7 462 CarloCosmicWatch 771.635066
2 113 23.02 27.34 0.033839 2021-06-18 12:04:22.900872 7 463 CarloCosmicWatch 771.668905
2 88 20.96 27.34 4.468364 2021-06-18 12:04:27.369236 7 464 CarloCosmicWatch 776.137269
2 167 28.76 27.34 0.30286 2021-06-18 12:04:27.672096 7 465 CarloCosmicWatch 776.440129
2 352 66.89 27.34 0.24153 2021-06-18 12:04:27.913626 7 466 CarloCosmicWatch 776.681659
2 71 19.06 27.34 0.881854 2021-06-18 12:04:28.795480 7 467 CarloCosmicWatch 777.563513
2 224 38.29 27.34 1.194725 2021-06-18 12:04:29.990205 7 468 CarloCosmicWatch 778.758238
2 56 16.76 27.34 0.505654 2021-06-18 12:04:30.495859 7 469 CarloCosmicWatch 779.263892
2 88 20.96 27.34 0.880819 2021-06-18 12:04:31.376678 7 470 CarloCosmicWatch 780.144711
2 115 23.18 27.34 1.641559 2021-06-18 12:04:33.018237 7 471 CarloCosmicWatch 781.78627
2 49 15.48 27.34 0.222842 2021-06-18 12:04:33.241079 7 472 CarloCosmicWatch 782.009112
2 359 69.86 27.13 1.294466 2021-06-18 12:04:34.535545 7 473 CarloCosmicWatch 783.303578
2 204 34.73 27.34 0.128826 2021-06-18 12:04:34.664371 7 474 CarloCosmicWatch 783.432404
2 504 143.61 27.34 0.153211 2021-06-18 12:04:34.817582 7 475 CarloCosmicWatch 783.585615
2 254 43.77 27.34 1.252577 2021-06-18 12:04:36.070159 7 476 CarloCosmicWatch 784.838192
2 99 21.91 27.34 0.84405 2021-06-18 12:04:36.914209 7 477 CarloCosmicWatch 785.682242
2 271 46.93 27.34 7.93398 2021-06-18 12:04:44.848189 7 478 CarloCosmicWatch 793.616222
2 419 97.20 26.91 1.248252 2021-06-18 12:04:46.096441 7 479 CarloCosmicWatch 794.864474
2 56 16.76 27.34 0.214422 2021-06-18 12:04:46.310863 7 480 CarloCosmicWatch 795.078896
2 101 22.08 27.34 3.644581 2021-06-18 12:04:49.955444 7 481 CarloCosmicWatch 798.723477
2 82 20.36 27.34 0.560969 2021-06-18 12:04:50.516413 7 482 CarloCosmicWatch 799.284446
2 152 26.78 27.24 0.033733 2021-06-18 12:04:50.550146 7 483 CarloCosmicWatch 799.318179
2 127 24.18 27.34 0.985713 2021-06-18 12:04:51.535859 7 484 CarloCosmicWatch 800.303892
2 131 24.54 26.70 3.544306 2021-06-18 12:04:55.080165 7 485 CarloCosmicWatch 803.848198
2 274 47.52 26.91 1.845538 2021-06-18 12:04:56.925703 7 486 CarloCosmicWatch 805.693736
2 57 16.93 26.91 0.214854 2021-06-18 12:04:57.140557 7 487 CarloCosmicWatch 805.90859
2 83 20.46 26.91 4.00003 2021-06-18 12:05:01.140587 7 488 CarloCosmicWatch 809.90862
2 188 32.01 26.91 3.075901 2021-06-18 12:05:04.216488 7 489 CarloCosmicWatch 812.984521
2 48 15.29 26.70 0.682935 2021-06-18 12:05:04.899423 7 490 CarloCosmicWatch 813.667456
2 76 19.69 26.91 0.092557 2021-06-18 12:05:04.991980 7 491 CarloCosmicWatch 813.760013
2 435 104.92 26.70 1.804434 2021-06-18 12:05:06.796414 7 492 CarloCosmicWatch 815.564447
2 177 30.25 26.81 4.25938 2021-06-18 12:05:11.055794 7 493 CarloCosmicWatch 819.823827
