# layer adc volt temp timediff time detector_muon_count detector_count detector_name
2 243 41.74 27.34 0.623877 2021-06-18 11:56:54.331326 1 200 CarloCosmicWatch 323.099359
2 323 58.48 27.34 1.727251 2021-06-18 11:56:56.058577 1 201 CarloCosmicWatch 324.82661
2 551 164.56 27.13 0.134502 2021-06-18 11:56:56.193079 1 202 CarloCosmicWatch 324.961112
2 428 101.58 27.34 0.851726 2021-06-18 11:56:57.044805 1 203 CarloCosmicWatch 325.812838
0 71 19.06 26.05 0.031387 2021-06-18 11:56:57.076192 1 2 Noor 325.844225
2 50 15.67 27.34 2.094819 2021-06-18 11:56:59.171011 2 204 CarloCosmicWatch 327.939044
2 110 22.78 27.34 2.62291 2021-06-18 11:57:01.793921 2 205 CarloCosmicWatch 330.561954
2 423 97.36 27.34 0.033615 2021-06-18 11:57:01.827536 2 206 CarloCosmicWatch 330.595569
2 240 41.21 27.34 0.463701 2021-06-18 11:57:02.291237 2 207 CarloCosmicWatch 331.05927
2 193 32.84 27.34 3.644021 2021-06-18 11:57:05.935258 2 208 CarloCosmicWatch 334.703291
2 249 42.85 27.34 0.129979 2021-06-18 11:57:06.065237 2 209 CarloCosmicWatch 334.83327
2 167 28.76 27.34 3.957185 2021-06-18 11:57:10.022422 2 210 CarloCosmicWatch 338.790455
2 97 21.75 27.34 0.128706 2021-06-18 11:57:10.151128 2 211 CarloCosmicWatch 338.919161
2 103 22.23 27.34 0.908726 2021-06-18 11:57:11.059854 2 212 CarloCosmicWatch 339.827887
2 101 22.08 27.34 5.296612 2021-06-18 11:57:16.356466 2 213 CarloCosmicWatch 345.124499
2 83 20.46 27.34 0.33252 2021-06-18 11:57:16.688986 2 214 CarloCosmicWatch 345.457019
2 51 15.86 27.34 0.094335 2021-06-18 11:57:16.783321 2 215 CarloCosmicWatch 345.551354
2 89 21.05 27.34 1.403602 2021-06-18 11:57:18.186923 2 216 CarloCosmicWatch 346.954956
2 163 28.20 27.34 0.73853 2021-06-18 11:57:18.925453 2 217 CarloCosmicWatch 347.693486
2 76 19.69 27.34 0.1161 2021-06-18 11:57:19.041553 2 218 CarloCosmicWatch 347.809586
2 63 17.91 27.34 3.680156 2021-06-18 11:57:22.721709 2 219 CarloCosmicWatch 351.489742
2 57 16.93 27.34 1.190226 2021-06-18 11:57:23.911935 2 220 CarloCosmicWatch 352.679968
2 49 15.48 27.34 0.909895 2021-06-18 11:57:24.821830 2 221 CarloCosmicWatch 353.589863
2 287 50.23 27.34 3.255373 2021-06-18 11:57:28.077203 2 222 CarloCosmicWatch 356.845236
2 162 28.06 27.34 2.970916 2021-06-18 11:57:31.048119 2 223 CarloCosmicWatch 359.816152
2 327 59.28 27.34 1.502533 2021-06-18 11:57:32.550652 2 224 CarloCosmicWatch 361.318685
2 63 17.91 27.34 0.466778 2021-06-18 11:57:33.017430 2 225 CarloCosmicWatch 361.785463
2 89 21.05 27.34 7.638921 2021-06-18 11:57:40.656351 2 226 CarloCosmicWatch 369.424384
2 97 21.75 27.34 4.857868 2021-06-18 11:57:45.514219 2 227 CarloCosmicWatch 374.282252
2 99 21.91 27.34 1.12209 2021-06-18 11:57:46.636309 2 228 CarloCosmicWatch 375.404342
2 79 20.03 27.34 0.929703 2021-06-18 11:57:47.566012 2 229 CarloCosmicWatch 376.334045
2 61 17.60 27.34 1.225498 2021-06-18 11:57:48.791510 2 230 CarloCosmicWatch 377.559543
2 49 15.48 27.34 0.089096 2021-06-18 11:57:48.880606 2 231 CarloCosmicWatch 377.648639
2 216 36.85 27.34 1.921468 2021-06-18 11:57:50.802074 2 232 CarloCosmicWatch 379.570107
2 444 109.09 27.34 0.072698 2021-06-18 11:57:50.874772 2 233 CarloCosmicWatch 379.642805
2 297 52.13 27.34 0.373162 2021-06-18 11:57:51.247934 2 234 CarloCosmicWatch 380.015967
2 355 68.30 27.34 0.365414 2021-06-18 11:57:51.613348 2 235 CarloCosmicWatch 380.381381
2 49 15.48 27.34 0.808419 2021-06-18 11:57:52.421767 2 236 CarloCosmicWatch 381.1898
2 146 26.08 27.34 0.374132 2021-06-18 11:57:52.795899 2 237 CarloCosmicWatch 381.563932
2 102 22.15 27.34 6.082103 2021-06-18 11:57:58.878002 2 238 CarloCosmicWatch 387.646035
2 112 22.94 27.34 1.975659 2021-06-18 11:58:00.853661 2 239 CarloCosmicWatch 389.621694
2 135 24.92 27.34 1.858078 2021-06-18 11:58:02.711739 2 240 CarloCosmicWatch 391.479772
2 57 16.93 27.34 2.634179 2021-06-18 11:58:05.345918 2 241 CarloCosmicWatch 394.113951
2 300 52.79 27.34 0.463305 2021-06-18 11:58:05.809223 2 242 CarloCosmicWatch 394.577256
2 185 31.51 27.34 1.450593 2021-06-18 11:58:07.259816 2 243 CarloCosmicWatch 396.027849
2 79 20.03 27.13 0.386124 2021-06-18 11:58:07.645940 2 244 CarloCosmicWatch 396.413973
2 63 17.91 27.34 1.273623 2021-06-18 11:58:08.919563 2 245 CarloCosmicWatch 397.687596
2 96 21.67 27.13 10.064623 2021-06-18 11:58:18.984186 2 246 CarloCosmicWatch 407.752219
2 88 20.96 27.34 4.729221 2021-06-18 11:58:23.713407 2 247 CarloCosmicWatch 412.48144
2 126 24.09 27.34 1.627879 2021-06-18 11:58:25.341286 2 248 CarloCosmicWatch 414.109319
