# layer adc volt temp timediff time detector_muon_count detector_count detector_name
2 56 16.76 26.70 0.847057 2021-06-18 11:52:44.532379 0 51 CarloCosmicWatch 73.300412
2 188 32.01 26.70 1.872571 2021-06-18 11:52:46.404950 0 52 CarloCosmicWatch 75.172983
2 234 40.06 26.70 0.818299 2021-06-18 11:52:47.223249 0 53 CarloCosmicWatch 75.991282
2 199 33.86 26.70 0.528659 2021-06-18 11:52:47.751908 0 54 CarloCosmicWatch 76.519941
2 226 38.63 26.70 0.338153 2021-06-18 11:52:48.090061 0 55 CarloCosmicWatch 76.858094
2 112 22.94 26.91 2.955935 2021-06-18 11:52:51.045996 0 56 CarloCosmicWatch 79.814029
2 60 17.43 26.70 3.874088 2021-06-18 11:52:54.920084 0 57 CarloCosmicWatch 83.688117
2 156 27.28 26.70 0.814425 2021-06-18 11:52:55.734509 0 58 CarloCosmicWatch 84.502542
2 131 24.54 26.70 0.033774 2021-06-18 11:52:55.768283 0 59 CarloCosmicWatch 84.536316
2 222 37.96 26.70 0.066423 2021-06-18 11:52:55.834706 0 60 CarloCosmicWatch 84.602739
2 103 22.23 26.70 1.163917 2021-06-18 11:52:56.998623 0 61 CarloCosmicWatch 85.766656
2 127 24.18 26.38 0.126694 2021-06-18 11:52:57.125317 0 62 CarloCosmicWatch 85.89335
2 51 15.86 26.70 1.897066 2021-06-18 11:52:59.022383 0 63 CarloCosmicWatch 87.790416
2 115 23.18 26.70 0.277312 2021-06-18 11:52:59.299695 0 64 CarloCosmicWatch 88.067728
2 94 21.50 26.70 0.999989 2021-06-18 11:53:00.299684 0 65 CarloCosmicWatch 89.067717
2 70 18.93 26.70 2.409342 2021-06-18 11:53:02.709026 0 66 CarloCosmicWatch 91.477059
2 76 19.69 26.91 1.019266 2021-06-18 11:53:03.728292 0 67 CarloCosmicWatch 92.496325
2 71 19.06 26.70 2.990331 2021-06-18 11:53:06.718623 0 68 CarloCosmicWatch 95.486656
2 88 20.96 26.70 1.348118 2021-06-18 11:53:08.066741 0 69 CarloCosmicWatch 96.834774
2 142 25.64 26.70 5.911703 2021-06-18 11:53:13.978444 0 70 CarloCosmicWatch 102.746477
2 70 18.93 27.13 7.3206 2021-06-18 11:53:21.299044 0 71 CarloCosmicWatch 110.067077
2 376 76.43 26.91 1.118973 2021-06-18 11:53:22.418017 0 72 CarloCosmicWatch 111.18605
2 114 23.10 26.91 1.089776 2021-06-18 11:53:23.507793 0 73 CarloCosmicWatch 112.275826
2 143 25.74 26.91 0.69386 2021-06-18 11:53:24.201653 0 74 CarloCosmicWatch 112.969686
2 156 27.28 26.91 1.53046 2021-06-18 11:53:25.732113 0 75 CarloCosmicWatch 114.500146
2 60 17.43 26.70 3.283081 2021-06-18 11:53:29.015194 0 76 CarloCosmicWatch 117.783227
2 96 21.67 26.91 3.923006 2021-06-18 11:53:32.938200 0 77 CarloCosmicWatch 121.706233
2 71 19.06 26.70 0.541524 2021-06-18 11:53:33.479724 0 78 CarloCosmicWatch 122.247757
2 482 129.60 26.59 2.371008 2021-06-18 11:53:35.850732 0 79 CarloCosmicWatch 124.618765
2 467 121.56 26.70 3.130942 2021-06-18 11:53:38.981674 0 80 CarloCosmicWatch 127.749707
2 49 15.48 26.70 0.57557 2021-06-18 11:53:39.557244 0 81 CarloCosmicWatch 128.325277
2 127 24.18 26.70 2.067971 2021-06-18 11:53:41.625215 0 82 CarloCosmicWatch 130.393248
2 92 21.32 26.91 3.581492 2021-06-18 11:53:45.206707 0 83 CarloCosmicWatch 133.97474
2 56 16.76 26.91 0.33175 2021-06-18 11:53:45.538457 0 84 CarloCosmicWatch 134.30649
2 167 28.76 26.91 3.617762 2021-06-18 11:53:49.156219 0 85 CarloCosmicWatch 137.924252
2 63 17.91 26.70 0.405556 2021-06-18 11:53:49.561775 0 86 CarloCosmicWatch 138.329808
2 88 20.96 26.70 0.194555 2021-06-18 11:53:49.756330 0 87 CarloCosmicWatch 138.524363
2 211 35.96 26.70 0.063982 2021-06-18 11:53:49.820312 0 88 CarloCosmicWatch 138.588345
2 83 20.46 26.70 1.345593 2021-06-18 11:53:51.165905 0 89 CarloCosmicWatch 139.933938
2 79 20.03 26.70 2.295745 2021-06-18 11:53:53.461650 0 90 CarloCosmicWatch 142.229683
2 88 20.96 26.70 0.320151 2021-06-18 11:53:53.781801 0 91 CarloCosmicWatch 142.549834
2 60 17.43 26.70 0.507001 2021-06-18 11:53:54.288802 0 92 CarloCosmicWatch 143.056835
2 79 20.03 26.70 0.739145 2021-06-18 11:53:55.027947 0 93 CarloCosmicWatch 143.79598
2 231 39.55 26.91 2.783702 2021-06-18 11:53:57.811649 0 94 CarloCosmicWatch 146.579682
2 71 19.06 26.91 1.788011 2021-06-18 11:53:59.599660 0 95 CarloCosmicWatch 148.367693
2 49 15.48 26.91 0.163496 2021-06-18 11:53:59.763156 0 96 CarloCosmicWatch 148.531189
2 60 17.43 26.70 0.231728 2021-06-18 11:53:59.994884 0 97 CarloCosmicWatch 148.762917
2 99 21.91 26.70 1.293616 2021-06-18 11:54:01.288500 0 98 CarloCosmicWatch 150.056533
2 121 23.66 26.70 0.964282 2021-06-18 11:54:02.252782 0 99 CarloCosmicWatch 151.020815
2 49 15.48 26.70 8.046838 2021-06-18 11:54:10.299620 0 100 CarloCosmicWatch 159.067653
