# layer adc volt temp timediff time detector_muon_count detector_count detector_name
2 96 21.67 26.70 0.314301 2021-06-18 11:54:10.613921 0 101 CarloCosmicWatch 159.381954
2 49 15.48 26.91 0.822904 2021-06-18 11:54:11.436825 0 102 CarloCosmicWatch 160.204858
2 114 23.10 26.70 1.32779 2021-06-18 11:54:12.764615 0 103 CarloCosmicWatch 161.532648
2 263 45.37 26.91 0.237402 2021-06-18 11:54:13.002017 0 104 CarloCosmicWatch 161.77005
2 51 15.86 26.70 0.211872 2021-06-18 11:54:13.213889 0 105 CarloCosmicWatch 161.981922
2 221 37.76 26.91 4.326765 2021-06-18 11:54:17.540654 0 106 CarloCosmicWatch 166.308687
2 327 59.28 26.91 1.61555 2021-06-18 11:54:19.156204 0 107 CarloCosmicWatch 167.924237
2 88 20.96 26.70 1.718489 2021-06-18 11:54:20.874693 0 108 CarloCosmicWatch 169.642726
2 73 19.32 26.91 0.973164 2021-06-18 11:54:21.847857 0 109 CarloCosmicWatch 170.61589
2 83 20.46 26.70 1.155875 2021-06-18 11:54:23.003732 0 110 CarloCosmicWatch 171.771765
2 103 22.23 26.91 1.494819 2021-06-18 11:54:24.498551 0 111 CarloCosmicWatch 173.266584
2 199 33.86 26.70 1.350808 2021-06-18 11:54:25.849359 0 112 CarloCosmicWatch 174.617392
2 334 61.44 26.70 0.538251 2021-06-18 11:54:26.387610 0 113 CarloCosmicWatch 175.155643
2 206 35.07 26.70 1.736037 2021-06-18 11:54:28.123647 0 114 CarloCosmicWatch 176.89168
2 50 15.67 27.13 2.23226 2021-06-18 11:54:30.355907 0 115 CarloCosmicWatch 179.12394
2 156 27.28 26.70 0.389935 2021-06-18 11:54:30.745842 0 116 CarloCosmicWatch 179.513875
2 163 28.20 26.91 0.717791 2021-06-18 11:54:31.463633 0 117 CarloCosmicWatch 180.231666
2 224 38.29 26.91 0.125053 2021-06-18 11:54:31.588686 0 118 CarloCosmicWatch 180.356719
0 252 43.42 26.05 1.19193 2021-06-18 11:54:32.780616 0 1 Noor 181.548649
2 96 21.67 27.13 0.015882 2021-06-18 11:54:32.796498 0 119 CarloCosmicWatch 181.564531
2 103 22.23 26.70 4.922816 2021-06-18 11:54:37.719314 1 120 CarloCosmicWatch 186.487347
2 384 80.08 26.70 2.203238 2021-06-18 11:54:39.922552 1 121 CarloCosmicWatch 188.690585
2 255 43.96 26.91 0.033854 2021-06-18 11:54:39.956406 1 122 CarloCosmicWatch 188.724439
2 302 53.30 26.91 1.983244 2021-06-18 11:54:41.939650 1 123 CarloCosmicWatch 190.707683
2 124 23.92 26.70 0.508617 2021-06-18 11:54:42.448267 1 124 CarloCosmicWatch 191.2163
2 487 132.65 26.70 2.849583 2021-06-18 11:54:45.297850 1 125 CarloCosmicWatch 194.065883
2 176 30.09 26.59 2.594957 2021-06-18 11:54:47.892807 1 126 CarloCosmicWatch 196.66084
2 56 16.76 26.59 0.187878 2021-06-18 11:54:48.080685 1 127 CarloCosmicWatch 196.848718
2 184 31.36 26.70 2.127198 2021-06-18 11:54:50.207883 1 128 CarloCosmicWatch 198.975916
2 103 22.23 26.70 2.594713 2021-06-18 11:54:52.802596 1 129 CarloCosmicWatch 201.570629
2 231 39.55 26.70 5.296228 2021-06-18 11:54:58.098824 1 130 CarloCosmicWatch 206.866857
2 639 249.88 26.70 2.185007 2021-06-18 11:55:00.283831 1 131 CarloCosmicWatch 209.051864
2 96 21.67 26.70 2.854726 2021-06-18 11:55:03.138557 1 132 CarloCosmicWatch 211.90659
2 108 22.63 26.70 0.691861 2021-06-18 11:55:03.830418 1 133 CarloCosmicWatch 212.598451
2 51 15.86 26.70 1.081672 2021-06-18 11:55:04.912090 1 134 CarloCosmicWatch 213.680123
2 102 22.15 26.70 0.19432 2021-06-18 11:55:05.106410 1 135 CarloCosmicWatch 213.874443
2 194 33.00 26.70 3.917219 2021-06-18 11:55:09.023629 1 136 CarloCosmicWatch 217.791662
2 66 18.36 26.70 1.879162 2021-06-18 11:55:10.902791 1 137 CarloCosmicWatch 219.670824
2 97 21.75 26.91 0.406521 2021-06-18 11:55:11.309312 1 138 CarloCosmicWatch 220.077345
2 199 33.86 26.70 7.716201 2021-06-18 11:55:19.025513 1 139 CarloCosmicWatch 227.793546
2 280 48.67 26.91 1.208928 2021-06-18 11:55:20.234441 1 140 CarloCosmicWatch 229.002474
2 126 24.09 26.70 2.816958 2021-06-18 11:55:23.051399 1 141 CarloCosmicWatch 231.819432
2 63 17.91 26.70 0.882355 2021-06-18 11:55:23.933754 1 142 CarloCosmicWatch 232.701787
2 291 50.97 26.91 1.065735 2021-06-18 11:55:24.999489 1 143 CarloCosmicWatch 233.767522
2 185 31.51 26.70 1.940417 2021-06-18 11:55:26.939906 1 144 CarloCosmicWatch 235.707939
2 70 18.93 26.91 1.265297 2021-06-18 11:55:28.205203 1 145 CarloCosmicWatch 236.973236
2 120 23.58 26.70 0.061712 2021-06-18 11:55:28.266915 1 146 CarloCosmicWatch 237.034948
2 188 32.01 26.91 0.799192 2021-06-18 11:55:29.066107 1 147 CarloCosmicWatch 237.83414
2 271 46.93 26.70 0.196802 2021-06-18 11:55:29.262909 1 148 CarloCosmicWatch 238.030942
2 79 20.03 26.70 2.093359 2021-06-18 11:55:31.356268 1 149 CarloCosmicWatch 240.124301
