# layer adc volt temp timediff time detector_muon_count detector_count detector_name
2 188 32.01 26.91 0.467216 2021-06-18 12:06:08.343748 9 542 CarloCosmicWatch 877.111781
2 66 18.36 27.34 1.197112 2021-06-18 12:06:09.540860 9 543 CarloCosmicWatch 878.308893
2 327 59.28 27.34 1.406214 2021-06-18 12:06:10.947074 9 544 CarloCosmicWatch 879.715107
2 312 55.68 27.13 2.462513 2021-06-18 12:06:13.409587 9 545 CarloCosmicWatch 882.17762
2 78 19.92 26.91 0.664575 2021-06-18 12:06:14.074162 9 546 CarloCosmicWatch 882.842195
2 71 19.06 26.91 1.544182 2021-06-18 12:06:15.618344 9 547 CarloCosmicWatch 884.386377
2 291 50.97 27.13 0.348192 2021-06-18 12:06:15.966536 9 548 CarloCosmicWatch 884.734569
2 432 101.61 26.91 0.744872 2021-06-18 12:06:16.711408 9 549 CarloCosmicWatch 885.479441
2 143 25.74 27.13 0.075986 2021-06-18 12:06:16.787394 9 550 CarloCosmicWatch 885.555427
2 79 20.03 26.91 1.343289 2021-06-18 12:06:18.130683 9 551 CarloCosmicWatch 886.898716
2 120 23.58 27.13 0.265482 2021-06-18 12:06:18.396165 9 552 CarloCosmicWatch 887.164198
2 71 19.06 26.91 0.105346 2021-06-18 12:06:18.501511 9 553 CarloCosmicWatch 887.269544
2 83 20.46 27.24 0.209115 2021-06-18 12:06:18.710626 9 554 CarloCosmicWatch 887.478659
2 143 25.74 26.91 1.024643 2021-06-18 12:06:19.735269 9 555 CarloCosmicWatch 888.503302
2 71 19.06 26.91 2.712289 2021-06-18 12:06:22.447558 9 556 CarloCosmicWatch 891.215591
2 81 20.25 26.91 1.126648 2021-06-18 12:06:23.574206 9 557 CarloCosmicWatch 892.342239
2 126 24.09 27.13 1.788389 2021-06-18 12:06:25.362595 9 558 CarloCosmicWatch 894.130628
2 76 19.69 26.91 0.033803 2021-06-18 12:06:25.396398 9 559 CarloCosmicWatch 894.164431
2 71 19.06 27.13 2.05546 2021-06-18 12:06:27.451858 9 560 CarloCosmicWatch 896.219891
2 120 23.58 27.13 1.939231 2021-06-18 12:06:29.391089 9 561 CarloCosmicWatch 898.159122
2 327 59.28 27.13 1.881623 2021-06-18 12:06:31.272712 9 562 CarloCosmicWatch 900.040745
2 327 59.28 27.34 1.057711 2021-06-18 12:06:32.330423 9 563 CarloCosmicWatch 901.098456
2 92 21.32 27.34 2.086953 2021-06-18 12:06:34.417376 9 564 CarloCosmicWatch 903.185409
2 60 17.43 27.34 1.297363 2021-06-18 12:06:35.714739 9 565 CarloCosmicWatch 904.482772
2 227 38.83 27.34 0.106255 2021-06-18 12:06:35.820994 9 566 CarloCosmicWatch 904.589027
2 49 15.48 27.34 0.948419 2021-06-18 12:06:36.769413 9 567 CarloCosmicWatch 905.537446
2 57 16.93 27.34 3.041331 2021-06-18 12:06:39.810744 9 568 CarloCosmicWatch 908.578777
2 63 17.91 27.34 3.046402 2021-06-18 12:06:42.857146 9 569 CarloCosmicWatch 911.625179
2 51 15.86 27.34 0.527454 2021-06-18 12:06:43.384600 9 570 CarloCosmicWatch 912.152633
2 108 22.63 26.91 0.144591 2021-06-18 12:06:43.529191 9 571 CarloCosmicWatch 912.297224
2 316 56.81 27.13 1.289588 2021-06-18 12:06:44.818779 9 572 CarloCosmicWatch 913.586812
2 185 31.51 27.34 1.376444 2021-06-18 12:06:46.195223 9 573 CarloCosmicWatch 914.963256
2 220 37.58 27.34 0.463924 2021-06-18 12:06:46.659147 9 574 CarloCosmicWatch 915.42718
