# layer adc volt temp timediff time detector_muon_count detector_count detector_name
2 112 22.94 27.34 0.36445 2021-06-18 12:01:27.484618 4 347 CarloCosmicWatch 596.252651
2 184 31.36 27.34 3.111909 2021-06-18 12:01:30.596527 4 348 CarloCosmicWatch 599.36456
2 335 61.77 27.34 2.557152 2021-06-18 12:01:33.153679 4 349 CarloCosmicWatch 601.921712
0 57 16.93 25.84 0.030598 2021-06-18 12:01:33.184277 3 4 Noor 601.95231
2 70 18.93 27.34 1.607573 2021-06-18 12:01:34.791850 5 350 CarloCosmicWatch 603.559883
2 217 37.04 27.34 1.314899 2021-06-18 12:01:36.106749 5 351 CarloCosmicWatch 604.874782
2 352 66.89 27.34 0.51291 2021-06-18 12:01:36.619659 5 352 CarloCosmicWatch 605.387692
2 510 148.47 26.91 5.465342 2021-06-18 12:01:42.085001 5 353 CarloCosmicWatch 610.853034
2 192 32.67 27.34 2.356118 2021-06-18 12:01:44.441119 5 354 CarloCosmicWatch 613.209152
2 56 16.76 27.34 0.000287 2021-06-18 12:01:44.441406 5 355 CarloCosmicWatch 613.209439
2 846 716.67 27.13 0.00019 2021-06-18 12:01:44.441596 5 356 CarloCosmicWatch 613.209629
2 96 21.67 27.34 0.089673 2021-06-18 12:01:44.531269 5 357 CarloCosmicWatch 613.299302
2 352 66.89 27.34 4.770908 2021-06-18 12:01:49.302177 5 358 CarloCosmicWatch 618.07021
2 51 15.86 27.34 1.001213 2021-06-18 12:01:50.303390 5 359 CarloCosmicWatch 619.071423
2 51 15.86 27.34 1.4307 2021-06-18 12:01:51.734090 5 360 CarloCosmicWatch 620.502123
2 98 21.83 27.34 0.403111 2021-06-18 12:01:52.137201 5 361 CarloCosmicWatch 620.905234
2 67 18.51 27.13 1.467904 2021-06-18 12:01:53.605105 5 362 CarloCosmicWatch 622.373138
2 291 50.97 27.34 2.173102 2021-06-18 12:01:55.778207 5 363 CarloCosmicWatch 624.54624
2 88 20.96 27.34 3.505654 2021-06-18 12:01:59.283861 5 364 CarloCosmicWatch 628.051894
2 199 33.86 27.34 0.658242 2021-06-18 12:01:59.942103 5 365 CarloCosmicWatch 628.710136
2 142 25.64 27.34 1.245101 2021-06-18 12:02:01.187204 5 366 CarloCosmicWatch 629.955237
2 184 31.36 27.34 1.490801 2021-06-18 12:02:02.678005 5 367 CarloCosmicWatch 631.446038
2 83 20.46 27.34 1.496643 2021-06-18 12:02:04.174648 5 368 CarloCosmicWatch 632.942681
2 174 29.79 27.34 1.154374 2021-06-18 12:02:05.329022 5 369 CarloCosmicWatch 634.097055
2 376 76.43 27.13 0.746002 2021-06-18 12:02:06.075024 5 370 CarloCosmicWatch 634.843057
2 71 19.06 27.34 1.924511 2021-06-18 12:02:07.999535 5 371 CarloCosmicWatch 636.767568
2 162 28.06 27.34 2.949315 2021-06-18 12:02:10.948850 5 372 CarloCosmicWatch 639.716883
2 102 22.15 27.13 2.168353 2021-06-18 12:02:13.117203 5 373 CarloCosmicWatch 641.885236
2 88 20.96 27.34 9.906906 2021-06-18 12:02:23.024109 5 374 CarloCosmicWatch 651.792142
2 291 50.97 27.34 0.516799 2021-06-18 12:02:23.540908 5 375 CarloCosmicWatch 652.308941
2 81 20.25 27.13 4.154002 2021-06-18 12:02:27.694910 5 376 CarloCosmicWatch 656.462943
1 62 17.75 24.44 0.033789 2021-06-18 12:02:27.728699 1 2 MattiaCosmicWatch 656.496732
2 304 53.73 27.34 0.026418 2021-06-18 12:02:27.755117 6 377 CarloCosmicWatch 656.52315
2 252 43.42 27.34 2.79273 2021-06-18 12:02:30.547847 6 378 CarloCosmicWatch 659.31588
2 79 20.03 27.34 1.371338 2021-06-18 12:02:31.919185 6 379 CarloCosmicWatch 660.687218
2 63 17.91 27.13 2.773672 2021-06-18 12:02:34.692857 6 380 CarloCosmicWatch 663.46089
2 268 46.26 27.13 0.03371 2021-06-18 12:02:34.726567 6 381 CarloCosmicWatch 663.4946
2 126 24.09 27.13 1.58363 2021-06-18 12:02:36.310197 6 382 CarloCosmicWatch 665.07823
2 60 17.43 27.34 1.348569 2021-06-18 12:02:37.658766 6 383 CarloCosmicWatch 666.426799
2 49 15.48 27.34 0.079262 2021-06-18 12:02:37.738028 6 384 CarloCosmicWatch 666.506061
2 112 22.94 27.34 0.969693 2021-06-18 12:02:38.707721 6 385 CarloCosmicWatch 667.475754
2 110 22.78 27.34 6.490681 2021-06-18 12:02:45.198402 6 386 CarloCosmicWatch 673.966435
2 62 17.75 27.34 1.032013 2021-06-18 12:02:46.230415 6 387 CarloCosmicWatch 674.998448
2 79 20.03 27.34 0.555591 2021-06-18 12:02:46.786006 6 388 CarloCosmicWatch 675.554039
2 243 41.74 27.34 0.498807 2021-06-18 12:02:47.284813 6 389 CarloCosmicWatch 676.052846
2 216 36.85 27.34 0.745424 2021-06-18 12:02:48.030237 6 390 CarloCosmicWatch 676.79827
2 70 18.93 27.34 1.737563 2021-06-18 12:02:49.767800 6 391 CarloCosmicWatch 678.535833
2 88 20.96 27.34 1.128909 2021-06-18 12:02:50.896709 6 392 CarloCosmicWatch 679.664742
2 83 20.46 27.13 2.603802 2021-06-18 12:02:53.500511 6 393 CarloCosmicWatch 682.268544
2 124 23.92 27.34 0.03366 2021-06-18 12:02:53.534171 6 394 CarloCosmicWatch 682.302204
