# layer adc volt temp timediff time detector_muon_count detector_count detector_name
2 76 19.69 27.34 0.920313 2021-06-18 11:59:44.051954 3 298 CarloCosmicWatch 492.819987
2 152 26.78 27.24 0.642176 2021-06-18 11:59:44.694130 3 299 CarloCosmicWatch 493.462163
2 63 17.91 27.13 0.145964 2021-06-18 11:59:44.840094 3 300 CarloCosmicWatch 493.608127
2 165 28.48 27.34 0.944758 2021-06-18 11:59:45.784852 3 301 CarloCosmicWatch 494.552885
2 71 19.06 27.13 0.49095 2021-06-18 11:59:46.275802 3 302 CarloCosmicWatch 495.043835
2 140 25.42 27.34 3.365205 2021-06-18 11:59:49.641007 3 303 CarloCosmicWatch 498.40904
2 71 19.06 27.34 0.764686 2021-06-18 11:59:50.405693 3 304 CarloCosmicWatch 499.173726
2 60 17.43 27.34 2.593483 2021-06-18 11:59:52.999176 3 305 CarloCosmicWatch 501.767209
2 184 31.36 27.34 1.675251 2021-06-18 11:59:54.674427 3 306 CarloCosmicWatch 503.44246
2 195 33.17 27.34 4.033277 2021-06-18 11:59:58.707704 3 307 CarloCosmicWatch 507.475737
2 207 35.26 27.34 1.019145 2021-06-18 11:59:59.726849 3 308 CarloCosmicWatch 508.494882
2 92 21.32 27.34 5.450512 2021-06-18 12:00:05.177361 3 309 CarloCosmicWatch 513.945394
2 163 28.20 27.34 0.388275 2021-06-18 12:00:05.565636 3 310 CarloCosmicWatch 514.333669
2 207 35.26 27.34 3.630655 2021-06-18 12:00:09.196291 3 311 CarloCosmicWatch 517.964324
2 448 112.41 27.34 1.929024 2021-06-18 12:00:11.125315 3 312 CarloCosmicWatch 519.893348
2 79 20.03 27.34 3.753506 2021-06-18 12:00:14.878821 3 313 CarloCosmicWatch 523.646854
2 255 43.96 27.34 0.690306 2021-06-18 12:00:15.569127 3 314 CarloCosmicWatch 524.33716
2 489 138.11 27.34 0.120601 2021-06-18 12:00:15.689728 3 315 CarloCosmicWatch 524.457761
2 63 17.91 27.34 0.67097 2021-06-18 12:00:16.360698 3 316 CarloCosmicWatch 525.128731
2 79 20.03 27.13 1.504404 2021-06-18 12:00:17.865102 3 317 CarloCosmicWatch 526.633135
2 115 23.18 27.34 0.106418 2021-06-18 12:00:17.971520 3 318 CarloCosmicWatch 526.739553
2 259 44.69 27.34 0.409058 2021-06-18 12:00:18.380578 3 319 CarloCosmicWatch 527.148611
2 176 30.09 27.34 1.304107 2021-06-18 12:00:19.684685 3 320 CarloCosmicWatch 528.452718
0 115 23.18 26.05 5.084911 2021-06-18 12:00:24.769596 2 3 Noor 533.537629
2 56 16.76 27.34 0.016887 2021-06-18 12:00:24.786483 3 321 CarloCosmicWatch 533.554516
2 92 21.32 27.34 3.318208 2021-06-18 12:00:28.104691 4 322 CarloCosmicWatch 536.872724
2 63 17.91 27.34 1.98933 2021-06-18 12:00:30.094021 4 323 CarloCosmicWatch 538.862054
2 248 42.69 27.34 4.993836 2021-06-18 12:00:35.087857 4 324 CarloCosmicWatch 543.85589
2 99 21.91 27.13 0.582664 2021-06-18 12:00:35.670521 4 325 CarloCosmicWatch 544.438554
2 133 24.73 27.34 0.033746 2021-06-18 12:00:35.704267 4 326 CarloCosmicWatch 544.4723
2 48 15.29 27.34 1.708146 2021-06-18 12:00:37.412413 4 327 CarloCosmicWatch 546.180446
2 83 20.46 27.34 1.098144 2021-06-18 12:00:38.510557 4 328 CarloCosmicWatch 547.27859
2 504 143.61 27.34 0.909007 2021-06-18 12:00:39.419564 4 329 CarloCosmicWatch 548.187597
2 51 15.86 27.34 4.30329 2021-06-18 12:00:43.722854 4 330 CarloCosmicWatch 552.490887
2 63 17.91 26.91 2.443462 2021-06-18 12:00:46.166316 4 331 CarloCosmicWatch 554.934349
2 103 22.23 27.13 1.917001 2021-06-18 12:00:48.083317 4 332 CarloCosmicWatch 556.85135
2 79 20.03 27.13 0.520101 2021-06-18 12:00:48.603418 4 333 CarloCosmicWatch 557.371451
2 167 28.76 27.34 1.224113 2021-06-18 12:00:49.827531 4 334 CarloCosmicWatch 558.595564
2 202 34.38 26.91 1.762557 2021-06-18 12:00:51.590088 4 335 CarloCosmicWatch 560.358121
2 82 20.36 26.91 0.267353 2021-06-18 12:00:51.857441 4 336 CarloCosmicWatch 560.625474
2 206 35.07 27.34 2.364939 2021-06-18 12:00:54.222380 4 337 CarloCosmicWatch 562.990413
2 79 20.03 27.34 0.534687 2021-06-18 12:00:54.757067 4 338 CarloCosmicWatch 563.5251
2 59 17.27 27.34 0.984866 2021-06-18 12:00:55.741933 4 339 CarloCosmicWatch 564.509966
2 127 24.18 27.34 3.710964 2021-06-18 12:00:59.452897 4 340 CarloCosmicWatch 568.22093
2 255 43.96 27.34 5.254494 2021-06-18 12:01:04.707391 4 341 CarloCosmicWatch 573.475424
2 147 26.19 27.24 0.459988 2021-06-18 12:01:05.167379 4 342 CarloCosmicWatch 573.935412
2 76 19.69 27.34 16.501344 2021-06-18 12:01:21.668723 4 343 CarloCosmicWatch 590.436756
2 67 18.51 27.34 4.012696 2021-06-18 12:01:25.681419 4 344 CarloCosmicWatch 594.449452
2 414 93.93 26.70 1.034083 2021-06-18 12:01:26.715502 4 345 CarloCosmicWatch 595.483535
2 67 18.51 27.34 0.404666 2021-06-18 12:01:27.120168 4 346 CarloCosmicWatch 595.888201
