# layer adc volt temp timediff time detector_muon_count detector_count detector_name
2 177 30.25 26.91 0.169865 2021-06-18 12:05:11.225659 7 494 CarloCosmicWatch 819.993692
2 159 27.66 26.91 0.033721 2021-06-18 12:05:11.259380 7 495 CarloCosmicWatch 820.027413
2 152 26.78 26.70 1.764109 2021-06-18 12:05:13.023489 7 496 CarloCosmicWatch 821.791522
1 481 129.57 24.44 2.736209 2021-06-18 12:05:15.759698 3 4 MattiaCosmicWatch 824.527731
2 67 18.51 26.91 0.032434 2021-06-18 12:05:15.792132 7 497 CarloCosmicWatch 824.560165
2 57 16.93 26.70 0.985387 2021-06-18 12:05:16.777519 8 498 CarloCosmicWatch 825.545552
2 60 17.43 26.91 5.658876 2021-06-18 12:05:22.436395 8 499 CarloCosmicWatch 831.204428
2 231 39.55 27.13 1.845882 2021-06-18 12:05:24.282277 8 500 CarloCosmicWatch 833.05031
2 71 19.06 26.91 0.238581 2021-06-18 12:05:24.520858 8 501 CarloCosmicWatch 833.288891
2 281 48.90 26.91 0.901685 2021-06-18 12:05:25.422543 8 502 CarloCosmicWatch 834.190576
2 112 22.94 26.91 0.560478 2021-06-18 12:05:25.983021 8 503 CarloCosmicWatch 834.751054
2 167 28.76 26.70 1.010012 2021-06-18 12:05:26.993033 8 504 CarloCosmicWatch 835.761066
2 60 17.43 26.70 2.397264 2021-06-18 12:05:29.390297 8 505 CarloCosmicWatch 838.15833
2 184 31.36 26.91 0.148221 2021-06-18 12:05:29.538518 8 506 CarloCosmicWatch 838.306551
2 131 24.54 26.70 0.200201 2021-06-18 12:05:29.738719 8 507 CarloCosmicWatch 838.506752
2 49 15.48 26.70 1.741053 2021-06-18 12:05:31.479772 8 508 CarloCosmicWatch 840.247805
2 103 22.23 26.70 1.014237 2021-06-18 12:05:32.494009 8 509 CarloCosmicWatch 841.262042
2 99 21.91 26.70 3.383182 2021-06-18 12:05:35.877191 8 510 CarloCosmicWatch 844.645224
2 67 18.51 26.91 1.107353 2021-06-18 12:05:36.984544 8 511 CarloCosmicWatch 845.752577
2 286 49.78 26.91 0.248372 2021-06-18 12:05:37.232916 8 512 CarloCosmicWatch 846.000949
2 156 27.28 26.91 1.323179 2021-06-18 12:05:38.556095 8 513 CarloCosmicWatch 847.324128
2 103 22.23 26.91 1.245419 2021-06-18 12:05:39.801514 8 514 CarloCosmicWatch 848.569547
2 50 15.67 26.91 0.385674 2021-06-18 12:05:40.187188 8 515 CarloCosmicWatch 848.955221
2 67 18.51 26.91 0.166974 2021-06-18 12:05:40.354162 8 516 CarloCosmicWatch 849.122195
2 467 121.56 26.70 0.44383 2021-06-18 12:05:40.797992 8 517 CarloCosmicWatch 849.566025
2 62 17.75 26.91 2.781114 2021-06-18 12:05:43.579106 8 518 CarloCosmicWatch 852.347139
2 143 25.74 26.91 3.013988 2021-06-18 12:05:46.593094 8 519 CarloCosmicWatch 855.361127
2 252 43.42 26.91 0.875096 2021-06-18 12:05:47.468190 8 520 CarloCosmicWatch 856.236223
2 70 18.93 27.13 0.483624 2021-06-18 12:05:47.951814 8 521 CarloCosmicWatch 856.719847
2 51 15.86 26.91 1.001892 2021-06-18 12:05:48.953706 8 522 CarloCosmicWatch 857.721739
2 71 19.06 26.70 0.448013 2021-06-18 12:05:49.401719 8 523 CarloCosmicWatch 858.169752
2 179 30.55 26.91 0.797762 2021-06-18 12:05:50.199481 8 524 CarloCosmicWatch 858.967514
2 60 17.43 26.91 0.994168 2021-06-18 12:05:51.193649 8 525 CarloCosmicWatch 859.961682
2 70 18.93 26.91 0.367406 2021-06-18 12:05:51.561055 8 526 CarloCosmicWatch 860.329088
2 71 19.06 27.02 0.824244 2021-06-18 12:05:52.385299 8 527 CarloCosmicWatch 861.153332
2 99 21.91 26.70 0.21713 2021-06-18 12:05:52.602429 8 528 CarloCosmicWatch 861.370462
2 71 19.06 26.91 2.900732 2021-06-18 12:05:55.503161 8 529 CarloCosmicWatch 864.271194
2 92 21.32 27.13 0.619585 2021-06-18 12:05:56.122746 8 530 CarloCosmicWatch 864.890779
2 76 19.69 26.91 1.161791 2021-06-18 12:05:57.284537 8 531 CarloCosmicWatch 866.05257
2 66 18.36 26.91 2.013232 2021-06-18 12:05:59.297769 8 532 CarloCosmicWatch 868.065802
2 423 97.36 26.81 1.05561 2021-06-18 12:06:00.353379 8 533 CarloCosmicWatch 869.121412
2 102 22.15 26.70 0.183418 2021-06-18 12:06:00.536797 8 534 CarloCosmicWatch 869.30483
2 120 23.58 27.13 0.870507 2021-06-18 12:06:01.407304 8 535 CarloCosmicWatch 870.175337
2 92 21.32 27.34 3.208202 2021-06-18 12:06:04.615506 8 536 CarloCosmicWatch 873.383539
2 327 59.28 26.91 0.184183 2021-06-18 12:06:04.799689 8 537 CarloCosmicWatch 873.567722
2 60 17.43 26.91 0.643335 2021-06-18 12:06:05.443024 8 538 CarloCosmicWatch 874.211057
2 63 17.91 26.91 0.951727 2021-06-18 12:06:06.394751 8 539 CarloCosmicWatch 875.162784
2 270 46.71 27.34 1.010344 2021-06-18 12:06:07.405095 8 540 CarloCosmicWatch 876.173128
2 103 22.23 27.13 0.440921 2021-06-18 12:06:07.846016 8 541 CarloCosmicWatch 876.614049
0 67 18.51 25.73 0.030516 2021-06-18 12:06:07.876532 4 5 Noor 876.644565
