# layer adc volt temp timediff time detector_muon_count detector_count detector_name
2 76 19.69 26.70 0.679513 2021-06-18 11:55:32.035781 1 150 CarloCosmicWatch 240.803814
2 88 20.96 26.70 0.805424 2021-06-18 11:55:32.841205 1 151 CarloCosmicWatch 241.609238
2 57 16.93 26.91 1.166167 2021-06-18 11:55:34.007372 1 152 CarloCosmicWatch 242.775405
2 217 37.04 26.70 0.917642 2021-06-18 11:55:34.925014 1 153 CarloCosmicWatch 243.693047
2 224 38.29 26.70 0.998526 2021-06-18 11:55:35.923540 1 154 CarloCosmicWatch 244.691573
2 110 22.78 26.70 0.446665 2021-06-18 11:55:36.370205 1 155 CarloCosmicWatch 245.138238
2 391 82.35 26.70 2.299985 2021-06-18 11:55:38.670190 1 156 CarloCosmicWatch 247.438223
2 152 26.78 26.70 0.12919 2021-06-18 11:55:38.799380 1 157 CarloCosmicWatch 247.567413
2 227 38.83 26.91 1.288307 2021-06-18 11:55:40.087687 1 158 CarloCosmicWatch 248.85572
2 56 16.76 26.81 3.798576 2021-06-18 11:55:43.886263 1 159 CarloCosmicWatch 252.654296
2 97 21.75 26.91 1.984267 2021-06-18 11:55:45.870530 1 160 CarloCosmicWatch 254.638563
2 63 17.91 26.91 0.457195 2021-06-18 11:55:46.327725 1 161 CarloCosmicWatch 255.095758
2 49 15.48 26.70 2.28749 2021-06-18 11:55:48.615215 1 162 CarloCosmicWatch 257.383248
2 57 16.93 26.91 0.138298 2021-06-18 11:55:48.753513 1 163 CarloCosmicWatch 257.521546
2 115 23.18 27.13 2.148963 2021-06-18 11:55:50.902476 1 164 CarloCosmicWatch 259.670509
2 147 26.19 26.91 3.707397 2021-06-18 11:55:54.609873 1 165 CarloCosmicWatch 263.377906
2 240 41.21 27.13 2.114453 2021-06-18 11:55:56.724326 1 166 CarloCosmicWatch 265.492359
2 60 17.43 27.34 5.000704 2021-06-18 11:56:01.725030 1 167 CarloCosmicWatch 270.493063
2 92 21.32 27.13 0.396212 2021-06-18 11:56:02.121242 1 168 CarloCosmicWatch 270.889275
2 353 67.64 26.91 5.596511 2021-06-18 11:56:07.717753 1 169 CarloCosmicWatch 276.485786
2 179 30.55 27.34 1.466618 2021-06-18 11:56:09.184371 1 170 CarloCosmicWatch 277.952404
2 78 19.92 27.13 0.814685 2021-06-18 11:56:09.999056 1 171 CarloCosmicWatch 278.767089
2 201 34.22 27.13 1.481389 2021-06-18 11:56:11.480445 1 172 CarloCosmicWatch 280.248478
2 103 22.23 26.91 0.19084 2021-06-18 11:56:11.671285 1 173 CarloCosmicWatch 280.439318
2 112 22.94 27.34 0.944945 2021-06-18 11:56:12.616230 1 174 CarloCosmicWatch 281.384263
2 248 42.69 27.34 0.939186 2021-06-18 11:56:13.555416 1 175 CarloCosmicWatch 282.323449
2 240 41.21 27.13 1.004989 2021-06-18 11:56:14.560405 1 176 CarloCosmicWatch 283.328438
2 63 17.91 27.13 1.271993 2021-06-18 11:56:15.832398 1 177 CarloCosmicWatch 284.600431
2 81 20.25 27.13 0.780126 2021-06-18 11:56:16.612524 1 178 CarloCosmicWatch 285.380557
2 332 61.17 27.34 1.239434 2021-06-18 11:56:17.851958 1 179 CarloCosmicWatch 286.619991
2 60 17.43 27.34 0.631635 2021-06-18 11:56:18.483593 1 180 CarloCosmicWatch 287.251626
2 56 16.76 27.34 0.536931 2021-06-18 11:56:19.020524 1 181 CarloCosmicWatch 287.788557
2 249 42.85 27.34 1.823662 2021-06-18 11:56:20.844186 1 182 CarloCosmicWatch 289.612219
2 56 16.76 27.34 0.225802 2021-06-18 11:56:21.069988 1 183 CarloCosmicWatch 289.838021
2 78 19.92 27.34 0.220359 2021-06-18 11:56:21.290347 1 184 CarloCosmicWatch 290.05838
2 57 16.93 27.34 4.654825 2021-06-18 11:56:25.945172 1 185 CarloCosmicWatch 294.713205
2 62 17.75 26.91 2.914171 2021-06-18 11:56:28.859343 1 186 CarloCosmicWatch 297.627376
2 302 53.30 26.91 2.825483 2021-06-18 11:56:31.684826 1 187 CarloCosmicWatch 300.452859
2 126 24.09 27.34 0.645537 2021-06-18 11:56:32.330363 1 188 CarloCosmicWatch 301.098396
2 103 22.23 27.34 1.334813 2021-06-18 11:56:33.665176 1 189 CarloCosmicWatch 302.433209
2 57 16.93 27.34 1.927939 2021-06-18 11:56:35.593115 1 190 CarloCosmicWatch 304.361148
2 243 41.74 27.13 1.413061 2021-06-18 11:56:37.006176 1 191 CarloCosmicWatch 305.774209
2 71 19.06 27.13 2.866614 2021-06-18 11:56:39.872790 1 192 CarloCosmicWatch 308.640823
2 348 65.64 27.13 3.359377 2021-06-18 11:56:43.232167 1 193 CarloCosmicWatch 312.0002
2 82 20.36 27.34 2.591792 2021-06-18 11:56:45.823959 1 194 CarloCosmicWatch 314.591992
2 300 52.79 27.34 0.671438 2021-06-18 11:56:46.495397 1 195 CarloCosmicWatch 315.26343
2 97 21.75 27.34 1.283144 2021-06-18 11:56:47.778541 1 196 CarloCosmicWatch 316.546574
2 103 22.23 27.34 2.090045 2021-06-18 11:56:49.868586 1 197 CarloCosmicWatch 318.636619
2 319 57.64 27.34 0.477003 2021-06-18 11:56:50.345589 1 198 CarloCosmicWatch 319.113622
2 92 21.32 27.34 3.36186 2021-06-18 11:56:53.707449 1 199 CarloCosmicWatch 322.475482
