# layer adc volt temp timediff time detector_muon_count detector_count detector_name
2 67 18.51 26.70 10 2021-06-18 11:51:31.791980 0 1 CarloCosmicWatch 0.560013
2 206 35.07 26.48 1.293339 2021-06-18 11:51:33.085319 0 2 CarloCosmicWatch 1.853352
2 71 19.06 26.48 2.731667 2021-06-18 11:51:35.816986 0 3 CarloCosmicWatch 4.585019
2 127 24.18 26.70 0.059443 2021-06-18 11:51:35.876429 0 4 CarloCosmicWatch 4.644462
2 152 26.78 26.48 2.626393 2021-06-18 11:51:38.502822 0 5 CarloCosmicWatch 7.270855
2 120 23.58 26.48 0.610883 2021-06-18 11:51:39.113705 0 6 CarloCosmicWatch 7.881738
2 108 22.63 26.48 0.670668 2021-06-18 11:51:39.784373 0 7 CarloCosmicWatch 8.552406
2 524 150.73 26.27 0.195384 2021-06-18 11:51:39.979757 0 8 CarloCosmicWatch 8.74779
2 199 33.86 26.48 6.875144 2021-06-18 11:51:46.854901 0 9 CarloCosmicWatch 15.622934
2 50 15.67 26.59 1.542779 2021-06-18 11:51:48.397680 0 10 CarloCosmicWatch 17.165713
2 207 35.26 26.59 0.354459 2021-06-18 11:51:48.752139 0 11 CarloCosmicWatch 17.520172
2 120 23.58 26.38 1.252912 2021-06-18 11:51:50.005051 0 12 CarloCosmicWatch 18.773084
2 460 119.54 26.27 1.046942 2021-06-18 11:51:51.051993 0 13 CarloCosmicWatch 19.820026
2 99 21.91 26.27 0.339922 2021-06-18 11:51:51.391915 0 14 CarloCosmicWatch 20.159948
2 103 22.23 26.70 2.495046 2021-06-18 11:51:53.886961 0 15 CarloCosmicWatch 22.654994
2 48 15.29 26.48 0.233179 2021-06-18 11:51:54.120140 0 16 CarloCosmicWatch 22.888173
2 99 21.91 26.59 2.773544 2021-06-18 11:51:56.893684 0 17 CarloCosmicWatch 25.661717
2 71 19.06 26.48 1.963443 2021-06-18 11:51:58.857127 0 18 CarloCosmicWatch 27.62516
2 51 15.86 26.48 0.421493 2021-06-18 11:51:59.278620 0 19 CarloCosmicWatch 28.046653
2 92 21.32 26.38 0.532928 2021-06-18 11:51:59.811548 0 20 CarloCosmicWatch 28.579581
2 224 38.29 26.48 1.29276 2021-06-18 11:52:01.104308 0 21 CarloCosmicWatch 29.872341
2 140 25.42 26.70 2.067242 2021-06-18 11:52:03.171550 0 22 CarloCosmicWatch 31.939583
2 115 23.18 26.27 3.268246 2021-06-18 11:52:06.439796 0 23 CarloCosmicWatch 35.207829
2 259 44.69 26.27 0.643674 2021-06-18 11:52:07.083470 0 24 CarloCosmicWatch 35.851503
2 56 16.76 26.27 1.637097 2021-06-18 11:52:08.720567 0 25 CarloCosmicWatch 37.4886
2 114 23.10 26.27 0.29228 2021-06-18 11:52:09.012847 0 26 CarloCosmicWatch 37.78088
2 78 19.92 26.38 0.436863 2021-06-18 11:52:09.449710 0 27 CarloCosmicWatch 38.217743
2 508 144.95 26.16 1.189528 2021-06-18 11:52:10.639238 0 28 CarloCosmicWatch 39.407271
2 79 20.03 26.59 0.327768 2021-06-18 11:52:10.967006 0 29 CarloCosmicWatch 39.735039
2 124 23.92 26.48 1.224061 2021-06-18 11:52:12.191067 0 30 CarloCosmicWatch 40.9591
2 60 17.43 26.27 0.11839 2021-06-18 11:52:12.309457 0 31 CarloCosmicWatch 41.07749
2 89 21.05 26.27 0.471511 2021-06-18 11:52:12.780968 0 32 CarloCosmicWatch 41.549001
2 325 59.05 26.27 0.781337 2021-06-18 11:52:13.562305 0 33 CarloCosmicWatch 42.330338
2 73 19.32 26.48 0.26937 2021-06-18 11:52:13.831675 0 34 CarloCosmicWatch 42.599708
2 79 20.03 26.27 0.561843 2021-06-18 11:52:14.393518 0 35 CarloCosmicWatch 43.161551
2 88 20.96 26.59 2.046951 2021-06-18 11:52:16.440469 0 36 CarloCosmicWatch 45.208502
2 96 21.67 26.38 0.296007 2021-06-18 11:52:16.736476 0 37 CarloCosmicWatch 45.504509
2 71 19.06 26.48 4.860556 2021-06-18 11:52:21.597032 0 38 CarloCosmicWatch 50.365065
2 76 19.69 26.48 1.18236 2021-06-18 11:52:22.779392 0 39 CarloCosmicWatch 51.547425
2 56 16.76 26.70 1.186157 2021-06-18 11:52:23.965549 0 40 CarloCosmicWatch 52.733582
2 153 26.90 26.48 4.350477 2021-06-18 11:52:28.316026 0 41 CarloCosmicWatch 57.084059
2 56 16.76 26.48 4.992868 2021-06-18 11:52:33.308894 0 42 CarloCosmicWatch 62.076927
2 140 25.42 26.48 0.529673 2021-06-18 11:52:33.838567 0 43 CarloCosmicWatch 62.6066
2 414 93.93 26.27 0.299185 2021-06-18 11:52:34.137752 0 44 CarloCosmicWatch 62.905785
2 526 158.17 26.48 0.332093 2021-06-18 11:52:34.469845 0 45 CarloCosmicWatch 63.237878
2 114 23.10 26.70 2.157213 2021-06-18 11:52:36.627058 0 46 CarloCosmicWatch 65.395091
2 176 30.09 26.70 0.774813 2021-06-18 11:52:37.401871 0 47 CarloCosmicWatch 66.169904
2 96 21.67 26.91 3.455589 2021-06-18 11:52:40.857460 0 48 CarloCosmicWatch 69.625493
2 199 33.86 26.70 1.221989 2021-06-18 11:52:42.079449 0 49 CarloCosmicWatch 70.847482
2 131 24.54 26.70 1.605873 2021-06-18 11:52:43.685322 0 50 CarloCosmicWatch 72.453355
