# layer adc volt temp timediff time detector_muon_count detector_count detector_name
2 242 41.58 24.44 10 2021-06-21 15:13:45.678449 0 1 MattiaCosmicWatch 2.104235
1 97 21.75 26.05 0.786998 2021-06-21 15:13:46.465447 0 1 Cecile 2.891233
0 480 130.21 25.95 0.493538 2021-06-21 15:13:46.958985 0 1 Florian 3.384771
0 96 21.67 26.05 0.033752 2021-06-21 15:13:46.992737 0 2 Florian 3.418523
0 57 16.93 25.73 0.285367 2021-06-21 15:13:47.278104 0 3 Florian 3.70389
0 184 31.36 26.05 0.613216 2021-06-21 15:13:47.891320 0 4 Florian 4.317106
2 57 16.93 6.72 1.543315 2021-06-21 15:13:49.434635 0 1 rens 5.860421
0 255 43.96 26.05 0.577032 2021-06-21 15:13:50.011667 0 5 Florian 6.437453
2 99 21.91 24.44 0.969448 2021-06-21 15:13:50.981115 0 2 MattiaCosmicWatch 7.406901
0 63 17.91 26.05 0.390056 2021-06-21 15:13:51.371171 0 6 Florian 7.796957
0 57 16.93 26.05 0.262384 2021-06-21 15:13:51.633555 0 7 Florian 8.059341
0 51 15.86 26.05 1.149047 2021-06-21 15:13:52.782602 0 8 Florian 9.208388
2 415 95.00 24.44 0.016774 2021-06-21 15:13:52.799376 0 3 MattiaCosmicWatch 9.225162
0 216 36.85 26.05 0.238149 2021-06-21 15:13:53.037525 1 9 Florian 9.463311
0 231 39.55 26.05 0.277488 2021-06-21 15:13:53.315013 1 10 Florian 9.740799
1 448 112.41 26.05 0.878603 2021-06-21 15:13:54.193616 0 2 Cecile 10.619402
2 105 22.39 24.44 0.771334 2021-06-21 15:13:54.964950 1 4 MattiaCosmicWatch 11.390736
0 482 129.60 26.05 0.027337 2021-06-21 15:13:54.992287 1 11 Florian 11.418073
0 89 21.05 26.05 0.084835 2021-06-21 15:13:55.077122 2 12 Florian 11.502908
0 67 18.51 26.05 0.680418 2021-06-21 15:13:55.757540 2 13 Florian 12.183326
0 391 82.35 26.05 0.185011 2021-06-21 15:13:55.942551 2 14 Florian 12.368337
0 70 18.93 26.05 0.69775 2021-06-21 15:13:56.640301 2 15 Florian 13.066087
0 71 19.06 26.05 0.527125 2021-06-21 15:13:57.167426 2 16 Florian 13.593212
0 56 16.76 26.05 0.857567 2021-06-21 15:13:58.024993 2 17 Florian 14.450779
0 71 19.06 26.05 1.013179 2021-06-21 15:13:59.038172 2 18 Florian 15.463958
0 103 22.23 26.05 0.676256 2021-06-21 15:13:59.714428 2 19 Florian 16.140214
0 103 22.23 26.05 0.033521 2021-06-21 15:13:59.747949 2 20 Florian 16.173735
0 63 17.91 25.84 0.284253 2021-06-21 15:14:00.032202 2 21 Florian 16.457988
0 432 101.61 26.05 0.087357 2021-06-21 15:14:00.119559 2 22 Florian 16.545345
1 51 15.86 26.05 0.234577 2021-06-21 15:14:00.354136 0 3 Cecile 16.779922
0 60 17.43 26.05 0.902581 2021-06-21 15:14:01.256717 2 23 Florian 17.682503
0 225 38.48 26.05 0.682893 2021-06-21 15:14:01.939610 2 24 Florian 18.365396
2 159 27.66 24.44 1.683684 2021-06-21 15:14:03.623294 2 5 MattiaCosmicWatch 20.04908
0 167 28.76 26.05 0.397532 2021-06-21 15:14:04.020826 2 25 Florian 20.446612
1 307 54.48 26.05 1.466633 2021-06-21 15:14:05.487459 0 4 Cecile 21.913245
2 89 21.05 24.44 0.578661 2021-06-21 15:14:06.066120 2 6 MattiaCosmicWatch 22.491906
0 99 21.91 26.05 1.34532 2021-06-21 15:14:07.411440 2 26 Florian 23.837226
0 224 38.29 26.05 0.98131 2021-06-21 15:14:08.392750 2 27 Florian 24.818536
2 96 21.67 12.84 0.259173 2021-06-21 15:14:08.651923 0 2 rens 25.077709
0 71 19.06 26.05 0.069511 2021-06-21 15:14:08.721434 2 28 Florian 25.14722
0 192 32.67 26.05 0.702118 2021-06-21 15:14:09.423552 2 29 Florian 25.849338
2 177 30.25 24.44 0.46077 2021-06-21 15:14:09.884322 2 7 MattiaCosmicWatch 26.310108
2 204 34.73 32.18 0.829362 2021-06-21 15:14:10.713684 0 3 rens 27.13947
2 455 117.03 24.44 0.069529 2021-06-21 15:14:10.783213 2 8 MattiaCosmicWatch 27.208999
0 211 35.96 26.27 1.517189 2021-06-21 15:14:12.300402 2 30 Florian 28.726188
0 127 24.18 26.05 1.687917 2021-06-21 15:14:13.988319 2 31 Florian 30.414105
2 518 151.06 24.44 0.120962 2021-06-21 15:14:14.109281 2 9 MattiaCosmicWatch 30.535067
0 307 54.48 26.05 0.029472 2021-06-21 15:14:14.138753 2 32 Florian 30.564539
0 63 17.91 26.05 0.023985 2021-06-21 15:14:14.162738 3 33 Florian 30.588524
2 79 20.03 24.44 2.64212 2021-06-21 15:14:16.804858 3 10 MattiaCosmicWatch 33.230644
2 178 30.40 24.44 1.016068 2021-06-21 15:14:17.820926 3 11 MattiaCosmicWatch 34.246712
0 67 18.51 26.05 2.206357 2021-06-21 15:14:20.027283 3 34 Florian 36.453069
0 57 16.93 26.05 0.212616 2021-06-21 15:14:20.239899 3 35 Florian 36.665685
0 121 23.66 26.05 0.976497 2021-06-21 15:14:21.216396 3 36 Florian 37.642182
0 231 39.55 26.05 0.855925 2021-06-21 15:14:22.072321 3 37 Florian 38.498107
0 79 20.03 26.05 0.691431 2021-06-21 15:14:22.763752 3 38 Florian 39.189538
0 57 16.93 26.05 0.502332 2021-06-21 15:14:23.266084 3 39 Florian 39.69187
0 451 113.08 26.05 1.603721 2021-06-21 15:14:24.869805 3 40 Florian 41.295591
2 177 30.25 28.74 2.463841 2021-06-21 15:14:27.333646 0 4 rens 43.759432
2 92 21.32 24.44 1.550255 2021-06-21 15:14:28.883901 3 12 MattiaCosmicWatch 45.309687
0 287 50.23 26.05 0.095723 2021-06-21 15:14:28.979624 3 41 Florian 45.40541
0 391 82.35 26.05 1.895008 2021-06-21 15:14:30.874632 3 42 Florian 47.300418
0 194 33.00 26.05 0.533119 2021-06-21 15:14:31.407751 3 43 Florian 47.833537
0 231 39.55 26.05 0.268414 2021-06-21 15:14:31.676165 3 44 Florian 48.101951
0 268 46.26 26.05 0.25527 2021-06-21 15:14:31.931435 3 45 Florian 48.357221
0 216 36.85 26.05 2.253074 2021-06-21 15:14:34.184509 3 46 Florian 50.610295
2 408 90.57 24.44 0.352887 2021-06-21 15:14:34.537396 3 13 MattiaCosmicWatch 50.963182
0 284 49.41 26.05 2.862593 2021-06-21 15:14:37.399989 3 47 Florian 53.825775
0 78 19.92 26.05 0.973748 2021-06-21 15:14:38.373737 3 48 Florian 54.799523
0 177 30.25 26.05 0.353515 2021-06-21 15:14:38.727252 3 49 Florian 55.153038
0 224 38.29 26.05 0.415303 2021-06-21 15:14:39.142555 3 50 Florian 55.568341
0 60 17.43 26.05 0.956196 2021-06-21 15:14:40.098751 3 51 Florian 56.524537
0 49 15.48 26.05 0.30826 2021-06-21 15:14:40.407011 3 52 Florian 56.832797
0 88 20.96 26.05 1.579988 2021-06-21 15:14:41.986999 3 53 Florian 58.412785
0 199 33.86 26.05 1.139542 2021-06-21 15:14:43.126541 3 54 Florian 59.552327
0 284 49.41 26.05 0.589924 2021-06-21 15:14:43.716465 3 55 Florian 60.142251
0 163 28.20 26.05 0.173898 2021-06-21 15:14:43.890363 3 56 Florian 60.316149
2 125 24.00 19.61 0.476806 2021-06-21 15:14:44.367169 0 5 rens 60.792955
0 172 29.49 26.05 1.583483 2021-06-21 15:14:45.950652 3 57 Florian 62.376438
0 238 40.82 26.05 0.099229 2021-06-21 15:14:46.049881 3 58 Florian 62.475667
0 71 19.06 26.05 1.869892 2021-06-21 15:14:47.919773 3 59 Florian 64.345559
0 135 24.92 26.05 0.102219 2021-06-21 15:14:48.021992 3 60 Florian 64.447778
0 76 19.69 26.05 0.191426 2021-06-21 15:14:48.213418 3 61 Florian 64.639204
0 143 25.74 26.05 0.033797 2021-06-21 15:14:48.247215 3 62 Florian 64.673001
1 143 25.74 26.05 1.767063 2021-06-21 15:14:50.014278 0 5 Cecile 66.440064
0 127 24.18 26.05 0.7014 2021-06-21 15:14:50.715678 3 63 Florian 67.141464
0 127 24.18 26.05 0.309862 2021-06-21 15:14:51.025540 3 64 Florian 67.451326
0 69 18.79 26.05 0.137085 2021-06-21 15:14:51.162625 3 65 Florian 67.588411
1 177 30.25 26.05 0.228997 2021-06-21 15:14:51.391622 0 6 Cecile 67.817408
0 120 23.58 26.05 1.367278 2021-06-21 15:14:52.758900 3 66 Florian 69.184686
2 81 20.25 11.88 0.64442 2021-06-21 15:14:53.403320 0 6 rens 69.829106
2 67 18.51 7.04 1.400666 2021-06-21 15:14:54.803986 0 7 rens 71.229772
0 220 37.58 26.05 1.079139 2021-06-21 15:14:55.883125 3 67 Florian 72.308911
0 51 15.86 26.05 1.045382 2021-06-21 15:14:56.928507 3 68 Florian 73.354293
1 304 53.73 26.27 0.536585 2021-06-21 15:14:57.465092 0 7 Cecile 73.890878
0 399 87.30 26.05 0.620279 2021-06-21 15:14:58.085371 3 69 Florian 74.511157
2 61 17.60 24.44 0.451463 2021-06-21 15:14:58.536834 3 14 MattiaCosmicWatch 74.96262
2 192 32.67 30.24 0.407368 2021-06-21 15:14:58.944202 0 8 rens 75.369988
0 270 46.71 26.05 0.014713 2021-06-21 15:14:58.958915 3 70 Florian 75.384701
2 63 17.91 2.53 0.30269 2021-06-21 15:14:59.261605 1 9 rens 75.687391
0 193 32.84 26.05 2.015729 2021-06-21 15:15:01.277334 4 71 Florian 77.70312
2 147 26.19 24.44 0.302229 2021-06-21 15:15:01.579563 3 15 MattiaCosmicWatch 78.005349
0 179 30.55 26.05 1.438923 2021-06-21 15:15:03.018486 4 72 Florian 79.444272
0 50 15.67 25.95 0.792994 2021-06-21 15:15:03.811480 4 73 Florian 80.237266
0 57 16.93 26.05 0.910991 2021-06-21 15:15:04.722471 4 74 Florian 81.148257
0 287 50.23 26.05 1.071701 2021-06-21 15:15:05.794172 4 75 Florian 82.219958
2 62 17.75 24.44 1.007817 2021-06-21 15:15:06.801989 3 16 MattiaCosmicWatch 83.227775
2 108 22.63 15.74 0.103272 2021-06-21 15:15:06.905261 1 10 rens 83.331047
2 56 16.76 1.24 0.599995 2021-06-21 15:15:07.505256 1 11 rens 83.931042
0 135 24.92 26.05 0.347437 2021-06-21 15:15:07.852693 4 76 Florian 84.278479
0 455 117.03 26.05 0.958076 2021-06-21 15:15:08.810769 4 77 Florian 85.236555
1 195 33.17 26.05 0.258874 2021-06-21 15:15:09.069643 0 8 Cecile 85.495429
0 157 27.40 26.05 0.026047 2021-06-21 15:15:09.095690 4 78 Florian 85.521476
0 71 19.06 26.05 0.873747 2021-06-21 15:15:09.969437 5 79 Florian 86.395223
0 131 24.54 26.05 1.904396 2021-06-21 15:15:11.873833 5 80 Florian 88.299619
2 165 28.48 24.44 0.352261 2021-06-21 15:15:12.226094 3 17 MattiaCosmicWatch 88.65188
0 143 25.74 26.05 0.709494 2021-06-21 15:15:12.935588 5 81 Florian 89.361374
0 56 16.76 26.05 2.903513 2021-06-21 15:15:15.839101 5 82 Florian 92.264887
0 94 21.50 26.05 0.267374 2021-06-21 15:15:16.106475 5 83 Florian 92.532261
0 179 30.55 26.05 2.188672 2021-06-21 15:15:18.295147 5 84 Florian 94.720933
0 51 15.86 26.05 0.452954 2021-06-21 15:15:18.748101 5 85 Florian 95.173887
0 49 15.48 26.05 1.458268 2021-06-21 15:15:20.206369 5 86 Florian 96.632155
0 88 20.96 26.05 6.534187 2021-06-21 15:15:26.740556 5 87 Florian 103.166342
0 248 42.69 26.05 1.481573 2021-06-21 15:15:28.222129 5 88 Florian 104.647915
2 110 22.78 14.56 0.456704 2021-06-21 15:15:28.678833 1 12 rens 105.104619
0 402 87.25 26.05 1.051917 2021-06-21 15:15:29.730750 5 89 Florian 106.156536
1 67 18.51 26.05 0.573573 2021-06-21 15:15:30.304323 1 9 Cecile 106.730109
2 304 53.73 52.80 1.531388 2021-06-21 15:15:31.835711 1 13 rens 108.261497
2 142 25.64 24.44 0.836094 2021-06-21 15:15:32.671805 3 18 MattiaCosmicWatch 109.097591
0 153 26.90 26.05 0.583027 2021-06-21 15:15:33.254832 5 90 Florian 109.680618
0 188 32.01 26.05 1.265664 2021-06-21 15:15:34.520496 5 91 Florian 110.946282
0 432 101.61 26.05 0.72786 2021-06-21 15:15:35.248356 5 92 Florian 111.674142
0 79 20.03 26.05 0.150974 2021-06-21 15:15:35.399330 5 93 Florian 111.825116
0 56 16.76 26.05 1.042777 2021-06-21 15:15:36.442107 5 94 Florian 112.867893
0 399 87.30 25.84 0.457446 2021-06-21 15:15:36.899553 5 95 Florian 113.325339
2 75 19.57 9.62 0.587747 2021-06-21 15:15:37.487300 1 14 rens 113.913086
0 302 53.30 26.16 0.84891 2021-06-21 15:15:38.336210 5 96 Florian 114.761996
0 71 19.06 26.05 1.012482 2021-06-21 15:15:39.348692 5 97 Florian 115.774478
2 147 26.19 24.44 0.119438 2021-06-21 15:15:39.468130 3 19 MattiaCosmicWatch 115.893916
2 497 142.37 24.44 0.225519 2021-06-21 15:15:39.693649 3 20 MattiaCosmicWatch 116.119435
2 454 115.28 24.44 0.033787 2021-06-21 15:15:39.727436 3 21 MattiaCosmicWatch 116.153222
0 210 35.78 26.05 0.059947 2021-06-21 15:15:39.787383 5 98 Florian 116.213169
2 56 16.76 24.44 0.043863 2021-06-21 15:15:39.831246 3 22 MattiaCosmicWatch 116.257032
2 57 16.93 24.44 0.094852 2021-06-21 15:15:39.926098 4 23 MattiaCosmicWatch 116.351884
0 255 43.96 26.05 1.292169 2021-06-21 15:15:41.218267 6 99 Florian 117.644053
0 131 24.54 26.05 0.666991 2021-06-21 15:15:41.885258 6 100 Florian 118.311044
2 92 21.32 12.84 3.418857 2021-06-21 15:15:45.304115 1 15 rens 121.729901
0 287 50.23 26.05 0.153767 2021-06-21 15:15:45.457882 6 101 Florian 121.883668
0 49 15.48 26.05 1.487034 2021-06-21 15:15:46.944916 6 102 Florian 123.370702
0 319 57.64 26.05 0.522253 2021-06-21 15:15:47.467169 6 103 Florian 123.892955
2 71 19.06 9.30 0.111091 2021-06-21 15:15:47.578260 1 16 rens 124.004046
2 155 27.15 24.44 4.910848 2021-06-21 15:15:52.489108 4 24 MattiaCosmicWatch 128.914894
0 188 32.01 26.05 0.732807 2021-06-21 15:15:53.221915 6 104 Florian 129.647701
2 58 17.10 7.04 1.04543 2021-06-21 15:15:54.267345 1 17 rens 130.693131
2 71 19.06 24.44 3.845759 2021-06-21 15:15:58.113104 4 25 MattiaCosmicWatch 134.53889
0 211 35.96 26.05 1.772932 2021-06-21 15:15:59.886036 6 105 Florian 136.311822
0 57 16.93 26.27 1.325974 2021-06-21 15:16:01.212010 6 106 Florian 137.637796
0 467 121.56 26.05 2.302522 2021-06-21 15:16:03.514532 6 107 Florian 139.940318
0 121 23.66 26.05 0.339823 2021-06-21 15:16:03.854355 6 108 Florian 140.280141
0 179 30.55 26.05 0.369921 2021-06-21 15:16:04.224276 6 109 Florian 140.650062
0 102 22.15 26.05 0.033754 2021-06-21 15:16:04.258030 6 110 Florian 140.683816
0 103 22.23 26.05 0.745991 2021-06-21 15:16:05.004021 6 111 Florian 141.429807
2 143 25.74 22.19 0.53409 2021-06-21 15:16:05.538111 1 18 rens 141.963897
2 227 38.83 24.44 0.085697 2021-06-21 15:16:05.623808 4 26 MattiaCosmicWatch 142.049594
0 159 27.66 26.05 0.534188 2021-06-21 15:16:06.157996 6 112 Florian 142.583782
2 96 21.67 24.44 1.921992 2021-06-21 15:16:08.079988 4 27 MattiaCosmicWatch 144.505774
0 179 30.55 26.05 0.838652 2021-06-21 15:16:08.918640 6 113 Florian 145.344426
2 56 16.76 24.44 0.164801 2021-06-21 15:16:09.083441 4 28 MattiaCosmicWatch 145.509227
0 112 22.94 26.05 0.077101 2021-06-21 15:16:09.160542 6 114 Florian 145.586328
0 339 62.98 26.05 0.14102 2021-06-21 15:16:09.301562 6 115 Florian 145.727348
2 63 17.91 24.44 0.607244 2021-06-21 15:16:09.908806 4 29 MattiaCosmicWatch 146.334592
0 88 20.96 26.05 3.118848 2021-06-21 15:16:13.027654 6 116 Florian 149.45344
0 83 20.46 26.05 0.826604 2021-06-21 15:16:13.854258 6 117 Florian 150.280044
0 419 97.20 26.05 0.10082 2021-06-21 15:16:13.955078 6 118 Florian 150.380864
0 51 15.86 26.05 0.219367 2021-06-21 15:16:14.174445 6 119 Florian 150.600231
0 206 35.07 26.27 1.011975 2021-06-21 15:16:15.186420 6 120 Florian 151.612206
0 255 43.96 26.05 0.03351 2021-06-21 15:16:15.219930 6 121 Florian 151.645716
2 63 17.91 24.44 0.522031 2021-06-21 15:16:15.741961 4 30 MattiaCosmicWatch 152.167747
2 63 17.91 6.72 0.135565 2021-06-21 15:16:15.877526 1 19 rens 152.303312
0 224 38.29 26.05 0.09235 2021-06-21 15:16:15.969876 6 122 Florian 152.395662
0 184 31.36 26.05 0.962748 2021-06-21 15:16:16.932624 6 123 Florian 153.35841
2 81 20.25 9.30 0.022938 2021-06-21 15:16:16.955562 1 20 rens 153.381348
0 159 27.66 26.05 0.109805 2021-06-21 15:16:17.065367 7 124 Florian 153.491153
0 88 20.96 26.05 0.312887 2021-06-21 15:16:17.378254 7 125 Florian 153.80404
0 99 21.91 26.05 1.055376 2021-06-21 15:16:18.433630 7 126 Florian 154.859416
0 82 20.36 26.05 0.451334 2021-06-21 15:16:18.884964 7 127 Florian 155.31075
0 127 24.18 26.05 0.097387 2021-06-21 15:16:18.982351 7 128 Florian 155.408137
0 252 43.42 26.05 0.520721 2021-06-21 15:16:19.503072 7 129 Florian 155.928858
0 224 38.29 26.05 0.979094 2021-06-21 15:16:20.482166 7 130 Florian 156.907952
0 312 55.68 26.05 1.802925 2021-06-21 15:16:22.285091 7 131 Florian 158.710877
0 414 93.93 26.05 0.622689 2021-06-21 15:16:22.907780 7 132 Florian 159.333566
1 127 24.18 26.05 0.275303 2021-06-21 15:16:23.183083 1 10 Cecile 159.608869
0 96 21.67 26.05 0.226165 2021-06-21 15:16:23.409248 7 133 Florian 159.835034
0 307 54.48 26.05 1.10393 2021-06-21 15:16:24.513178 7 134 Florian 160.938964
