# layer adc volt temp timediff time detector_muon_count detector_count detector_name
0 88 20.96 27.34 10 2021-06-22 18:24:11.013607 0 1 MattiaCosmicWatch 1.024762
0 63 17.91 27.34 0.333538 2021-06-22 18:24:11.347145 0 2 MattiaCosmicWatch 1.3583
0 57 16.93 27.34 1.069906 2021-06-22 18:24:12.417051 0 3 MattiaCosmicWatch 2.428206
0 25 11.02 27.34 0.181964 2021-06-22 18:24:12.599015 0 4 MattiaCosmicWatch 2.61017
0 19 10.33 27.34 0.250904 2021-06-22 18:24:12.849919 0 5 MattiaCosmicWatch 2.861074
0 316 56.81 26.91 0.435667 2021-06-22 18:24:13.285586 0 6 MattiaCosmicWatch 3.296741
0 224 38.29 27.45 2.186131 2021-06-22 18:24:15.471717 0 7 MattiaCosmicWatch 5.482872
0 132 24.63 27.34 0.258945 2021-06-22 18:24:15.730662 0 8 MattiaCosmicWatch 5.741817
0 83 20.46 27.56 0.033748 2021-06-22 18:24:15.764410 0 9 MattiaCosmicWatch 5.775565
0 45 14.71 27.34 4.717017 2021-06-22 18:24:20.481427 0 10 MattiaCosmicWatch 10.492582
0 39 13.53 27.13 0.793952 2021-06-22 18:24:21.275379 0 11 MattiaCosmicWatch 11.286534
0 263 45.37 27.34 0.168953 2021-06-22 18:24:21.444332 0 12 MattiaCosmicWatch 11.455487
0 243 41.74 27.13 0.881575 2021-06-22 18:24:22.325907 0 13 MattiaCosmicWatch 12.337062
0 31 12.01 27.24 0.518901 2021-06-22 18:24:22.844808 0 14 MattiaCosmicWatch 12.855963
0 19 10.33 27.56 0.64586 2021-06-22 18:24:23.490668 0 15 MattiaCosmicWatch 13.501823
2 348 65.64 26.38 0.269588 2021-06-22 18:24:23.760256 0 1 M 13.771411
0 147 26.19 27.45 0.011719 2021-06-22 18:24:23.771975 0 16 MattiaCosmicWatch 13.78313
0 211 35.96 27.45 2.114289 2021-06-22 18:24:25.886264 1 17 MattiaCosmicWatch 15.897419
0 51 15.86 27.34 0.783544 2021-06-22 18:24:26.669808 1 18 MattiaCosmicWatch 16.680963
0 45 14.71 27.34 0.10427 2021-06-22 18:24:26.774078 1 19 MattiaCosmicWatch 16.785233
0 38 13.33 27.34 1.642163 2021-06-22 18:24:28.416241 1 20 MattiaCosmicWatch 18.427396
0 30 11.83 27.34 0.143218 2021-06-22 18:24:28.559459 1 21 MattiaCosmicWatch 18.570614
0 15 10.10 27.34 0.298704 2021-06-22 18:24:28.858163 1 22 MattiaCosmicWatch 18.869318
0 24 10.88 27.34 3.113521 2021-06-22 18:24:31.971684 1 23 MattiaCosmicWatch 21.982839
0 21 10.52 27.34 0.853281 2021-06-22 18:24:32.824965 1 24 MattiaCosmicWatch 22.83612
0 199 33.86 27.34 1.65943 2021-06-22 18:24:34.484395 1 25 MattiaCosmicWatch 24.49555
0 25 11.02 27.34 1.000313 2021-06-22 18:24:35.484708 1 26 MattiaCosmicWatch 25.495863
0 28 11.49 27.34 0.795719 2021-06-22 18:24:36.280427 1 27 MattiaCosmicWatch 26.291582
0 31 12.01 27.34 0.548239 2021-06-22 18:24:36.828666 1 28 MattiaCosmicWatch 26.839821
0 75 19.57 27.34 2.395755 2021-06-22 18:24:39.224421 1 29 MattiaCosmicWatch 29.235576
0 17 10.18 27.34 0.494963 2021-06-22 18:24:39.719384 1 30 MattiaCosmicWatch 29.730539
0 29 11.66 27.45 0.756875 2021-06-22 18:24:40.476259 1 31 MattiaCosmicWatch 30.487414
0 159 27.66 27.34 0.760012 2021-06-22 18:24:41.236271 1 32 MattiaCosmicWatch 31.247426
0 18 10.25 27.34 0.289104 2021-06-22 18:24:41.525375 1 33 MattiaCosmicWatch 31.53653
0 174 29.79 27.45 0.77075 2021-06-22 18:24:42.296125 1 34 MattiaCosmicWatch 32.30728
0 89 21.05 27.34 1.24623 2021-06-22 18:24:43.542355 1 35 MattiaCosmicWatch 33.55351
0 152 26.78 27.34 0.259194 2021-06-22 18:24:43.801549 1 36 MattiaCosmicWatch 33.812704
0 79 20.03 27.34 2.467611 2021-06-22 18:24:46.269160 1 37 MattiaCosmicWatch 36.280315
0 101 22.08 27.34 0.667802 2021-06-22 18:24:46.936962 1 38 MattiaCosmicWatch 36.948117
0 44 14.51 27.24 0.427545 2021-06-22 18:24:47.364507 1 39 MattiaCosmicWatch 37.375662
0 25 11.02 27.34 0.084291 2021-06-22 18:24:47.448798 1 40 MattiaCosmicWatch 37.459953
0 31 12.01 27.24 1.326246 2021-06-22 18:24:48.775044 1 41 MattiaCosmicWatch 38.786199
0 48 15.29 27.13 0.866904 2021-06-22 18:24:49.641948 1 42 MattiaCosmicWatch 39.653103
0 88 20.96 27.45 0.13483 2021-06-22 18:24:49.776778 1 43 MattiaCosmicWatch 39.787933
1 31 12.01 27.77 0.033632 2021-06-22 18:24:49.810410 0 1 Cecile 39.821565
0 243 41.74 27.34 0.014567 2021-06-22 18:24:49.824977 2 44 MattiaCosmicWatch 39.836132
0 78 19.92 27.34 0.833764 2021-06-22 18:24:50.658741 2 45 MattiaCosmicWatch 40.669896
0 220 37.58 27.34 0.181519 2021-06-22 18:24:50.840260 2 46 MattiaCosmicWatch 40.851415
0 67 18.51 27.34 0.144144 2021-06-22 18:24:50.984404 2 47 MattiaCosmicWatch 40.995559
0 15 10.10 27.34 0.857401 2021-06-22 18:24:51.841805 2 48 MattiaCosmicWatch 41.85296
0 63 17.91 27.13 0.073501 2021-06-22 18:24:51.915306 2 49 MattiaCosmicWatch 41.926461
0 25 11.02 27.56 0.294118 2021-06-22 18:24:52.209424 2 50 MattiaCosmicWatch 42.220579
0 49 15.48 27.34 0.549648 2021-06-22 18:24:52.759072 2 51 MattiaCosmicWatch 42.770227
0 76 19.69 27.34 2.081684 2021-06-22 18:24:54.840756 2 52 MattiaCosmicWatch 44.851911
0 19 10.33 27.34 2.521701 2021-06-22 18:24:57.362457 2 53 MattiaCosmicWatch 47.373612
0 96 21.67 27.34 0.06521 2021-06-22 18:24:57.427667 2 54 MattiaCosmicWatch 47.438822
0 24 10.88 27.34 1.099527 2021-06-22 18:24:58.527194 2 55 MattiaCosmicWatch 48.538349
0 61 17.60 27.45 0.062858 2021-06-22 18:24:58.590052 2 56 MattiaCosmicWatch 48.601207
0 30 11.83 27.34 0.138865 2021-06-22 18:24:58.728917 2 57 MattiaCosmicWatch 48.740072
0 19 10.33 27.34 0.826254 2021-06-22 18:24:59.555171 2 58 MattiaCosmicWatch 49.566326
0 31 12.01 27.34 1.399375 2021-06-22 18:25:00.954546 2 59 MattiaCosmicWatch 50.965701
0 14 10.08 27.34 0.909698 2021-06-22 18:25:01.864244 2 60 MattiaCosmicWatch 51.875399
0 88 20.96 27.45 1.374997 2021-06-22 18:25:03.239241 2 61 MattiaCosmicWatch 53.250396
0 15 10.10 27.45 0.183329 2021-06-22 18:25:03.422570 2 62 MattiaCosmicWatch 53.433725
0 24 10.88 27.34 1.518233 2021-06-22 18:25:04.940803 2 63 MattiaCosmicWatch 54.951958
0 124 23.92 27.34 0.841459 2021-06-22 18:25:05.782262 2 64 MattiaCosmicWatch 55.793417
0 216 36.85 27.34 0.47946 2021-06-22 18:25:06.261722 2 65 MattiaCosmicWatch 56.272877
0 39 13.53 27.34 0.150204 2021-06-22 18:25:06.411926 2 66 MattiaCosmicWatch 56.423081
0 172 29.49 27.34 0.263079 2021-06-22 18:25:06.675005 2 67 MattiaCosmicWatch 56.68616
0 31 12.01 27.24 0.076064 2021-06-22 18:25:06.751069 2 68 MattiaCosmicWatch 56.762224
0 56 16.76 27.34 0.59856 2021-06-22 18:25:07.349629 2 69 MattiaCosmicWatch 57.360784
0 71 19.06 27.24 1.938863 2021-06-22 18:25:09.288492 2 70 MattiaCosmicWatch 59.299647
0 216 36.85 27.34 0.238019 2021-06-22 18:25:09.526511 2 71 MattiaCosmicWatch 59.537666
0 146 26.08 27.13 0.154242 2021-06-22 18:25:09.680753 2 72 MattiaCosmicWatch 59.691908
0 152 26.78 27.34 0.905731 2021-06-22 18:25:10.586484 2 73 MattiaCosmicWatch 60.597639
0 149 26.42 27.34 0.19424 2021-06-22 18:25:10.780724 2 74 MattiaCosmicWatch 60.791879
0 39 13.53 27.34 0.790076 2021-06-22 18:25:11.570800 2 75 MattiaCosmicWatch 61.581955
0 98 21.83 27.34 1.633255 2021-06-22 18:25:13.204055 2 76 MattiaCosmicWatch 63.21521
0 332 61.17 26.38 0.065292 2021-06-22 18:25:13.269347 2 77 MattiaCosmicWatch 63.280502
0 143 25.74 27.34 0.121372 2021-06-22 18:25:13.390719 2 78 MattiaCosmicWatch 63.401874
0 17 10.18 27.34 1.458861 2021-06-22 18:25:14.849580 2 79 MattiaCosmicWatch 64.860735
2 60 17.43 26.70 0.033679 2021-06-22 18:25:14.883259 0 1 BenRevival 64.894414
0 19 10.33 27.13 0.017716 2021-06-22 18:25:14.900975 3 80 MattiaCosmicWatch 64.91213
0 60 17.43 27.34 1.60444 2021-06-22 18:25:16.505415 3 81 MattiaCosmicWatch 66.51657
0 249 42.85 27.56 1.260589 2021-06-22 18:25:17.766004 3 82 MattiaCosmicWatch 67.777159
0 76 19.69 27.45 6.877373 2021-06-22 18:25:24.643377 3 83 MattiaCosmicWatch 74.654532
0 35 12.75 27.13 1.665112 2021-06-22 18:25:26.308489 3 84 MattiaCosmicWatch 76.319644
0 28 11.49 27.13 0.326365 2021-06-22 18:25:26.634854 3 85 MattiaCosmicWatch 76.646009
0 67 18.51 27.34 0.588306 2021-06-22 18:25:27.223160 3 86 MattiaCosmicWatch 77.234315
0 88 20.96 27.13 1.411698 2021-06-22 18:25:28.634858 3 87 MattiaCosmicWatch 78.646013
0 19 10.33 27.34 0.033767 2021-06-22 18:25:28.668625 3 88 MattiaCosmicWatch 78.67978
0 30 11.83 27.34 0.066473 2021-06-22 18:25:28.735098 3 89 MattiaCosmicWatch 78.746253
0 38 13.33 27.13 0.143491 2021-06-22 18:25:28.878589 3 90 MattiaCosmicWatch 78.889744
0 56 16.76 27.34 1.468681 2021-06-22 18:25:30.347270 3 91 MattiaCosmicWatch 80.358425
0 152 26.78 27.45 1.087337 2021-06-22 18:25:31.434607 3 92 MattiaCosmicWatch 81.445762
0 62 17.75 27.45 0.10145 2021-06-22 18:25:31.536057 3 93 MattiaCosmicWatch 81.547212
0 18 10.25 27.34 0.206115 2021-06-22 18:25:31.742172 3 94 MattiaCosmicWatch 81.753327
0 15 10.10 27.13 0.151288 2021-06-22 18:25:31.893460 3 95 MattiaCosmicWatch 81.904615
0 127 24.18 27.34 1.373862 2021-06-22 18:25:33.267322 3 96 MattiaCosmicWatch 83.278477
0 131 24.54 27.34 2.035707 2021-06-22 18:25:35.303029 3 97 MattiaCosmicWatch 85.314184
0 17 10.18 27.34 1.386338 2021-06-22 18:25:36.689367 3 98 MattiaCosmicWatch 86.700522
0 62 17.75 27.13 0.935537 2021-06-22 18:25:37.624904 3 99 MattiaCosmicWatch 87.636059
0 53 16.22 27.34 0.173246 2021-06-22 18:25:37.798150 3 100 MattiaCosmicWatch 87.809305
0 15 10.10 27.34 0.09876 2021-06-22 18:25:37.896910 3 101 MattiaCosmicWatch 87.908065
0 138 25.22 27.34 0.914333 2021-06-22 18:25:38.811243 3 102 MattiaCosmicWatch 88.822398
0 28 11.49 27.34 0.136114 2021-06-22 18:25:38.947357 3 103 MattiaCosmicWatch 88.958512
0 319 57.64 26.59 2.321369 2021-06-22 18:25:41.268726 3 104 MattiaCosmicWatch 91.279881
0 192 32.67 27.34 0.078538 2021-06-22 18:25:41.347264 3 105 MattiaCosmicWatch 91.358419
0 274 47.52 27.34 0.975464 2021-06-22 18:25:42.322728 3 106 MattiaCosmicWatch 92.333883
0 94 21.50 27.34 2.070385 2021-06-22 18:25:44.393113 3 107 MattiaCosmicWatch 94.404268
1 60 17.43 27.77 0.029207 2021-06-22 18:25:44.422320 1 2 Cecile 94.433475
2 82 20.36 26.70 0.000169 2021-06-22 18:25:44.422489 1 2 BenRevival 94.433644
2 44 14.51 27.56 0.000173 2021-06-22 18:25:44.422662 1 2 M 94.433817
0 15 10.10 27.34 3.233224 2021-06-22 18:25:47.655886 4 108 MattiaCosmicWatch 97.667041
