# layer adc volt temp timediff time detector_muon_count detector_count detector_name
0 120 23.58 28.31 0.024269 2021-06-24 16:30:54.460971 2 4 Cecile 5.296858
1 112 22.94 27.34 0.000192 2021-06-24 16:30:54.461163 1 2 Niels 5.29705
2 53 16.22 27.45 0.738343 2021-06-24 16:30:54.436702 2 5 MattiaCosmicWatch 5.272589

0 113 23.02 28.31 0.010379 2021-06-24 16:30:55.525184 3 6 Cecile 6.361071
1 192 32.67 27.34 0.453679 2021-06-24 16:30:55.500922 2 3 Niels 6.336809
2 96 21.67 27.45 0.013883 2021-06-24 16:30:55.514805 3 6 MattiaCosmicWatch 6.350692

0 167 28.76 28.31 0.015196 2021-06-24 16:31:46.863610 14 30 Cecile 57.699497
1 209 35.61 27.34 0.383865 2021-06-24 16:31:46.833517 13 26 Niels 57.669404
2 204 34.73 27.45 0.014897 2021-06-24 16:31:46.848414 8 24 MattiaCosmicWatch 57.684301

0 62 17.75 28.31 0.278903 2021-06-24 16:32:05.540677 17 40 Cecile 76.376564
1 63 17.91 27.34 0.054377 2021-06-24 16:32:05.595054 17 32 Niels 76.430941
2 333 61.18 27.45 0.013696 2021-06-24 16:32:05.608750 10 35 MattiaCosmicWatch 76.444637

0 89 21.05 28.31 0.012468 2021-06-24 16:32:33.445313 22 52 Cecile 104.2812
1 92 21.32 27.34 0.211357 2021-06-24 16:32:33.417918 22 39 Niels 104.253805
2 56 16.76 27.56 0.014927 2021-06-24 16:32:33.432845 13 42 MattiaCosmicWatch 104.268732

0 451 113.08 28.31 0.011479 2021-06-24 16:32:52.896527 24 60 Cecile 123.732414
1 319 57.64 27.34 2.571064 2021-06-24 16:32:52.869065 24 43 Niels 123.704952
2 71 19.06 27.56 0.015983 2021-06-24 16:32:52.885048 14 47 MattiaCosmicWatch 123.720935

0 102 22.15 28.31 0.099791 2021-06-24 16:33:00.606637 25 66 Cecile 131.442524
1 135 24.92 27.34 0.016989 2021-06-24 16:33:00.623626 26 46 Niels 131.459513
2 477 129.58 27.56 0.000202 2021-06-24 16:33:00.623828 16 49 MattiaCosmicWatch 131.459715

0 455 117.03 28.31 0.024417 2021-06-24 16:33:43.066151 33 87 Cecile 173.902038
1 56 16.76 27.34 0.028497 2021-06-24 16:33:43.041734 31 67 Niels 173.877621
2 102 22.15 27.45 0.282327 2021-06-24 16:33:43.013237 20 60 MattiaCosmicWatch 173.849124

0 88 20.96 28.31 0.01579 2021-06-24 16:34:26.985469 36 107 Cecile 217.821356
1 156 27.28 27.56 0.248924 2021-06-24 16:34:26.969679 37 79 Niels 217.805566
2 255 43.96 27.56 0.092139 2021-06-24 16:34:27.077608 24 73 MattiaCosmicWatch 217.913495

0 102 22.15 28.31 0.014989 2021-06-24 16:34:52.142090 38 123 Cecile 242.977977
1 77 19.81 27.34 0.090894 2021-06-24 16:34:52.127101 39 88 Niels 242.962988
2 423 97.36 27.45 1.682306 2021-06-24 16:34:52.036207 25 77 MattiaCosmicWatch 242.872094

0 423 97.36 28.31 0.516851 2021-06-24 16:35:02.765877 39 128 Cecile 253.601764
1 591 188.65 27.34 0.017939 2021-06-24 16:35:02.783816 43 95 Niels 253.619703
2 575 187.30 27.45 0.000203 2021-06-24 16:35:02.784019 29 83 MattiaCosmicWatch 253.619906

0 88 20.96 28.31 0.050866 2021-06-24 16:35:11.715983 40 133 Cecile 262.55187
1 71 19.06 27.45 1.78423 2021-06-24 16:35:11.649236 44 99 Niels 262.485123
2 63 17.91 27.56 0.015881 2021-06-24 16:35:11.665117 30 87 MattiaCosmicWatch 262.501004

0 408 90.57 28.31 2.0173 2021-06-24 16:35:49.355737 43 155 Cecile 300.191624
1 56 16.76 27.34 0.01813 2021-06-24 16:35:49.373867 48 110 Niels 300.209754
2 127 24.18 27.67 0.000199 2021-06-24 16:35:49.374066 32 99 MattiaCosmicWatch 300.209953

0 97 21.75 28.31 0.012613 2021-06-24 16:36:04.698405 45 165 Cecile 315.534292
1 53 16.22 27.67 0.366173 2021-06-24 16:36:04.669839 50 117 Niels 315.505726
2 99 21.91 27.67 0.015953 2021-06-24 16:36:04.685792 33 104 MattiaCosmicWatch 315.521679

0 199 33.86 28.31 0.028516 2021-06-24 16:38:18.790236 64 218 Cecile 449.626123
1 82 20.36 27.45 0.000206 2021-06-24 16:38:18.790442 72 182 Niels 449.626329
2 50 15.67 27.56 0.226388 2021-06-24 16:38:18.761720 45 149 MattiaCosmicWatch 449.597607

0 455 117.03 28.31 0.017012 2021-06-24 16:42:16.959603 95 337 Cecile 687.79549
1 71 19.06 27.67 1.141369 2021-06-24 16:42:16.942591 104 274 Niels 687.778478
2 49 15.48 27.67 0.019075 2021-06-24 16:42:17.015997 63 229 MattiaCosmicWatch 687.851884

0 230 39.39 28.31 0.075631 2021-06-24 16:42:22.586055 97 343 Cecile 693.421942
1 67 18.51 27.67 0.019079 2021-06-24 16:42:22.605134 107 277 Niels 693.441021
2 76 19.69 27.67 0.393552 2021-06-24 16:42:22.510424 65 234 MattiaCosmicWatch 693.346311

0 222 37.96 28.31 0.04015 2021-06-24 16:42:35.230094 99 349 Cecile 706.065981
1 69 18.79 27.67 0.061852 2021-06-24 16:42:35.189944 109 283 Niels 706.025831
2 98 21.83 27.67 0.171386 2021-06-24 16:42:35.128092 66 239 MattiaCosmicWatch 705.963979

0 83 20.46 28.31 0.030437 2021-06-24 16:42:43.803755 102 354 Cecile 714.639642
1 252 43.42 27.45 0.000206 2021-06-24 16:42:43.803961 113 288 Niels 714.639848
2 335 61.77 27.67 1.528159 2021-06-24 16:42:43.773318 68 242 MattiaCosmicWatch 714.609205

0 81 20.25 28.31 0.087134 2021-06-24 16:43:28.580353 106 382 Cecile 759.41624
1 63 17.91 27.67 0.017957 2021-06-24 16:43:28.598310 116 305 Niels 759.434197
2 224 38.29 27.67 0.029999 2021-06-24 16:43:28.628309 72 265 MattiaCosmicWatch 759.464196

0 163 28.20 28.31 0.016927 2021-06-24 16:44:16.636689 108 398 Cecile 807.472576
1 71 19.06 27.56 0.067372 2021-06-24 16:44:16.619762 124 325 Niels 807.455649
2 101 22.08 27.67 1.887507 2021-06-24 16:44:16.552390 79 282 MattiaCosmicWatch 807.388277

0 103 22.23 28.31 0.405315 2021-06-24 16:44:54.578374 112 417 Cecile 845.414261
1 352 66.89 27.67 0.019042 2021-06-24 16:44:54.597416 129 335 Niels 845.433303
2 121 23.66 27.67 0.000251 2021-06-24 16:44:54.597667 81 294 MattiaCosmicWatch 845.433554

0 153 26.90 28.31 0.035372 2021-06-24 16:45:47.516788 116 433 Cecile 898.352675
1 51 15.86 27.67 0.029463 2021-06-24 16:45:47.448591 135 352 Niels 898.284478
2 96 21.67 27.67 2.564937 2021-06-24 16:45:47.419128 84 306 MattiaCosmicWatch 898.255015

0 127 24.18 28.85 1.291267 2021-06-24 16:46:08.650120 119 444 Cecile 919.486007
1 71 19.06 27.67 0.018868 2021-06-24 16:46:08.668988 139 360 Niels 919.504875
2 63 17.91 27.67 0.000207 2021-06-24 16:46:08.669195 86 313 MattiaCosmicWatch 919.505082

0 49 15.48 28.31 0.029414 2021-06-24 16:46:52.003835 123 467 Cecile 962.839722
1 56 16.76 27.67 0.000208 2021-06-24 16:46:52.004043 144 374 Niels 962.83993
2 85 20.67 27.77 0.297432 2021-06-24 16:46:51.974421 90 328 MattiaCosmicWatch 962.810308

0 76 19.69 28.31 0.064526 2021-06-24 16:47:22.484427 124 476 Cecile 993.320314
1 195 33.17 27.67 0.018054 2021-06-24 16:47:22.502481 146 384 Niels 993.338368
2 79 20.03 27.67 1.274733 2021-06-24 16:47:22.419901 92 337 MattiaCosmicWatch 993.255788

0 184 31.36 28.31 0.033736 2021-06-24 16:47:58.591082 128 491 Cecile 1029.426969
1 473 126.29 27.67 0.016285 2021-06-24 16:47:58.607367 149 395 Niels 1029.443254
2 71 19.06 27.67 0.176717 2021-06-24 16:47:58.557346 94 345 MattiaCosmicWatch 1029.393233

0 78 19.92 28.31 0.030562 2021-06-24 16:48:00.336081 129 493 Cecile 1031.171968
1 60 17.43 27.67 0.000178 2021-06-24 16:48:00.336259 150 396 Niels 1031.172146
2 83 20.46 27.67 0.662915 2021-06-24 16:48:00.305519 95 346 MattiaCosmicWatch 1031.141406

0 255 43.96 28.85 0.064204 2021-06-24 16:49:27.583723 138 530 Cecile 1118.41961
1 57 16.93 27.88 0.020023 2021-06-24 16:49:27.603746 160 426 Niels 1118.439633
2 312 55.68 27.88 0.518221 2021-06-24 16:49:27.519519 97 376 MattiaCosmicWatch 1118.355406

0 63 17.91 28.31 0.070248 2021-06-24 16:51:25.553469 147 587 Cecile 1236.389356
1 125 24.00 27.67 0.030477 2021-06-24 16:51:25.483221 169 461 Niels 1236.319108
2 88 20.96 27.67 1.23617 2021-06-24 16:51:25.452744 104 409 MattiaCosmicWatch 1236.288631

0 71 19.06 28.31 0.560021 2021-06-24 16:51:52.024415 152 602 Cecile 1262.860302
1 62 17.75 27.77 0.01908 2021-06-24 16:51:52.043495 172 474 Niels 1262.879382
2 63 17.91 27.77 0.013797 2021-06-24 16:51:52.057292 107 416 MattiaCosmicWatch 1262.893179

0 134 24.82 28.31 0.013711 2021-06-24 16:52:16.434472 154 614 Cecile 1287.270359
1 76 19.69 27.67 0.635164 2021-06-24 16:52:16.402764 175 479 Niels 1287.238651
2 120 23.58 27.67 0.017997 2021-06-24 16:52:16.420761 109 425 MattiaCosmicWatch 1287.256648

0 62 17.75 28.31 0.012364 2021-06-24 16:53:09.299808 160 640 Cecile 1340.135695
1 71 19.06 27.67 0.182668 2021-06-24 16:53:09.269520 180 495 Niels 1340.105407
2 77 19.81 27.67 0.017924 2021-06-24 16:53:09.287444 113 437 MattiaCosmicWatch 1340.123331

0 63 17.91 28.31 0.013705 2021-06-24 16:53:11.049421 161 642 Cecile 1341.885308
1 49 15.48 27.67 0.875497 2021-06-24 16:53:11.017937 181 496 Niels 1341.853824
2 112 22.94 27.67 0.017779 2021-06-24 16:53:11.035716 114 439 MattiaCosmicWatch 1341.871603

0 83 20.46 28.31 0.013626 2021-06-24 16:53:19.716875 162 648 Cecile 1350.552762
1 79 20.03 27.67 1.514808 2021-06-24 16:53:19.685272 183 501 Niels 1350.521159
2 376 76.43 27.67 0.017977 2021-06-24 16:53:19.703249 116 442 MattiaCosmicWatch 1350.539136

0 449 112.05 28.31 0.011478 2021-06-24 16:53:53.687642 167 662 Cecile 1384.523529
1 184 31.36 27.67 0.762925 2021-06-24 16:53:53.657107 189 515 Niels 1384.492994
2 83 20.46 27.88 0.019057 2021-06-24 16:53:53.676164 118 453 MattiaCosmicWatch 1384.512051

0 316 56.81 28.31 0.012492 2021-06-24 16:54:26.287492 172 680 Cecile 1417.123379
1 179 30.55 27.77 1.327004 2021-06-24 16:54:26.255878 193 522 Niels 1417.091765
2 127 24.18 27.77 0.019122 2021-06-24 16:54:26.275000 122 463 MattiaCosmicWatch 1417.110887

0 82 20.36 28.63 0.090984 2021-06-24 16:55:54.082505 191 729 Cecile 1504.918392
1 71 19.06 27.67 0.031622 2021-06-24 16:55:53.991521 204 559 Niels 1504.827408
2 108 22.63 27.88 0.810531 2021-06-24 16:55:53.959899 131 484 MattiaCosmicWatch 1504.795786

0 103 22.23 28.31 2.178611 2021-06-24 16:57:15.616878 196 772 Cecile 1586.452765
1 70 18.93 27.67 0.019827 2021-06-24 16:57:15.636705 212 584 Niels 1586.472592
2 62 17.75 27.99 0.000207 2021-06-24 16:57:15.636912 135 505 MattiaCosmicWatch 1586.472799

0 89 21.05 28.31 0.011543 2021-06-24 16:58:30.325583 206 813 Cecile 1661.16147
1 108 22.63 27.67 0.207831 2021-06-24 16:58:30.295279 221 615 Niels 1661.131166
2 49 15.48 27.77 0.018761 2021-06-24 16:58:30.314040 141 525 MattiaCosmicWatch 1661.149927

0 167 28.76 28.85 0.436837 2021-06-24 16:58:32.118864 207 815 Cecile 1662.954751
1 63 17.91 27.67 0.019796 2021-06-24 16:58:32.138660 223 617 Niels 1662.974547
2 51 15.86 27.77 0.05147 2021-06-24 16:58:32.190130 143 528 MattiaCosmicWatch 1663.026017

0 231 39.55 28.31 0.012375 2021-06-24 16:59:09.808625 217 840 Cecile 1700.644512
1 172 29.49 27.67 0.279727 2021-06-24 16:59:09.777233 230 630 Niels 1700.61312
2 312 55.68 28.10 0.019017 2021-06-24 16:59:09.796250 149 540 MattiaCosmicWatch 1700.632137

0 135 24.92 28.85 0.011564 2021-06-24 17:00:25.963774 225 874 Cecile 1776.799661
1 220 37.58 27.77 0.140845 2021-06-24 17:00:25.933092 243 659 Niels 1776.768979
2 88 20.96 27.88 0.019118 2021-06-24 17:00:25.952210 157 568 MattiaCosmicWatch 1776.788097

0 63 17.91 29.92 0.031442 2021-06-24 17:00:39.407451 227 880 Cecile 1790.243338
1 57 16.93 27.77 0.000257 2021-06-24 17:00:39.407708 245 666 Niels 1790.243595
2 127 24.18 28.10 0.787004 2021-06-24 17:00:39.376009 160 572 MattiaCosmicWatch 1790.211896

0 112 22.94 28.31 0.01248 2021-06-24 17:01:38.854598 233 909 Cecile 1849.690485
1 230 39.39 27.67 2.435402 2021-06-24 17:01:38.823084 252 682 Niels 1849.658971
2 122 23.75 27.88 0.019034 2021-06-24 17:01:38.842118 162 590 MattiaCosmicWatch 1849.678005

0 83 20.46 28.31 0.031517 2021-06-24 17:02:01.920266 236 919 Cecile 1872.756153
1 60 17.43 27.77 0.000206 2021-06-24 17:02:01.920472 257 694 Niels 1872.756359
2 155 27.15 27.77 0.412009 2021-06-24 17:02:01.888749 165 597 MattiaCosmicWatch 1872.724636

0 76 19.69 28.85 0.778023 2021-06-24 17:02:13.231501 238 929 Cecile 1884.067388
1 112 22.94 27.77 0.047916 2021-06-24 17:02:13.279417 258 698 Niels 1884.115304
2 138 25.22 27.77 0.069715 2021-06-24 17:02:13.349132 167 602 MattiaCosmicWatch 1884.185019

0 60 17.43 28.85 0.058129 2021-06-24 17:02:18.082273 240 933 Cecile 1888.91816
1 51 15.86 27.77 0.00023 2021-06-24 17:02:18.082503 260 700 Niels 1888.91839
2 79 20.03 27.88 0.033724 2021-06-24 17:02:18.024144 168 605 MattiaCosmicWatch 1888.860031

