# layer adc volt temp timediff time detector_muon_count detector_count detector_name
0 115 23.18 28.31 1.004525 2021-06-24 15:58:34.161002 13 41 Cecile 94.652077
1 60 17.43 27.34 0.000148 2021-06-24 15:58:34.284895 10 32 Niels 94.77597
2 103 22.23 27.34 0.096482 2021-06-24 15:58:34.257484 6 32 MattiaCosmicWatch 94.748559

0 112 22.94 28.31 0.015923 2021-06-24 15:58:43.532832 16 47 Cecile 104.023907
1 220 37.58 27.34 0.252405 2021-06-24 15:58:43.516909 13 40 Niels 104.007984
2 77 19.81 27.34 0.073625 2021-06-24 15:58:43.606457 7 34 MattiaCosmicWatch 104.097532

0 121 23.66 28.31 0.027414 2021-06-24 15:58:45.889617 17 49 Cecile 106.380692
1 124 23.92 27.34 0.000158 2021-06-24 15:58:45.889775 14 42 Niels 106.38085
2 97 21.75 27.34 0.240926 2021-06-24 15:58:45.862203 8 35 MattiaCosmicWatch 106.353278

0 192 32.67 28.31 0.027131 2021-06-24 16:00:22.322632 28 100 Cecile 202.813707
1 56 16.76 27.34 0.016247 2021-06-24 16:00:22.338879 24 77 Niels 202.829954
2 56 16.76 27.45 1.117785 2021-06-24 16:00:22.295501 14 68 MattiaCosmicWatch 202.786576

0 92 21.32 28.31 0.011566 2021-06-24 16:01:20.148199 35 126 Cecile 260.639274
1 85 20.67 27.34 0.06917 2021-06-24 16:01:20.120820 29 101 Niels 260.611895
2 71 19.06 27.34 0.015813 2021-06-24 16:01:20.136633 17 81 MattiaCosmicWatch 260.627708

0 113 23.02 28.31 0.012683 2021-06-24 16:03:38.370152 41 183 Cecile 398.861227
1 51 15.86 27.34 2.025232 2021-06-24 16:03:38.341683 36 141 Niels 398.832758
2 56 16.76 27.34 0.015786 2021-06-24 16:03:38.357469 21 115 MattiaCosmicWatch 398.848544

0 88 20.96 28.31 0.721397 2021-06-24 16:06:54.242809 61 267 Cecile 594.733884
1 56 16.76 27.34 0.029517 2021-06-24 16:06:54.291276 55 196 Niels 594.782351
2 76 19.69 27.45 0.01895 2021-06-24 16:06:54.261759 33 167 MattiaCosmicWatch 594.752834

0 295 51.75 28.31 0.085681 2021-06-24 16:08:34.141090 68 311 Cecile 694.632165
1 76 19.69 27.34 0.296287 2021-06-24 16:08:34.038501 64 219 Niels 694.529576
2 216 36.85 27.34 0.016908 2021-06-24 16:08:34.055409 36 188 MattiaCosmicWatch 694.546484

0 92 21.32 28.31 0.016903 2021-06-24 16:11:58.164164 93 417 Cecile 898.655239
1 79 20.03 27.34 0.524471 2021-06-24 16:11:58.147261 82 292 Niels 898.638336
2 335 61.77 27.34 0.063155 2021-06-24 16:11:58.227319 50 232 MattiaCosmicWatch 898.718394

0 305 53.88 28.31 0.011844 2021-06-24 16:12:41.202870 101 443 Cecile 941.693945
1 354 67.99 27.34 1.778852 2021-06-24 16:12:41.173281 90 309 Niels 941.664356
2 70 18.93 27.34 0.017745 2021-06-24 16:12:41.191026 55 246 MattiaCosmicWatch 941.682101

0 275 47.73 28.31 0.031403 2021-06-24 16:17:59.546829 136 600 Cecile 1260.037904
1 141 25.53 27.34 0.000168 2021-06-24 16:17:59.546997 123 404 Niels 1260.038072
2 313 56.02 27.34 0.2307 2021-06-24 16:17:59.515426 70 327 MattiaCosmicWatch 1260.006501

0 185 31.51 28.31 0.264306 2021-06-24 16:19:06.300587 144 623 Cecile 1326.791662
1 339 62.98 27.34 0.033564 2021-06-24 16:19:06.334151 131 423 Niels 1326.825226
2 419 97.20 27.34 0.036463 2021-06-24 16:19:06.370782 71 346 MattiaCosmicWatch 1326.861857

0 307 54.48 28.31 0.018859 2021-06-24 16:20:41.946961 157 665 Cecile 1422.438036
1 79 20.03 27.34 1.717431 2021-06-24 16:20:41.910206 143 457 Niels 1422.401281
2 96 21.67 27.34 0.017896 2021-06-24 16:20:41.928102 75 373 MattiaCosmicWatch 1422.419177

0 152 26.78 28.31 1.080183 2021-06-24 16:22:21.064687 169 727 Cecile 1521.555762
1 255 43.96 27.34 0.020135 2021-06-24 16:22:21.084822 154 495 Niels 1521.575897
2 167 28.76 27.34 0.000166 2021-06-24 16:22:21.084988 79 394 MattiaCosmicWatch 1521.576063

0 103 22.23 28.31 0.030505 2021-06-24 16:22:27.215437 170 729 Cecile 1527.706512
1 159 27.66 27.34 0.000175 2021-06-24 16:22:27.215612 155 498 Niels 1527.706687
2 88 20.96 27.56 0.564036 2021-06-24 16:22:27.184932 80 395 MattiaCosmicWatch 1527.676007

0 96 21.67 28.31 0.019045 2021-06-24 16:23:05.471018 174 749 Cecile 1565.962093
1 339 62.98 27.34 0.059329 2021-06-24 16:23:05.451973 159 512 Niels 1565.943048
2 56 16.76 27.45 0.946859 2021-06-24 16:23:05.392644 81 404 MattiaCosmicWatch 1565.883719

0 295 51.75 28.31 0.150241 2021-06-24 16:23:26.934673 181 761 Cecile 1587.425748
1 127 24.18 27.34 0.098246 2021-06-24 16:23:27.119739 166 527 Niels 1587.610814
2 115 23.18 27.45 0.08682 2021-06-24 16:23:27.021493 84 409 MattiaCosmicWatch 1587.512568

0 78 19.92 28.31 0.01888 2021-06-24 16:25:11.896737 197 818 Cecile 1692.387812
1 179 30.55 27.34 2.386263 2021-06-24 16:25:11.877857 185 559 Niels 1692.368932
2 96 21.67 27.56 0.071273 2021-06-24 16:25:12.055511 90 439 MattiaCosmicWatch 1692.546586

0 159 27.66 28.31 0.01914 2021-06-24 16:25:42.000089 200 831 Cecile 1722.491164
1 254 43.77 27.34 2.73692 2021-06-24 16:25:41.980949 189 570 Niels 1722.472024
2 188 32.01 27.67 0.014587 2021-06-24 16:25:42.014676 94 448 MattiaCosmicWatch 1722.505751

