# layer adc volt temp timediff time detector_muon_count detector_count detector_name
0 70 18.93 26.05 10 2021-06-18 19:43:47.157567 0 1 CarloCosmicWatch 0.007366
0 97 21.75 26.05 0.108536 2021-06-18 19:43:47.266103 0 1 M 0.115902
0 344 64.67 27.13 0.256752 2021-06-18 19:43:47.522855 0 1 Florian 0.372654
0 217 37.04 26.05 0.261417 2021-06-18 19:43:47.784272 0 2 CarloCosmicWatch 0.634071
0 448 112.41 26.05 1.187159 2021-06-18 19:43:48.971431 0 2 M 1.82123
0 62 17.75 26.91 0.604699 2021-06-18 19:43:49.576130 0 2 Florian 2.425929
0 49 15.48 26.05 0.344983 2021-06-18 19:43:49.921113 0 3 CarloCosmicWatch 2.770912
0 99 21.91 26.05 0.155473 2021-06-18 19:43:50.076586 0 4 CarloCosmicWatch 2.926385
0 73 19.32 26.05 0.688102 2021-06-18 19:43:50.764688 0 5 CarloCosmicWatch 3.614487
0 302 53.30 26.27 0.033795 2021-06-18 19:43:50.798483 0 6 CarloCosmicWatch 3.648282
0 167 28.76 26.05 0.142358 2021-06-18 19:43:50.940841 0 3 M 3.79064
0 57 16.93 26.05 0.704627 2021-06-18 19:43:51.645468 0 7 CarloCosmicWatch 4.495267
0 67 18.51 26.05 2.496589 2021-06-18 19:43:54.142057 0 8 CarloCosmicWatch 6.991856
0 67 18.51 26.81 0.153197 2021-06-18 19:43:54.295254 0 3 Florian 7.145053
0 51 15.86 26.70 0.561347 2021-06-18 19:43:54.856601 0 4 Florian 7.7064
0 287 50.23 26.05 1.579562 2021-06-18 19:43:56.436163 0 4 M 9.285962
0 352 66.89 26.05 0.154197 2021-06-18 19:43:56.590360 0 9 CarloCosmicWatch 9.440159
0 67 18.51 26.05 0.350344 2021-06-18 19:43:56.940704 0 10 CarloCosmicWatch 9.790503
0 177 30.25 26.05 0.180049 2021-06-18 19:43:57.120753 0 5 M 9.970552
0 51 15.86 26.05 0.403572 2021-06-18 19:43:57.524325 0 11 CarloCosmicWatch 10.374124
0 57 16.93 27.34 0.02618 2021-06-18 19:43:57.550505 0 5 Florian 10.400304
0 124 23.92 26.05 0.097166 2021-06-18 19:43:57.647671 0 12 CarloCosmicWatch 10.49747
0 236 40.44 26.05 0.358152 2021-06-18 19:43:58.005823 0 6 M 10.855622
0 338 62.67 26.05 0.134266 2021-06-18 19:43:58.140089 0 13 CarloCosmicWatch 10.989888
0 376 76.43 26.05 1.216589 2021-06-18 19:43:59.356678 0 14 CarloCosmicWatch 12.206477
0 499 141.24 26.05 0.027389 2021-06-18 19:43:59.384067 0 7 M 12.233866
0 76 19.69 26.05 0.227787 2021-06-18 19:43:59.611854 0 8 M 12.461653
0 51 15.86 26.05 0.06925 2021-06-18 19:43:59.681104 0 9 M 12.530903
0 127 24.18 26.05 0.033592 2021-06-18 19:43:59.714696 0 10 M 12.564495
0 184 31.36 26.05 0.305987 2021-06-18 19:44:00.020683 0 15 CarloCosmicWatch 12.870482
0 153 26.90 26.05 0.292118 2021-06-18 19:44:00.312801 0 11 M 13.1626
0 51 15.86 26.05 1.415483 2021-06-18 19:44:01.728284 0 16 CarloCosmicWatch 14.578083
0 50 15.67 26.05 0.60868 2021-06-18 19:44:02.336964 0 17 CarloCosmicWatch 15.186763
0 115 23.18 26.05 0.444815 2021-06-18 19:44:02.781779 0 18 CarloCosmicWatch 15.631578
0 62 17.75 26.05 0.481551 2021-06-18 19:44:03.263330 0 12 M 16.113129
0 153 26.90 26.91 0.066526 2021-06-18 19:44:03.329856 0 6 Florian 16.179655
0 135 24.92 27.34 0.680049 2021-06-18 19:44:04.009905 0 7 Florian 16.859704
0 56 16.76 26.05 0.772859 2021-06-18 19:44:04.782764 0 13 M 17.632563
0 248 42.69 26.05 0.010668 2021-06-18 19:44:04.793432 0 19 CarloCosmicWatch 17.643231
0 108 22.63 26.05 0.250022 2021-06-18 19:44:05.043454 0 14 M 17.893253
0 124 23.92 27.34 2.19603 2021-06-18 19:44:07.239484 0 8 Florian 20.089283
0 195 33.17 26.05 0.512075 2021-06-18 19:44:07.751559 0 15 M 20.601358
0 177 30.25 26.05 0.13837 2021-06-18 19:44:07.889929 0 20 CarloCosmicWatch 20.739728
0 231 39.55 27.13 1.097708 2021-06-18 19:44:08.987637 0 9 Florian 21.837436
0 96 21.67 26.05 0.255001 2021-06-18 19:44:09.242638 0 21 CarloCosmicWatch 22.092437
0 225 38.48 25.95 1.631182 2021-06-18 19:44:10.873820 0 16 M 23.723619
0 71 19.06 27.24 1.546344 2021-06-18 19:44:12.420164 0 10 Florian 25.269963
0 97 21.75 26.05 0.356652 2021-06-18 19:44:12.776816 0 22 CarloCosmicWatch 25.626615
0 48 15.29 26.05 0.066455 2021-06-18 19:44:12.843271 0 17 M 25.69307
0 156 27.28 26.05 0.196411 2021-06-18 19:44:13.039682 0 23 CarloCosmicWatch 25.889481
0 108 22.63 26.05 0.508126 2021-06-18 19:44:13.547808 0 24 CarloCosmicWatch 26.397607
0 79 20.03 26.05 0.396167 2021-06-18 19:44:13.943975 0 18 M 26.793774
0 192 32.67 26.05 0.194064 2021-06-18 19:44:14.138039 0 19 M 26.987838
0 295 51.75 26.05 0.564285 2021-06-18 19:44:14.702324 0 20 M 27.552123
0 60 17.43 27.13 0.816689 2021-06-18 19:44:15.519013 0 11 Florian 28.368812
0 92 21.32 26.05 0.296593 2021-06-18 19:44:15.815606 0 25 CarloCosmicWatch 28.665405
0 504 143.61 26.05 0.93386 2021-06-18 19:44:16.749466 0 26 CarloCosmicWatch 29.599265
0 124 23.92 26.05 0.740037 2021-06-18 19:44:17.489503 0 21 M 30.339302
0 92 21.32 26.05 0.242094 2021-06-18 19:44:17.731597 0 22 M 30.581396
0 63 17.91 26.05 0.152101 2021-06-18 19:44:17.883698 0 27 CarloCosmicWatch 30.733497
0 159 27.66 27.13 0.41829 2021-06-18 19:44:18.301988 0 12 Florian 31.151787
0 177 30.25 26.05 0.335383 2021-06-18 19:44:18.637371 0 28 CarloCosmicWatch 31.48717
0 48 15.29 26.91 0.450308 2021-06-18 19:44:19.087679 0 13 Florian 31.937478
0 57 16.93 26.05 1.17981 2021-06-18 19:44:20.267489 0 23 M 33.117288
0 71 19.06 26.05 1.50457 2021-06-18 19:44:21.772059 0 29 CarloCosmicWatch 34.621858
0 265 45.75 26.05 0.338943 2021-06-18 19:44:22.111002 0 24 M 34.960801
0 167 28.76 26.05 0.011575 2021-06-18 19:44:22.122577 0 30 CarloCosmicWatch 34.972376
0 455 117.03 26.05 0.112727 2021-06-18 19:44:22.235304 0 31 CarloCosmicWatch 35.085103
0 249 42.85 26.05 0.34429 2021-06-18 19:44:22.579594 0 32 CarloCosmicWatch 35.429393
0 92 21.32 26.05 0.337021 2021-06-18 19:44:22.916615 0 33 CarloCosmicWatch 35.766414
0 99 21.91 26.05 0.066687 2021-06-18 19:44:22.983302 0 25 M 35.833101
0 88 20.96 26.05 0.394969 2021-06-18 19:44:23.378271 0 34 CarloCosmicWatch 36.22807
0 63 17.91 26.70 0.453789 2021-06-18 19:44:23.832060 0 14 Florian 36.681859
0 101 22.08 26.05 0.0557 2021-06-18 19:44:23.887760 0 26 M 36.737559
0 127 24.18 26.91 0.145126 2021-06-18 19:44:24.032886 0 15 Florian 36.882685
0 56 16.76 26.05 0.773847 2021-06-18 19:44:24.806733 0 27 M 37.656532
0 121 23.66 26.05 0.266755 2021-06-18 19:44:25.073488 0 35 CarloCosmicWatch 37.923287
0 193 32.84 26.05 0.541775 2021-06-18 19:44:25.615263 0 36 CarloCosmicWatch 38.465062
0 243 41.74 26.05 1.059514 2021-06-18 19:44:26.674777 0 37 CarloCosmicWatch 39.524576
0 216 36.85 26.05 0.217357 2021-06-18 19:44:26.892134 0 38 CarloCosmicWatch 39.741933
0 110 22.78 26.05 0.692179 2021-06-18 19:44:27.584313 0 28 M 40.434112
0 135 24.92 26.05 0.0535 2021-06-18 19:44:27.637813 0 39 CarloCosmicWatch 40.487612
0 63 17.91 26.05 0.945523 2021-06-18 19:44:28.583336 0 40 CarloCosmicWatch 41.433135
0 62 17.75 26.91 0.092401 2021-06-18 19:44:28.675737 0 16 Florian 41.525536
0 79 20.03 26.05 0.783288 2021-06-18 19:44:29.459025 0 41 CarloCosmicWatch 42.308824
0 192 32.67 26.05 0.033963 2021-06-18 19:44:29.492988 0 42 CarloCosmicWatch 42.342787
0 57 16.93 26.81 0.050722 2021-06-18 19:44:29.543710 0 17 Florian 42.393509
0 79 20.03 27.13 0.564245 2021-06-18 19:44:30.107955 0 18 Florian 42.957754
0 220 37.58 26.05 0.594367 2021-06-18 19:44:30.702322 0 43 CarloCosmicWatch 43.552121
0 79 20.03 26.05 0.177234 2021-06-18 19:44:30.879556 0 44 CarloCosmicWatch 43.729355
0 192 32.67 26.05 0.76846 2021-06-18 19:44:31.648016 0 45 CarloCosmicWatch 44.497815
0 92 21.32 27.13 0.859693 2021-06-18 19:44:32.507709 0 19 Florian 45.357508
0 147 26.19 26.05 0.184157 2021-06-18 19:44:32.691866 0 46 CarloCosmicWatch 45.541665
0 435 104.92 26.05 0.094738 2021-06-18 19:44:32.786604 0 47 CarloCosmicWatch 45.636403
0 108 22.63 27.13 0.234686 2021-06-18 19:44:33.021290 0 20 Florian 45.871089
0 124 23.92 26.27 0.475461 2021-06-18 19:44:33.496751 0 48 CarloCosmicWatch 46.34655
0 231 39.55 26.91 0.510294 2021-06-18 19:44:34.007045 0 21 Florian 46.856844
0 82 20.36 26.05 0.065705 2021-06-18 19:44:34.072750 0 49 CarloCosmicWatch 46.922549
0 60 17.43 26.05 0.222831 2021-06-18 19:44:34.295581 0 50 CarloCosmicWatch 47.14538
0 63 17.91 26.05 0.167365 2021-06-18 19:44:34.462946 0 51 CarloCosmicWatch 47.312745
0 67 18.51 26.05 0.437537 2021-06-18 19:44:34.900483 0 52 CarloCosmicWatch 47.750282
0 60 17.43 26.05 0.150158 2021-06-18 19:44:35.050641 0 53 CarloCosmicWatch 47.90044
0 83 20.46 27.34 0.095081 2021-06-18 19:44:35.145722 0 22 Florian 47.995521
0 120 23.58 26.05 0.132884 2021-06-18 19:44:35.278606 0 29 M 48.128405
0 71 19.06 27.34 0.453089 2021-06-18 19:44:35.731695 0 23 Florian 48.581494
0 176 30.09 26.05 0.181123 2021-06-18 19:44:35.912818 0 30 M 48.762617
0 57 16.93 26.05 0.131895 2021-06-18 19:44:36.044713 0 31 M 48.894512
0 103 22.23 26.81 0.771533 2021-06-18 19:44:36.816246 0 24 Florian 49.666045
0 60 17.43 26.05 0.161876 2021-06-18 19:44:36.978122 0 54 CarloCosmicWatch 49.827921
0 478 129.43 26.05 0.569134 2021-06-18 19:44:37.547256 0 32 M 50.397055
0 71 19.06 27.34 1.557668 2021-06-18 19:44:39.104924 0 25 Florian 51.954723
0 143 25.74 26.05 0.15851 2021-06-18 19:44:39.263434 0 33 M 52.113233
0 604 210.97 26.05 0.372419 2021-06-18 19:44:39.635853 0 55 CarloCosmicWatch 52.485652
0 153 26.90 26.05 0.957877 2021-06-18 19:44:40.593730 0 56 CarloCosmicWatch 53.443529
0 359 69.86 26.27 0.694433 2021-06-18 19:44:41.288163 0 57 CarloCosmicWatch 54.137962
0 252 43.42 26.05 0.601847 2021-06-18 19:44:41.890010 0 58 CarloCosmicWatch 54.739809
0 243 41.74 26.05 0.522048 2021-06-18 19:44:42.412058 0 59 CarloCosmicWatch 55.261857
0 63 17.91 26.05 0.680975 2021-06-18 19:44:43.093033 0 34 M 55.942832
0 225 38.48 26.05 0.21921 2021-06-18 19:44:43.312243 0 35 M 56.162042
0 83 20.46 26.05 0.623047 2021-06-18 19:44:43.935290 0 60 CarloCosmicWatch 56.785089
0 127 24.18 26.05 0.849576 2021-06-18 19:44:44.784866 0 36 M 57.634665
0 71 19.06 26.05 0.888486 2021-06-18 19:44:45.673352 0 61 CarloCosmicWatch 58.523151
0 79 20.03 26.05 0.324471 2021-06-18 19:44:45.997823 0 37 M 58.847622
0 49 15.48 26.05 0.804093 2021-06-18 19:44:46.801916 0 62 CarloCosmicWatch 59.651715
0 391 82.35 26.05 0.317978 2021-06-18 19:44:47.119894 0 38 M 59.969693
0 163 28.20 26.05 1.625079 2021-06-18 19:44:48.744973 0 63 CarloCosmicWatch 61.594772
0 103 22.23 26.05 0.743383 2021-06-18 19:44:49.488356 0 64 CarloCosmicWatch 62.338155
0 50 15.67 26.05 0.448356 2021-06-18 19:44:49.936712 0 65 CarloCosmicWatch 62.786511
0 67 18.51 26.05 0.446909 2021-06-18 19:44:50.383621 0 39 M 63.23342
0 48 15.29 26.05 0.034524 2021-06-18 19:44:50.418145 0 66 CarloCosmicWatch 63.267944
0 76 19.69 26.05 0.393807 2021-06-18 19:44:50.811952 0 67 CarloCosmicWatch 63.661751
0 96 21.67 26.05 0.253427 2021-06-18 19:44:51.065379 0 40 M 63.915178
0 62 17.75 26.05 0.413777 2021-06-18 19:44:51.479156 0 68 CarloCosmicWatch 64.328955
0 199 33.86 26.05 0.27915 2021-06-18 19:44:51.758306 0 69 CarloCosmicWatch 64.608105
0 50 15.67 26.05 0.623198 2021-06-18 19:44:52.381504 0 41 M 65.231303
0 220 37.58 26.05 0.657353 2021-06-18 19:44:53.038857 0 70 CarloCosmicWatch 65.888656
0 120 23.58 26.70 0.310309 2021-06-18 19:44:53.349166 0 26 Florian 66.198965
0 248 42.69 26.05 0.330872 2021-06-18 19:44:53.680038 0 71 CarloCosmicWatch 66.529837
0 127 24.18 26.05 0.033815 2021-06-18 19:44:53.713853 0 72 CarloCosmicWatch 66.563652
0 143 25.74 26.05 0.066566 2021-06-18 19:44:53.780419 0 73 CarloCosmicWatch 66.630218
0 110 22.78 26.59 0.170013 2021-06-18 19:44:53.950432 0 27 Florian 66.800231
0 326 59.13 25.73 0.297136 2021-06-18 19:44:54.247568 0 42 M 67.097367
0 67 18.51 26.05 0.798679 2021-06-18 19:44:55.046247 0 74 CarloCosmicWatch 67.896046
0 179 30.55 26.05 0.351121 2021-06-18 19:44:55.397368 0 75 CarloCosmicWatch 68.247167
0 60 17.43 26.81 0.213877 2021-06-18 19:44:55.611245 0 28 Florian 68.461044
0 167 28.76 26.05 0.689779 2021-06-18 19:44:56.301024 0 76 CarloCosmicWatch 69.150823
0 70 18.93 26.59 0.23705 2021-06-18 19:44:56.538074 0 29 Florian 69.387873
0 66 18.36 26.70 0.156032 2021-06-18 19:44:56.694106 0 30 Florian 69.543905
0 71 19.06 26.05 1.253747 2021-06-18 19:44:57.947853 0 77 CarloCosmicWatch 70.797652
0 112 22.94 26.05 0.671346 2021-06-18 19:44:58.619199 0 78 CarloCosmicWatch 71.468998
0 63 17.91 26.05 0.662032 2021-06-18 19:44:59.281231 0 43 M 72.13103
0 92 21.32 26.70 1.064953 2021-06-18 19:45:00.346184 0 31 Florian 73.195983
0 127 24.18 26.05 0.614331 2021-06-18 19:45:00.960515 0 44 M 73.810314
0 217 37.04 26.05 0.120768 2021-06-18 19:45:01.081283 0 45 M 73.931082
0 318 57.28 26.05 0.366308 2021-06-18 19:45:01.447591 0 79 CarloCosmicWatch 74.29739
0 67 18.51 26.05 0.175103 2021-06-18 19:45:01.622694 0 80 CarloCosmicWatch 74.472493
0 263 45.37 26.05 0.60248 2021-06-18 19:45:02.225174 0 81 CarloCosmicWatch 75.074973
0 224 38.29 26.05 1.085346 2021-06-18 19:45:03.310520 0 46 M 76.160319
0 67 18.51 26.70 0.094963 2021-06-18 19:45:03.405483 0 32 Florian 76.255282
0 179 30.55 26.27 0.060417 2021-06-18 19:45:03.465900 0 82 CarloCosmicWatch 76.315699
0 249 42.85 26.05 0.033683 2021-06-18 19:45:03.499583 0 83 CarloCosmicWatch 76.349382
0 60 17.43 26.05 0.108479 2021-06-18 19:45:03.608062 0 84 CarloCosmicWatch 76.457861
0 327 59.28 26.38 0.147985 2021-06-18 19:45:03.756047 0 33 Florian 76.605846
0 319 57.64 26.70 0.519858 2021-06-18 19:45:04.275905 0 34 Florian 77.125704
0 103 22.23 26.05 0.826651 2021-06-18 19:45:05.102556 0 85 CarloCosmicWatch 77.952355
0 103 22.23 26.48 0.58904 2021-06-18 19:45:05.691596 0 35 Florian 78.541395
0 71 19.06 26.05 0.017981 2021-06-18 19:45:05.709577 0 47 M 78.559376
0 108 22.63 26.05 0.820526 2021-06-18 19:45:06.530103 0 86 CarloCosmicWatch 79.379902
0 60 17.43 26.05 0.033868 2021-06-18 19:45:06.563971 0 87 CarloCosmicWatch 79.41377
0 312 55.68 26.91 0.803359 2021-06-18 19:45:07.367330 0 36 Florian 80.217129
0 56 16.76 26.05 0.960143 2021-06-18 19:45:08.327473 0 88 CarloCosmicWatch 81.177272
0 62 17.75 26.48 0.033659 2021-06-18 19:45:08.361132 0 37 Florian 81.210931
0 97 21.75 26.05 0.005139 2021-06-18 19:45:08.366271 0 89 CarloCosmicWatch 81.21607
0 76 19.69 26.05 0.102193 2021-06-18 19:45:08.468464 0 48 M 81.318263
0 88 20.96 26.05 0.178661 2021-06-18 19:45:08.647125 0 90 CarloCosmicWatch 81.496924
0 51 15.86 26.05 0.033795 2021-06-18 19:45:08.680920 0 49 M 81.530719
0 60 17.43 26.05 0.000154 2021-06-18 19:45:08.681074 0 91 CarloCosmicWatch 81.530873
0 204 34.73 26.05 1.811001 2021-06-18 19:45:10.492075 0 92 CarloCosmicWatch 83.341874
0 92 21.32 26.05 0.619762 2021-06-18 19:45:11.111837 0 93 CarloCosmicWatch 83.961636
0 103 22.23 26.05 0.424453 2021-06-18 19:45:11.536290 0 50 M 84.386089
0 332 61.17 26.05 0.033731 2021-06-18 19:45:11.570021 0 51 M 84.41982
0 48 15.29 26.05 0.649706 2021-06-18 19:45:12.219727 0 52 M 85.069526
0 67 18.51 26.05 0.035288 2021-06-18 19:45:12.255015 0 94 CarloCosmicWatch 85.104814
0 143 25.74 26.05 0.441949 2021-06-18 19:45:12.696964 0 95 CarloCosmicWatch 85.546763
0 88 20.96 26.70 0.241534 2021-06-18 19:45:12.938498 0 38 Florian 85.788297
0 88 20.96 25.63 0.855327 2021-06-18 19:45:13.793825 0 53 M 86.643624
0 71 19.06 26.05 0.02725 2021-06-18 19:45:13.821075 0 96 CarloCosmicWatch 86.670874
0 113 23.02 26.05 0.443579 2021-06-18 19:45:14.264654 0 54 M 87.114453
0 115 23.18 26.91 0.143917 2021-06-18 19:45:14.408571 0 39 Florian 87.25837
0 143 25.74 26.05 0.336408 2021-06-18 19:45:14.744979 0 97 CarloCosmicWatch 87.594778
0 79 20.03 26.05 1.250493 2021-06-18 19:45:15.995472 0 98 CarloCosmicWatch 88.845271
0 60 17.43 26.05 0.854512 2021-06-18 19:45:16.849984 0 99 CarloCosmicWatch 89.699783
0 96 21.67 26.05 0.447552 2021-06-18 19:45:17.297536 0 55 M 90.147335
0 121 23.66 26.05 1.954433 2021-06-18 19:45:19.251969 0 56 M 92.101768
0 271 46.93 26.05 0.118785 2021-06-18 19:45:19.370754 0 100 CarloCosmicWatch 92.220553
0 334 61.44 26.05 0.136955 2021-06-18 19:45:19.507709 0 101 CarloCosmicWatch 92.357508
0 103 22.23 26.05 0.427963 2021-06-18 19:45:19.935672 0 57 M 92.785471
0 103 22.23 26.05 1.034014 2021-06-18 19:45:20.969686 0 58 M 93.819485
0 71 19.06 26.48 0.241108 2021-06-18 19:45:21.210794 0 40 Florian 94.060593
0 78 19.92 26.05 0.7367 2021-06-18 19:45:21.947494 0 59 M 94.797293
0 63 17.91 26.05 0.127816 2021-06-18 19:45:22.075310 0 102 CarloCosmicWatch 94.925109
0 112 22.94 26.05 1.235493 2021-06-18 19:45:23.310803 0 103 CarloCosmicWatch 96.160602
0 167 28.76 26.05 0.60222 2021-06-18 19:45:23.913023 0 104 CarloCosmicWatch 96.762822
0 81 20.25 26.05 0.350565 2021-06-18 19:45:24.263588 0 105 CarloCosmicWatch 97.113387
0 71 19.06 26.70 0.06572 2021-06-18 19:45:24.329308 0 41 Florian 97.179107
0 56 16.76 26.70 0.198673 2021-06-18 19:45:24.527981 0 42 Florian 97.37778
0 153 26.90 26.05 0.373191 2021-06-18 19:45:24.901172 0 106 CarloCosmicWatch 97.750971
0 319 57.64 25.73 0.867734 2021-06-18 19:45:25.768906 0 60 M 98.618705
0 647 246.69 26.48 0.201666 2021-06-18 19:45:25.970572 0 43 Florian 98.820371
0 231 39.55 26.05 1.231924 2021-06-18 19:45:27.202496 0 61 M 100.052295
0 167 28.76 26.05 0.042134 2021-06-18 19:45:27.244630 0 107 CarloCosmicWatch 100.094429
0 103 22.23 26.05 0.17909 2021-06-18 19:45:27.423720 0 108 CarloCosmicWatch 100.273519
0 327 59.28 26.05 1.064005 2021-06-18 19:45:28.487725 0 109 CarloCosmicWatch 101.337524
0 156 27.28 26.59 0.565415 2021-06-18 19:45:29.053140 0 44 Florian 101.902939
0 172 29.49 26.05 0.932915 2021-06-18 19:45:29.986055 0 110 CarloCosmicWatch 102.835854
0 353 67.64 26.05 0.247108 2021-06-18 19:45:30.233163 0 111 CarloCosmicWatch 103.082962
0 56 16.76 26.70 1.433865 2021-06-18 19:45:31.667028 0 45 Florian 104.516827
0 83 20.46 26.70 0.347546 2021-06-18 19:45:32.014574 0 46 Florian 104.864373
0 63 17.91 26.05 0.098729 2021-06-18 19:45:32.113303 0 62 M 104.963102
0 199 33.86 26.05 0.272762 2021-06-18 19:45:32.386065 0 63 M 105.235864
0 252 43.42 26.05 0.033699 2021-06-18 19:45:32.419764 0 64 M 105.269563
0 172 29.49 26.48 0.190394 2021-06-18 19:45:32.610158 0 47 Florian 105.459957
0 143 25.74 26.05 1.026122 2021-06-18 19:45:33.636280 0 112 CarloCosmicWatch 106.486079
0 403 88.99 26.05 0.271436 2021-06-18 19:45:33.907716 0 113 CarloCosmicWatch 106.757515
0 50 15.67 26.91 1.002281 2021-06-18 19:45:34.909997 0 48 Florian 107.759796
0 57 16.93 26.05 0.331708 2021-06-18 19:45:35.241705 0 65 M 108.091504
0 78 19.92 26.48 0.523921 2021-06-18 19:45:35.765626 0 49 Florian 108.615425
0 195 33.17 26.59 0.551332 2021-06-18 19:45:36.316958 0 50 Florian 109.166757
0 134 24.82 26.70 0.440889 2021-06-18 19:45:36.757847 0 51 Florian 109.607646
0 359 69.86 26.05 0.320644 2021-06-18 19:45:37.078491 0 114 CarloCosmicWatch 109.92829
0 345 64.98 26.05 0.033702 2021-06-18 19:45:37.112193 0 66 M 109.961992
0 210 35.78 26.05 0.000266 2021-06-18 19:45:37.112459 0 115 CarloCosmicWatch 109.962258
0 70 18.93 26.05 0.361277 2021-06-18 19:45:37.473736 0 116 CarloCosmicWatch 110.323535
0 167 28.76 26.05 0.28321 2021-06-18 19:45:37.756946 0 117 CarloCosmicWatch 110.606745
0 56 16.76 26.05 1.085721 2021-06-18 19:45:38.842667 0 67 M 111.692466
0 159 27.66 26.05 0.588908 2021-06-18 19:45:39.431575 0 118 CarloCosmicWatch 112.281374
0 179 30.55 26.05 0.624672 2021-06-18 19:45:40.056247 0 119 CarloCosmicWatch 112.906046
0 216 36.85 26.05 0.09733 2021-06-18 19:45:40.153577 0 120 CarloCosmicWatch 113.003376
0 444 109.09 26.38 0.52726 2021-06-18 19:45:40.680837 0 52 Florian 113.530636
0 543 164.77 26.05 0.900022 2021-06-18 19:45:41.580859 0 121 CarloCosmicWatch 114.430658
0 71 19.06 26.70 0.432021 2021-06-18 19:45:42.012880 0 53 Florian 114.862679
0 92 21.32 26.70 0.537885 2021-06-18 19:45:42.550765 0 54 Florian 115.400564
0 496 144.49 26.05 0.017963 2021-06-18 19:45:42.568728 0 122 CarloCosmicWatch 115.418527
0 71 19.06 26.05 0.843392 2021-06-18 19:45:43.412120 0 68 M 116.261919
0 263 45.37 26.05 0.196474 2021-06-18 19:45:43.608594 0 123 CarloCosmicWatch 116.458393
0 156 27.28 26.05 0.294705 2021-06-18 19:45:43.903299 0 124 CarloCosmicWatch 116.753098
0 60 17.43 26.05 0.288248 2021-06-18 19:45:44.191547 0 69 M 117.041346
0 112 22.94 26.05 1.742314 2021-06-18 19:45:45.933861 0 125 CarloCosmicWatch 118.78366
0 240 41.21 26.38 0.366712 2021-06-18 19:45:46.300573 0 55 Florian 119.150372
0 131 24.54 26.38 0.441049 2021-06-18 19:45:46.741622 0 56 Florian 119.591421
0 112 22.94 26.70 0.098594 2021-06-18 19:45:46.840216 0 57 Florian 119.690015
0 167 28.76 26.05 0.570212 2021-06-18 19:45:47.410428 0 70 M 120.260227
0 94 21.50 26.05 0.156665 2021-06-18 19:45:47.567093 0 71 M 120.416892
0 176 30.09 26.05 0.094464 2021-06-18 19:45:47.661557 0 72 M 120.511356
0 50 15.67 26.05 0.214733 2021-06-18 19:45:47.876290 0 126 CarloCosmicWatch 120.726089
0 92 21.32 26.05 0.591572 2021-06-18 19:45:48.467862 0 127 CarloCosmicWatch 121.317661
0 339 62.98 26.05 0.115977 2021-06-18 19:45:48.583839 0 73 M 121.433638
0 66 18.36 26.05 0.621949 2021-06-18 19:45:49.205788 0 128 CarloCosmicWatch 122.055587
0 79 20.03 26.48 0.14887 2021-06-18 19:45:49.354658 0 58 Florian 122.204457
0 110 22.78 26.05 0.080017 2021-06-18 19:45:49.434675 0 129 CarloCosmicWatch 122.284474
0 60 17.43 26.70 0.321627 2021-06-18 19:45:49.756302 0 59 Florian 122.606101
0 103 22.23 26.05 0.790168 2021-06-18 19:45:50.546470 0 74 M 123.396269
0 51 15.86 26.05 0.255178 2021-06-18 19:45:50.801648 0 130 CarloCosmicWatch 123.651447
0 263 45.37 26.16 1.727695 2021-06-18 19:45:52.529343 0 60 Florian 125.379142
0 51 15.86 26.05 0.344539 2021-06-18 19:45:52.873882 0 131 CarloCosmicWatch 125.723681
0 391 82.35 26.05 0.23557 2021-06-18 19:45:53.109452 0 132 CarloCosmicWatch 125.959251
0 159 27.66 26.05 0.236122 2021-06-18 19:45:53.345574 0 75 M 126.195373
0 67 18.51 25.73 0.369295 2021-06-18 19:45:53.714869 0 76 M 126.564668
0 103 22.23 26.05 0.077781 2021-06-18 19:45:53.792650 0 133 CarloCosmicWatch 126.642449
0 152 26.78 26.05 1.067163 2021-06-18 19:45:54.859813 0 77 M 127.709612
0 89 21.05 26.05 0.673266 2021-06-18 19:45:55.533079 0 134 CarloCosmicWatch 128.382878
0 120 23.58 26.27 0.154585 2021-06-18 19:45:55.687664 0 61 Florian 128.537463
0 92 21.32 26.05 1.26518 2021-06-18 19:45:56.952844 0 78 M 129.802643
0 236 40.44 26.05 0.192261 2021-06-18 19:45:57.145105 0 135 CarloCosmicWatch 129.994904
0 67 18.51 26.05 0.21549 2021-06-18 19:45:57.360595 0 136 CarloCosmicWatch 130.210394
0 398 85.63 26.05 0.604223 2021-06-18 19:45:57.964818 0 137 CarloCosmicWatch 130.814617
0 678 274.92 24.98 0.087894 2021-06-18 19:45:58.052712 0 79 M 130.902511
0 63 17.91 26.05 1.907405 2021-06-18 19:45:59.960117 0 80 M 132.809916
0 120 23.58 26.05 0.034273 2021-06-18 19:45:59.994390 0 81 M 132.844189
0 61 17.60 26.05 0.820182 2021-06-18 19:46:00.814572 0 138 CarloCosmicWatch 133.664371
0 224 38.29 26.27 0.028567 2021-06-18 19:46:00.843139 0 62 Florian 133.692938
0 169 29.05 26.05 0.849676 2021-06-18 19:46:01.692815 0 139 CarloCosmicWatch 134.542614
0 332 61.17 26.05 0.361651 2021-06-18 19:46:02.054466 0 82 M 134.904265
0 368 72.93 26.05 0.390178 2021-06-18 19:46:02.444644 0 140 CarloCosmicWatch 135.294443
0 195 33.17 26.05 0.062043 2021-06-18 19:46:02.506687 0 141 CarloCosmicWatch 135.356486
0 51 15.86 26.05 1.661226 2021-06-18 19:46:04.167913 0 83 M 137.017712
0 88 20.96 26.05 0.033673 2021-06-18 19:46:04.201586 0 84 M 137.051385
0 121 23.66 26.05 1.247084 2021-06-18 19:46:05.448670 0 85 M 138.298469
0 211 35.96 26.38 0.154569 2021-06-18 19:46:05.603239 0 63 Florian 138.453038
0 99 21.91 26.05 0.033821 2021-06-18 19:46:05.637060 0 64 Florian 138.486859
0 271 46.93 26.05 0.577203 2021-06-18 19:46:06.214263 0 142 CarloCosmicWatch 139.064062
0 135 24.92 26.48 0.318024 2021-06-18 19:46:06.532287 0 65 Florian 139.382086
0 57 16.93 26.27 0.075217 2021-06-18 19:46:06.607504 0 66 Florian 139.457303
0 88 20.96 26.27 0.916434 2021-06-18 19:46:07.523938 0 67 Florian 140.373737
0 108 22.63 26.05 0.050658 2021-06-18 19:46:07.574596 0 86 M 140.424395
0 66 18.36 26.05 0.033587 2021-06-18 19:46:07.608183 0 87 M 140.457982
0 108 22.63 26.05 0.901302 2021-06-18 19:46:08.509485 0 88 M 141.359284
0 153 26.90 26.05 0.162019 2021-06-18 19:46:08.671504 0 89 M 141.521303
0 126 24.09 26.05 0.151739 2021-06-18 19:46:08.823243 0 68 Florian 141.673042
0 48 15.29 26.05 0.842369 2021-06-18 19:46:09.665612 0 143 CarloCosmicWatch 142.515411
0 112 22.94 26.48 0.115568 2021-06-18 19:46:09.781180 0 69 Florian 142.630979
0 92 21.32 26.05 0.555053 2021-06-18 19:46:10.336233 0 144 CarloCosmicWatch 143.186032
0 238 40.82 26.59 0.502204 2021-06-18 19:46:10.838437 0 70 Florian 143.688236
0 99 21.91 26.27 0.543933 2021-06-18 19:46:11.382370 0 145 CarloCosmicWatch 144.232169
0 112 22.94 26.05 0.122698 2021-06-18 19:46:11.505068 0 146 CarloCosmicWatch 144.354867
0 97 21.75 26.05 0.31614 2021-06-18 19:46:11.821208 0 147 CarloCosmicWatch 144.671007
0 56 16.76 26.05 1.247291 2021-06-18 19:46:13.068499 0 148 CarloCosmicWatch 145.918298
0 127 24.18 26.05 0.334083 2021-06-18 19:46:13.402582 0 149 CarloCosmicWatch 146.252381
0 231 39.55 26.05 0.473562 2021-06-18 19:46:13.876144 0 90 M 146.725943
0 295 51.75 26.05 0.527919 2021-06-18 19:46:14.404063 0 150 CarloCosmicWatch 147.253862
0 70 18.93 26.38 0.154621 2021-06-18 19:46:14.558684 0 71 Florian 147.408483
0 76 19.69 26.05 0.112336 2021-06-18 19:46:14.671020 0 151 CarloCosmicWatch 147.520819
0 240 41.21 26.05 0.07151 2021-06-18 19:46:14.742530 0 91 M 147.592329
0 83 20.46 26.05 0.621284 2021-06-18 19:46:15.363814 0 152 CarloCosmicWatch 148.213613
0 355 68.30 26.91 0.319326 2021-06-18 19:46:15.683140 0 72 Florian 148.532939
0 56 16.76 26.38 0.082311 2021-06-18 19:46:15.765451 0 73 Florian 148.61525
0 112 22.94 26.05 0.034462 2021-06-18 19:46:15.799913 0 153 CarloCosmicWatch 148.649712
0 263 45.37 26.05 0.033766 2021-06-18 19:46:15.833679 0 154 CarloCosmicWatch 148.683478
0 60 17.43 26.27 0.05609 2021-06-18 19:46:15.889769 0 74 Florian 148.739568
0 127 24.18 26.27 0.167273 2021-06-18 19:46:16.057042 0 75 Florian 148.906841
0 273 47.25 26.05 0.179442 2021-06-18 19:46:16.236484 0 155 CarloCosmicWatch 149.086283
0 142 25.64 26.05 0.394007 2021-06-18 19:46:16.630491 0 92 M 149.48029
0 89 21.05 26.91 0.097675 2021-06-18 19:46:16.728166 0 76 Florian 149.577965
0 67 18.51 26.05 0.413051 2021-06-18 19:46:17.141217 0 156 CarloCosmicWatch 149.991016
0 287 50.23 26.05 1.219885 2021-06-18 19:46:18.361102 0 93 M 151.210901
0 355 68.30 26.05 0.84503 2021-06-18 19:46:19.206132 0 157 CarloCosmicWatch 152.055931
0 115 23.18 26.05 0.435825 2021-06-18 19:46:19.641957 0 158 CarloCosmicWatch 152.491756
0 71 19.06 26.05 0.066827 2021-06-18 19:46:19.708784 0 94 M 152.558583
0 71 19.06 26.05 0.617859 2021-06-18 19:46:20.326643 0 95 M 153.176442
0 96 21.67 26.48 0.528881 2021-06-18 19:46:20.855524 0 77 Florian 153.705323
0 79 20.03 26.48 0.723262 2021-06-18 19:46:21.578786 0 78 Florian 154.428585
0 96 21.67 26.05 0.350928 2021-06-18 19:46:21.929714 0 96 M 154.779513
0 460 119.54 26.05 0.033684 2021-06-18 19:46:21.963398 0 97 M 154.813197
0 113 23.02 26.05 0.647374 2021-06-18 19:46:22.610772 0 98 M 155.460571
0 512 144.44 26.05 0.564713 2021-06-18 19:46:23.175485 0 159 CarloCosmicWatch 156.025284
0 49 15.48 26.05 0.283024 2021-06-18 19:46:23.458509 0 99 M 156.308308
0 63 17.91 26.38 0.255937 2021-06-18 19:46:23.714446 0 79 Florian 156.564245
0 159 27.66 26.05 1.046761 2021-06-18 19:46:24.761207 0 160 CarloCosmicWatch 157.611006
0 227 38.83 26.05 0.430033 2021-06-18 19:46:25.191240 0 161 CarloCosmicWatch 158.041039
0 62 17.75 26.05 0.399596 2021-06-18 19:46:25.590836 0 100 M 158.440635
0 71 19.06 26.05 0.646085 2021-06-18 19:46:26.236921 0 101 M 159.08672
0 193 32.84 26.05 0.172966 2021-06-18 19:46:26.409887 0 102 M 159.259686
0 295 51.75 26.05 0.302086 2021-06-18 19:46:26.711973 0 162 CarloCosmicWatch 159.561772
0 113 23.02 26.05 0.282519 2021-06-18 19:46:26.994492 0 103 M 159.844291
0 140 25.42 26.05 0.083674 2021-06-18 19:46:27.078166 0 104 M 159.927965
0 60 17.43 26.05 0.612341 2021-06-18 19:46:27.690507 0 105 M 160.540306
0 62 17.75 26.05 0.525555 2021-06-18 19:46:28.216062 0 163 CarloCosmicWatch 161.065861
0 393 83.55 26.16 0.475071 2021-06-18 19:46:28.691133 0 80 Florian 161.540932
0 92 21.32 26.05 0.169554 2021-06-18 19:46:28.860687 0 106 M 161.710486
0 176 30.09 26.05 0.546988 2021-06-18 19:46:29.407675 0 107 M 162.257474
0 192 32.67 26.05 0.409704 2021-06-18 19:46:29.817379 0 164 CarloCosmicWatch 162.667178
0 63 17.91 26.05 0.101725 2021-06-18 19:46:29.919104 0 165 CarloCosmicWatch 162.768903
0 62 17.75 26.27 0.176775 2021-06-18 19:46:30.095879 0 81 Florian 162.945678
0 147 26.19 26.16 0.074859 2021-06-18 19:46:30.170738 0 166 CarloCosmicWatch 163.020537
0 92 21.32 26.05 0.140914 2021-06-18 19:46:30.311652 0 167 CarloCosmicWatch 163.161451
0 51 15.86 26.27 0.701617 2021-06-18 19:46:31.013269 0 82 Florian 163.863068
0 209 35.61 26.05 0.079564 2021-06-18 19:46:31.092833 0 108 M 163.942632
0 216 36.85 26.05 1.310097 2021-06-18 19:46:32.402930 0 109 M 165.252729
0 380 78.12 26.05 0.049023 2021-06-18 19:46:32.451953 0 168 CarloCosmicWatch 165.301752
0 326 59.13 26.05 0.25577 2021-06-18 19:46:32.707723 0 83 Florian 165.557522
0 76 19.69 26.05 1.428558 2021-06-18 19:46:34.136281 0 169 CarloCosmicWatch 166.98608
0 591 188.65 26.05 0.519218 2021-06-18 19:46:34.655499 0 170 CarloCosmicWatch 167.505298
0 291 50.97 26.27 0.289463 2021-06-18 19:46:34.944962 0 171 CarloCosmicWatch 167.794761
0 220 37.58 26.05 1.145643 2021-06-18 19:46:36.090605 0 172 CarloCosmicWatch 168.940404
0 163 28.20 26.38 0.054125 2021-06-18 19:46:36.144730 0 84 Florian 168.994529
0 99 21.91 26.05 0.060375 2021-06-18 19:46:36.205105 0 110 M 169.054904
0 153 26.90 26.27 0.103186 2021-06-18 19:46:36.308291 0 173 CarloCosmicWatch 169.15809
0 165 28.48 26.38 0.069377 2021-06-18 19:46:36.377668 0 85 Florian 169.227467
0 48 15.29 26.38 1.223772 2021-06-18 19:46:37.601440 0 86 Florian 170.451239
0 124 23.92 26.05 0.25799 2021-06-18 19:46:37.859430 0 174 CarloCosmicWatch 170.709229
0 204 34.73 26.05 0.118518 2021-06-18 19:46:37.977948 0 175 CarloCosmicWatch 170.827747
0 152 26.78 26.05 0.32879 2021-06-18 19:46:38.306738 0 176 CarloCosmicWatch 171.156537
0 312 55.68 26.48 0.130847 2021-06-18 19:46:38.437585 0 87 Florian 171.287384
0 71 19.06 26.05 0.252206 2021-06-18 19:46:38.689791 0 177 CarloCosmicWatch 171.53959
0 56 16.76 26.27 0.880093 2021-06-18 19:46:39.569884 0 88 Florian 172.419683
0 49 15.48 26.27 0.11072 2021-06-18 19:46:39.680604 0 89 Florian 172.530403
0 536 160.18 26.05 0.491533 2021-06-18 19:46:40.172137 0 178 CarloCosmicWatch 173.021936
0 57 16.93 26.05 0.568952 2021-06-18 19:46:40.741089 0 179 CarloCosmicWatch 173.590888
0 83 20.46 26.05 0.033848 2021-06-18 19:46:40.774937 0 180 CarloCosmicWatch 173.624736
0 126 24.09 26.05 0.676845 2021-06-18 19:46:41.451782 0 181 CarloCosmicWatch 174.301581
0 138 25.22 26.05 0.154017 2021-06-18 19:46:41.605799 0 182 CarloCosmicWatch 174.455598
0 51 15.86 26.05 0.473249 2021-06-18 19:46:42.079048 0 183 CarloCosmicWatch 174.928847
0 345 64.98 26.05 0.23627 2021-06-18 19:46:42.315318 0 184 CarloCosmicWatch 175.165117
0 108 22.63 26.48 0.685051 2021-06-18 19:46:43.000369 0 90 Florian 175.850168
0 184 31.36 26.59 0.787303 2021-06-18 19:46:43.787672 0 91 Florian 176.637471
0 51 15.86 26.05 0.830438 2021-06-18 19:46:44.618110 0 185 CarloCosmicWatch 177.467909
0 207 35.26 26.05 1.18393 2021-06-18 19:46:45.802040 0 186 CarloCosmicWatch 178.651839
0 94 21.50 26.05 0.033965 2021-06-18 19:46:45.836005 0 187 CarloCosmicWatch 178.685804
0 177 30.25 26.48 0.551784 2021-06-18 19:46:46.387789 0 92 Florian 179.237588
0 67 18.51 26.05 0.31425 2021-06-18 19:46:46.702039 0 188 CarloCosmicWatch 179.551838
0 153 26.90 26.05 0.598102 2021-06-18 19:46:47.300141 0 189 CarloCosmicWatch 180.14994
0 220 37.58 26.05 0.033852 2021-06-18 19:46:47.333993 0 190 CarloCosmicWatch 180.183792
0 53 16.22 26.38 0.211896 2021-06-18 19:46:47.545889 0 93 Florian 180.395688
0 142 25.64 26.05 0.758326 2021-06-18 19:46:48.304215 0 111 M 181.154014
0 255 43.96 26.27 0.169018 2021-06-18 19:46:48.473233 0 191 CarloCosmicWatch 181.323032
0 96 21.67 26.05 0.687096 2021-06-18 19:46:49.160329 0 192 CarloCosmicWatch 182.010128
0 455 117.03 26.05 0.273354 2021-06-18 19:46:49.433683 0 193 CarloCosmicWatch 182.283482
0 71 19.06 26.05 0.266771 2021-06-18 19:46:49.700454 0 112 M 182.550253
0 60 17.43 26.05 0.091097 2021-06-18 19:46:49.791551 0 194 CarloCosmicWatch 182.64135
0 159 27.66 26.27 1.591962 2021-06-18 19:46:51.383513 0 195 CarloCosmicWatch 184.233312
0 153 26.90 26.05 0.508529 2021-06-18 19:46:51.892042 0 113 M 184.741841
0 66 18.36 26.27 0.587391 2021-06-18 19:46:52.479433 0 196 CarloCosmicWatch 185.329232
0 110 22.78 26.05 0.092892 2021-06-18 19:46:52.572325 0 114 M 185.422124
0 131 24.54 26.38 0.539529 2021-06-18 19:46:53.111854 0 94 Florian 185.961653
