# layer adc volt temp timediff time detector_muon_count detector_count detector_name
2 254 43.77 43.78 10 2021-06-21 15:19:14.498968 0 1 rens 8.97431
2 334 61.44 59.25 5.320205 2021-06-21 15:19:19.819173 0 2 rens 14.294515
2 89 21.05 11.88 0.815545 2021-06-21 15:19:20.634718 0 3 rens 15.11006
2 56 16.76 24.44 1.644365 2021-06-21 15:19:22.279083 0 1 MattiaCosmicWatch 16.754425
2 49 15.48 176.88 1.062501 2021-06-21 15:19:23.341584 0 4 rens 17.816926
2 51 15.86 5.43 1.913838 2021-06-21 15:19:25.255422 0 5 rens 19.730764
2 49 15.48 -20.14 0.033807 2021-06-21 15:19:25.289229 0 6 rens 19.764571
2 51 15.86 -25.51 0.03317 2021-06-21 15:19:25.322399 0 7 rens 19.797741
2 83 20.46 24.44 0.58364 2021-06-21 15:19:25.906039 0 2 MattiaCosmicWatch 20.381381
2 334 61.44 24.44 1.159393 2021-06-21 15:19:27.065432 0 3 MattiaCosmicWatch 21.540774
2 57 16.93 7.04 1.096358 2021-06-21 15:19:28.161790 0 8 rens 22.637132
2 92 21.32 24.44 1.37867 2021-06-21 15:19:29.540460 0 4 MattiaCosmicWatch 24.015802
2 56 16.76 177.84 3.994794 2021-06-21 15:19:33.535254 0 9 rens 28.010596
2 57 16.93 24.44 0.31603 2021-06-21 15:19:33.851284 0 5 MattiaCosmicWatch 28.326626
2 28 11.49 -3.16 0.432632 2021-06-21 15:19:34.283916 0 10 rens 28.759258
2 56 16.76 110.92 0.169947 2021-06-21 15:19:34.453863 0 11 rens 28.929205
2 56 16.76 212.00 2.964731 2021-06-21 15:19:37.418594 0 12 rens 31.893936
2 1023 2152.99 279.68 0.455688 2021-06-21 15:19:37.874282 0 13 rens 32.349624
2 154 27.02 26.38 4.943573 2021-06-21 15:19:42.817855 0 14 rens 37.293197
2 60 17.43 6.83 32.825141 2021-06-21 15:20:15.642996 0 15 rens 70.118338
2 338 62.67 66.02 5.803907 2021-06-21 15:20:21.446903 0 16 rens 75.922245
2 79 20.03 11.88 1.276687 2021-06-21 15:20:22.723590 0 17 rens 77.198932
2 63 17.91 24.44 0.13493 2021-06-21 15:20:22.858520 0 6 MattiaCosmicWatch 77.333862
2 304 53.73 60.86 2.585442 2021-06-21 15:20:25.443962 0 18 rens 79.919304
2 88 20.96 12.20 5.074009 2021-06-21 15:20:30.517971 0 19 rens 84.993313
