# layer adc volt temp timediff time detector_muon_count detector_count detector_name
2 199 33.86 27.34 10 2021-06-18 13:31:40.401635 0 1 CarloCosmicWatch 1.162206
2 131 24.54 27.34 0.40766 2021-06-18 13:31:40.809295 0 2 CarloCosmicWatch 1.569866
2 67 18.51 27.45 0.917477 2021-06-18 13:31:41.726772 0 3 CarloCosmicWatch 2.487343
2 224 38.29 27.34 0.877286 2021-06-18 13:31:42.604058 0 4 CarloCosmicWatch 3.364629
2 50 15.67 27.34 1.71061 2021-06-18 13:31:44.314668 0 5 CarloCosmicWatch 5.075239
2 60 17.43 27.34 0.03377 2021-06-18 13:31:44.348438 0 6 CarloCosmicWatch 5.109009
2 167 28.76 27.34 1.452361 2021-06-18 13:31:45.800799 0 7 CarloCosmicWatch 6.56137
2 377 76.28 27.34 0.422943 2021-06-18 13:31:46.223742 0 8 CarloCosmicWatch 6.984313
2 192 32.67 27.34 0.091183 2021-06-18 13:31:46.314925 0 9 CarloCosmicWatch 7.075496
2 56 16.76 27.34 1.403576 2021-06-18 13:31:47.718501 0 10 CarloCosmicWatch 8.479072
2 127 24.18 27.34 0.545274 2021-06-18 13:31:48.263775 0 11 CarloCosmicWatch 9.024346
2 229 39.22 27.45 1.680369 2021-06-18 13:31:49.944144 0 12 CarloCosmicWatch 10.704715
2 63 17.91 27.34 1.801414 2021-06-18 13:31:51.745558 0 13 CarloCosmicWatch 12.506129
2 57 16.93 27.34 0.095499 2021-06-18 13:31:51.841057 0 14 CarloCosmicWatch 12.601628
2 222 37.96 27.45 0.098712 2021-06-18 13:31:51.939769 0 15 CarloCosmicWatch 12.70034
2 167 28.76 27.34 1.827159 2021-06-18 13:31:53.766928 0 16 CarloCosmicWatch 14.527499
2 353 67.64 27.34 0.033796 2021-06-18 13:31:53.800724 0 17 CarloCosmicWatch 14.561295
2 408 90.57 27.34 3.711124 2021-06-18 13:31:57.511848 0 18 CarloCosmicWatch 18.272419
2 465 122.12 27.34 0.849549 2021-06-18 13:31:58.361397 0 19 CarloCosmicWatch 19.121968
2 131 24.54 27.34 3.445286 2021-06-18 13:32:01.806683 0 20 CarloCosmicWatch 22.567254
2 159 27.66 27.34 0.605738 2021-06-18 13:32:02.412421 0 21 CarloCosmicWatch 23.172992
2 56 16.76 27.34 0.733351 2021-06-18 13:32:03.145772 0 22 CarloCosmicWatch 23.906343
2 211 35.96 27.34 5.421849 2021-06-18 13:32:08.567621 0 23 CarloCosmicWatch 29.328192
2 108 22.63 27.34 0.344227 2021-06-18 13:32:08.911848 0 24 CarloCosmicWatch 29.672419
2 127 24.18 27.34 0.752433 2021-06-18 13:32:09.664281 0 25 CarloCosmicWatch 30.424852
2 131 24.54 27.34 1.207951 2021-06-18 13:32:10.872232 0 26 CarloCosmicWatch 31.632803
2 94 21.50 27.45 0.727434 2021-06-18 13:32:11.599666 0 27 CarloCosmicWatch 32.360237
2 112 22.94 27.45 0.467593 2021-06-18 13:32:12.067259 0 28 CarloCosmicWatch 32.82783
2 120 23.58 27.34 2.100642 2021-06-18 13:32:14.167901 0 29 CarloCosmicWatch 34.928472
2 248 42.69 27.34 0.150949 2021-06-18 13:32:14.318850 0 30 CarloCosmicWatch 35.079421
2 83 20.46 27.34 0.568968 2021-06-18 13:32:14.887818 0 31 CarloCosmicWatch 35.648389
