# layer adc volt temp timediff time detector_muon_count detector_count detector_name
2 24 10.88 -2.63 10 2021-06-22 18:39:42.883414 0 1 rens 0.180165
2 300 52.79 51.08 0.98472 2021-06-22 18:39:43.868134 0 2 rens 1.164885
1 39 13.53 24.98 0.310805 2021-06-22 18:39:44.178939 0 1 Noor 1.47569
1 38 13.33 24.87 0.033402 2021-06-22 18:39:44.212341 0 2 Noor 1.509092
1 35 12.75 24.44 2.287791 2021-06-22 18:39:46.500132 0 3 Noor 3.796883
1 89 21.05 24.87 0.457371 2021-06-22 18:39:46.957503 0 4 Noor 4.254254
2 236 40.44 40.23 0.011399 2021-06-22 18:39:46.968902 0 3 rens 4.265653
2 37 13.14 -1.98 0.584906 2021-06-22 18:39:47.553808 1 4 rens 4.850559
1 35 12.75 24.66 1.673623 2021-06-22 18:39:49.227431 1 5 Noor 6.524182
1 63 17.91 24.66 0.432007 2021-06-22 18:39:49.659438 1 6 Noor 6.956189
2 70 18.93 6.50 0.140828 2021-06-22 18:39:49.800266 1 5 rens 7.097017
2 63 17.91 2.53 0.842171 2021-06-22 18:39:50.642437 1 6 rens 7.939188
2 39 13.53 -1.02 0.794969 2021-06-22 18:39:51.437406 1 7 rens 8.734157
1 204 34.73 25.20 0.327126 2021-06-22 18:39:51.764532 1 7 Noor 9.061283
2 25 11.02 -3.92 0.690208 2021-06-22 18:39:52.454740 1 8 rens 9.751491
1 44 14.51 24.87 0.147596 2021-06-22 18:39:52.602336 1 8 Noor 9.899087
1 89 21.05 24.44 1.003187 2021-06-22 18:39:53.605523 1 9 Noor 10.902274
2 96 21.67 10.59 0.012399 2021-06-22 18:39:53.617922 1 9 rens 10.914673
1 19 10.33 24.66 0.24626 2021-06-22 18:39:53.864182 2 10 Noor 11.160933
2 101 22.08 7.04 0.142581 2021-06-22 18:39:54.006763 2 10 rens 11.303514
1 71 19.06 25.20 0.012618 2021-06-22 18:39:54.019381 2 11 Noor 11.316132
2 39 13.53 -0.26 1.329149 2021-06-22 18:39:55.348530 3 11 rens 12.645281
1 83 20.46 25.20 0.411663 2021-06-22 18:39:55.760193 3 12 Noor 13.056944
2 126 24.09 11.88 0.012418 2021-06-22 18:39:55.772611 3 12 rens 13.069362
2 19 10.33 -11.33 0.282861 2021-06-22 18:39:56.055472 4 13 rens 13.352223
1 56 16.76 24.66 0.013491 2021-06-22 18:39:56.068963 4 13 Noor 13.365714
2 190 32.33 29.92 1.694196 2021-06-22 18:39:57.763159 5 14 rens 15.05991
1 62 17.75 25.52 0.013424 2021-06-22 18:39:57.776583 5 14 Noor 15.073334
2 24 10.88 -11.22 0.139115 2021-06-22 18:39:57.915698 6 15 rens 15.212449
2 78 19.92 -1.02 0.305533 2021-06-22 18:39:58.221231 6 16 rens 15.517982
1 19 10.33 24.66 2.444358 2021-06-22 18:40:00.665589 6 15 Noor 17.96234
1 96 21.67 24.66 0.550124 2021-06-22 18:40:01.215713 6 16 Noor 18.512464
2 83 20.46 9.30 0.969865 2021-06-22 18:40:02.185578 6 17 rens 19.482329
1 33 12.37 24.77 0.011482 2021-06-22 18:40:02.197060 6 17 Noor 19.493811
2 89 21.05 -2.63 0.119562 2021-06-22 18:40:02.316622 7 18 rens 19.613373
1 19 10.33 24.66 0.979633 2021-06-22 18:40:03.296255 7 18 Noor 20.593006
2 17 10.18 -4.88 0.140742 2021-06-22 18:40:03.436997 7 19 rens 20.733748
