# layer adc volt temp timediff time detector_muon_count detector_count detector_name
0 112 22.94 29.38 0.012552 2021-06-24 18:37:40.704486 2 5 Cecile 3.355769
1 103 22.23 11.98 0.004264 2021-06-24 18:37:40.708750 1 1 rens 3.360033
2 188 32.01 28.31 0.324966 2021-06-24 18:37:40.691934 1 2 Noor 3.343217

0 344 64.67 29.92 0.071984 2021-06-24 18:37:52.823381 7 13 Cecile 15.474664
1 113 23.02 29.92 0.763019 2021-06-24 18:37:52.751397 9 17 Franko 15.40268
2 74 19.44 28.31 0.016691 2021-06-24 18:37:52.840072 3 6 Niels 15.491355

0 216 36.85 29.92 0.053087 2021-06-24 18:38:09.064100 10 18 Cecile 31.715383
1 99 21.91 6.93 0.557631 2021-06-24 18:38:08.906892 6 14 rens 31.558175
2 110 22.78 28.31 0.065324 2021-06-24 18:38:08.972216 4 11 Niels 31.623499

0 44 14.51 29.92 0.033455 2021-06-24 18:38:15.069677 12 22 Cecile 37.72096
1 51 15.86 1.24 0.090443 2021-06-24 18:38:15.211711 10 18 rens 37.862994
2 83 20.46 29.92 0.051591 2021-06-24 18:38:15.121268 14 35 M 37.772551

0 31 12.01 29.92 0.021409 2021-06-24 18:38:17.753402 13 23 Cecile 40.404685
1 76 19.69 29.92 0.370375 2021-06-24 18:38:17.613716 16 44 Franko 40.264999
2 115 23.18 30.03 0.084763 2021-06-24 18:38:17.698479 15 39 M 40.349762

0 178 30.40 29.92 0.070696 2021-06-24 18:38:33.376009 15 26 Cecile 56.027292
1 39 13.53 29.92 0.015524 2021-06-24 18:38:33.305313 24 60 Franko 55.956596
2 211 35.96 28.31 0.219987 2021-06-24 18:38:33.289789 12 38 Noor 55.941072

0 398 85.63 29.92 0.015561 2021-06-24 18:38:41.604247 17 29 Cecile 64.25553
1 99 21.91 29.92 0.925018 2021-06-24 18:38:41.478238 28 67 Franko 64.129521
2 39 13.53 30.03 0.09752 2021-06-24 18:38:41.575758 22 75 M 64.227041

0 79 20.03 29.92 0.083613 2021-06-24 18:38:50.958944 20 32 Cecile 73.610227
1 124 23.92 29.92 0.016801 2021-06-24 18:38:50.975745 33 78 Franko 73.627028
2 255 43.96 30.03 0.206936 2021-06-24 18:38:50.875331 25 82 M 73.526614

0 38 13.33 30.03 0.423796 2021-06-24 18:38:52.777305 21 35 Cecile 75.428588
1 79 20.03 7.04 0.033896 2021-06-24 18:38:52.969146 17 40 rens 75.620429
2 51 15.86 29.92 0.035571 2021-06-24 18:38:52.812876 26 84 M 75.464159

0 384 80.08 29.92 0.069822 2021-06-24 18:39:01.097029 22 37 Cecile 83.748312
1 31 12.01 -1.02 0.017785 2021-06-24 18:39:01.114814 18 45 rens 83.766097
2 39 13.53 28.31 0.973008 2021-06-24 18:39:01.027207 11 38 Niels 83.67849

0 63 17.91 29.92 0.084409 2021-06-24 18:39:01.770244 23 38 Cecile 84.421527
1 31 12.01 29.92 0.013588 2021-06-24 18:39:01.685835 36 85 Franko 84.337118
2 220 37.58 30.03 0.193315 2021-06-24 18:39:01.672247 29 90 M 84.32353

0 224 38.29 29.92 0.013457 2021-06-24 18:39:07.722242 24 40 Cecile 90.373525
1 287 50.23 48.72 0.01786 2021-06-24 18:39:07.694739 19 47 rens 90.346022
2 158 27.53 30.03 0.014046 2021-06-24 18:39:07.708785 30 98 M 90.360068

0 345 64.98 29.92 0.062573 2021-06-24 18:39:22.760232 26 46 Cecile 105.411515
1 67 18.51 29.92 0.224747 2021-06-24 18:39:22.651181 42 103 Franko 105.302464
2 67 18.51 28.31 0.046478 2021-06-24 18:39:22.697659 13 49 Niels 105.348942

0 101 22.08 29.92 0.014848 2021-06-24 18:39:37.529864 30 52 Cecile 120.181147
1 44 14.51 29.92 0.13981 2021-06-24 18:39:37.419968 50 122 Franko 120.071251
2 391 82.35 30.14 0.095048 2021-06-24 18:39:37.515016 40 134 M 120.166299

0 31 12.01 29.92 0.048841 2021-06-24 18:39:42.446961 33 56 Cecile 125.098244
1 103 22.23 29.92 0.050808 2021-06-24 18:39:42.223694 52 126 Franko 124.874977
2 51 15.86 30.03 0.078087 2021-06-24 18:39:42.172886 42 138 M 124.824169

0 103 22.23 29.92 0.810163 2021-06-24 18:39:48.118797 35 59 Cecile 130.77008
1 56 16.76 3.82 0.018819 2021-06-24 18:39:48.137616 26 70 rens 130.788899
2 332 61.17 29.92 0.000169 2021-06-24 18:39:48.137785 44 144 M 130.789068

0 197 33.52 29.92 0.030111 2021-06-24 18:39:54.970822 36 60 Cecile 137.622105
1 353 67.64 63.76 0.010607 2021-06-24 18:39:54.981429 30 76 rens 137.632712
2 44 14.51 28.31 0.033413 2021-06-24 18:39:54.940711 25 94 Noor 137.591994

0 112 22.94 29.92 0.277888 2021-06-24 18:40:00.952255 41 66 Cecile 143.603538
1 61 17.60 1.24 0.032246 2021-06-24 18:40:01.008428 34 83 rens 143.659711
2 34 12.56 28.31 0.018671 2021-06-24 18:40:00.970926 18 69 Niels 143.622209

0 169 29.05 29.92 0.078455 2021-06-24 18:40:35.515348 52 84 Cecile 178.166631
1 159 27.66 29.92 0.807108 2021-06-24 18:40:35.436893 67 184 Franko 178.088176
2 543 164.77 28.31 0.022774 2021-06-24 18:40:35.556846 32 118 Noor 178.208129

0 224 38.29 30.35 0.075788 2021-06-24 18:40:43.945969 53 86 Cecile 186.597252
1 472 125.87 29.92 0.160589 2021-06-24 18:40:43.870181 69 194 Franko 186.521464
2 39 13.53 28.31 0.097485 2021-06-24 18:40:44.043454 33 122 Noor 186.694737

0 60 17.43 29.92 0.079204 2021-06-24 18:40:50.079707 56 89 Cecile 192.73099
1 57 16.93 29.92 0.017654 2021-06-24 18:40:50.097361 70 198 Franko 192.748644
2 31 12.01 28.31 0.622194 2021-06-24 18:40:50.000503 22 92 Niels 192.651786

0 195 33.17 29.92 0.019922 2021-06-24 18:40:56.584403 58 91 Cecile 199.235686
1 302 53.30 29.92 0.018775 2021-06-24 18:40:56.603178 71 203 Franko 199.254461
2 44 14.51 30.03 0.743395 2021-06-24 18:40:56.564481 65 221 M 199.215764

0 78 19.92 29.92 0.0178 2021-06-24 18:41:03.624030 60 96 Cecile 206.275313
1 177 30.25 22.19 0.115181 2021-06-24 18:41:03.606230 47 114 rens 206.257513
2 327 59.28 29.92 0.001091 2021-06-24 18:41:03.625121 67 234 M 206.276404

0 92 21.32 29.92 0.244873 2021-06-24 18:41:09.416470 61 98 Cecile 212.067753
1 66 18.36 0.60 0.018837 2021-06-24 18:41:09.435307 48 118 rens 212.08659
2 472 125.87 29.92 0.000173 2021-06-24 18:41:09.435480 69 239 M 212.086763

0 71 19.06 29.92 0.059068 2021-06-24 18:41:34.463778 72 116 Cecile 237.115061
1 78 19.92 29.92 0.765627 2021-06-24 18:41:34.404710 87 249 Franko 237.055993
2 51 15.86 28.31 0.081432 2021-06-24 18:41:34.563963 27 112 Niels 237.215246

0 35 12.75 30.35 0.231193 2021-06-24 18:41:34.892660 73 117 Cecile 237.543943
1 280 48.67 46.68 0.014452 2021-06-24 18:41:35.046134 53 134 rens 237.697417
2 39 13.53 29.92 0.0627 2021-06-24 18:41:34.955360 76 261 M 237.606643

0 96 21.67 29.92 0.280729 2021-06-24 18:41:35.868161 74 118 Cecile 238.519444
1 83 20.46 29.92 0.030496 2021-06-24 18:41:35.957408 88 253 Franko 238.608691
2 48 15.29 29.92 0.058751 2021-06-24 18:41:35.926912 77 264 M 238.578195

0 44 14.51 29.92 0.074492 2021-06-24 18:41:46.417156 77 123 Cecile 249.068439
1 192 32.67 29.92 0.013577 2021-06-24 18:41:46.342664 91 263 Franko 248.993947
2 71 19.06 29.92 0.503746 2021-06-24 18:41:46.329087 82 280 M 248.98037

0 35 12.75 29.38 0.017609 2021-06-24 18:41:46.972662 78 125 Cecile 249.623945
1 271 46.93 29.92 0.015858 2021-06-24 18:41:46.955053 92 265 Franko 249.606336
2 463 119.23 29.92 0.522039 2021-06-24 18:41:46.939195 83 280 M 249.590478

0 83 20.46 29.92 0.019787 2021-06-24 18:41:57.225042 81 130 Cecile 259.876325
1 39 13.53 29.92 0.023495 2021-06-24 18:41:57.147370 96 276 Franko 259.798653
2 71 19.06 29.92 0.39791 2021-06-24 18:41:57.123875 86 291 M 259.775158

0 159 27.66 30.03 0.082011 2021-06-24 18:42:04.485436 83 132 Cecile 267.136719
1 99 21.91 11.88 0.019879 2021-06-24 18:42:04.505315 58 151 rens 267.156598
2 56 16.76 28.31 0.045835 2021-06-24 18:42:04.403425 50 181 Noor 267.054708

0 73 19.32 29.92 0.071871 2021-06-24 18:42:19.566655 86 139 Cecile 282.217938
1 35 12.75 29.92 0.171029 2021-06-24 18:42:19.395591 104 301 Franko 282.046874
2 39 13.53 28.31 0.099193 2021-06-24 18:42:19.494784 56 194 Noor 282.146067

0 110 22.78 29.92 0.097044 2021-06-24 18:42:26.470881 87 144 Cecile 289.122164
1 207 35.26 29.92 0.104741 2021-06-24 18:42:26.354060 109 313 Franko 289.005343
2 145 25.96 28.31 0.019777 2021-06-24 18:42:26.373837 60 200 Noor 289.02512

0 31 12.01 29.38 0.017875 2021-06-24 18:42:36.069098 91 150 Cecile 298.720381
1 460 119.54 29.92 0.045477 2021-06-24 18:42:36.114575 113 324 Franko 298.765858
2 57 16.93 28.31 0.129752 2021-06-24 18:42:36.051223 34 134 Niels 298.702506

