# layer adc volt temp timediff time detector_muon_count detector_count detector_name
2 127 24.18 26.70 10 2021-06-18 12:18:38.719064 0 1 CarloCosmicWatch 2.315049
2 135 24.92 26.70 2.680265 2021-06-18 12:18:41.399329 0 2 CarloCosmicWatch 4.995314
2 76 19.69 26.91 2.029838 2021-06-18 12:18:43.429167 0 3 CarloCosmicWatch 7.025152
2 96 21.67 26.70 1.160676 2021-06-18 12:18:44.589843 0 4 CarloCosmicWatch 8.185828
2 56 16.76 26.91 1.051321 2021-06-18 12:18:45.641164 0 5 CarloCosmicWatch 9.237149
2 185 31.51 26.70 1.425976 2021-06-18 12:18:47.067140 0 6 CarloCosmicWatch 10.663125
2 57 16.93 26.70 4.000581 2021-06-18 12:18:51.067721 0 7 CarloCosmicWatch 14.663706
2 109 22.70 26.70 0.837511 2021-06-18 12:18:51.905232 0 8 CarloCosmicWatch 15.501217
2 152 26.78 26.91 0.54625 2021-06-18 12:18:52.451482 0 9 CarloCosmicWatch 16.047467
2 115 23.18 26.70 4.150619 2021-06-18 12:18:56.602101 0 10 CarloCosmicWatch 20.198086
2 57 16.93 26.70 0.498149 2021-06-18 12:18:57.100250 0 11 CarloCosmicWatch 20.696235
2 79 20.03 26.91 1.410397 2021-06-18 12:18:58.510647 0 12 CarloCosmicWatch 22.106632
2 268 46.26 26.70 2.292196 2021-06-18 12:19:00.802843 0 13 CarloCosmicWatch 24.398828
2 207 35.26 26.70 0.033672 2021-06-18 12:19:00.836515 0 14 CarloCosmicWatch 24.4325
2 448 112.41 26.48 0.138021 2021-06-18 12:19:00.974536 0 15 CarloCosmicWatch 24.570521
2 448 112.41 26.70 0.516496 2021-06-18 12:19:01.491032 0 16 CarloCosmicWatch 25.087017
2 79 20.03 26.70 0.083444 2021-06-18 12:19:01.574476 0 17 CarloCosmicWatch 25.170461
2 359 69.86 26.70 0.905445 2021-06-18 12:19:02.479921 0 18 CarloCosmicWatch 26.075906
2 134 24.82 26.70 0.607723 2021-06-18 12:19:03.087644 0 19 CarloCosmicWatch 26.683629
2 94 21.50 26.70 2.896399 2021-06-18 12:19:05.984043 0 20 CarloCosmicWatch 29.580028
2 167 28.76 26.70 0.159015 2021-06-18 12:19:06.143058 0 21 CarloCosmicWatch 29.739043
2 71 19.06 26.81 3.225492 2021-06-18 12:19:09.368550 0 22 CarloCosmicWatch 32.964535
2 179 30.55 26.70 0.069944 2021-06-18 12:19:09.438494 0 23 CarloCosmicWatch 33.034479
2 243 41.74 26.70 2.476203 2021-06-18 12:19:11.914697 0 24 CarloCosmicWatch 35.510682
2 108 22.63 26.70 3.370344 2021-06-18 12:19:15.285041 0 25 CarloCosmicWatch 38.881026
2 231 39.55 26.70 1.039664 2021-06-18 12:19:16.324705 0 26 CarloCosmicWatch 39.92069
2 63 17.91 26.70 0.704959 2021-06-18 12:19:17.029664 0 27 CarloCosmicWatch 40.625649
2 197 33.52 26.70 1.467885 2021-06-18 12:19:18.497549 0 28 CarloCosmicWatch 42.093534
2 172 29.49 26.91 0.935175 2021-06-18 12:19:19.432724 0 29 CarloCosmicWatch 43.028709
2 56 16.76 26.70 4.577126 2021-06-18 12:19:24.009850 0 30 CarloCosmicWatch 47.605835
2 476 129.76 26.70 2.362043 2021-06-18 12:19:26.371893 0 31 CarloCosmicWatch 49.967878
2 56 16.76 26.70 1.601694 2021-06-18 12:19:27.973587 0 32 CarloCosmicWatch 51.569572
2 81 20.25 26.91 2.014245 2021-06-18 12:19:29.987832 0 33 CarloCosmicWatch 53.583817
2 492 134.92 26.70 0.594988 2021-06-18 12:19:30.582820 0 34 CarloCosmicWatch 54.178805
2 387 81.05 26.91 4.366078 2021-06-18 12:19:34.948898 0 35 CarloCosmicWatch 58.544883
2 174 29.79 26.70 0.825602 2021-06-18 12:19:35.774500 0 36 CarloCosmicWatch 59.370485
2 78 19.92 26.70 1.70275 2021-06-18 12:19:37.477250 0 37 CarloCosmicWatch 61.073235
2 56 16.76 26.91 3.901695 2021-06-18 12:19:41.378945 0 38 CarloCosmicWatch 64.97493
2 67 18.51 26.70 1.044901 2021-06-18 12:19:42.423846 0 39 CarloCosmicWatch 66.019831
2 63 17.91 26.70 0.826327 2021-06-18 12:19:43.250173 0 40 CarloCosmicWatch 66.846158
2 79 20.03 26.91 0.249393 2021-06-18 12:19:43.499566 0 41 CarloCosmicWatch 67.095551
2 51 15.86 26.70 0.504588 2021-06-18 12:19:44.004154 0 42 CarloCosmicWatch 67.600139
2 275 47.73 26.70 0.640856 2021-06-18 12:19:44.645010 0 43 CarloCosmicWatch 68.240995
2 56 16.76 26.70 1.486753 2021-06-18 12:19:46.131763 0 44 CarloCosmicWatch 69.727748
2 368 72.93 26.70 0.861707 2021-06-18 12:19:46.993470 0 45 CarloCosmicWatch 70.589455
2 76 19.69 26.70 2.802454 2021-06-18 12:19:49.795924 0 46 CarloCosmicWatch 73.391909
2 71 19.06 26.70 2.294477 2021-06-18 12:19:52.090401 0 47 CarloCosmicWatch 75.686386
2 71 19.06 26.70 1.801166 2021-06-18 12:19:53.891567 0 48 CarloCosmicWatch 77.487552
2 109 22.70 26.70 0.7423 2021-06-18 12:19:54.633867 0 49 CarloCosmicWatch 78.229852
2 51 15.86 26.70 0.565643 2021-06-18 12:19:55.199510 0 50 CarloCosmicWatch 78.795495
2 79 20.03 26.91 0.685936 2021-06-18 12:19:55.885446 0 51 CarloCosmicWatch 79.481431
2 112 22.94 26.70 0.454521 2021-06-18 12:19:56.339967 0 52 CarloCosmicWatch 79.935952
2 124 23.92 26.91 1.174708 2021-06-18 12:19:57.514675 0 53 CarloCosmicWatch 81.11066
2 176 30.09 26.70 1.689832 2021-06-18 12:19:59.204507 0 54 CarloCosmicWatch 82.800492
2 140 25.42 26.91 2.296755 2021-06-18 12:20:01.501262 0 55 CarloCosmicWatch 85.097247
2 339 62.98 27.13 0.555849 2021-06-18 12:20:02.057111 0 56 CarloCosmicWatch 85.653096
2 127 24.18 26.70 6.09764 2021-06-18 12:20:08.154751 0 57 CarloCosmicWatch 91.750736
2 66 18.36 26.70 0.033715 2021-06-18 12:20:08.188466 0 58 CarloCosmicWatch 91.784451
2 97 21.75 26.70 5.10399 2021-06-18 12:20:13.292456 0 59 CarloCosmicWatch 96.888441
2 153 26.90 26.70 2.084647 2021-06-18 12:20:15.377103 0 60 CarloCosmicWatch 98.973088
2 92 21.32 26.91 4.862367 2021-06-18 12:20:20.239470 0 61 CarloCosmicWatch 103.835455
2 188 32.01 26.91 4.03168 2021-06-18 12:20:24.271150 0 62 CarloCosmicWatch 107.867135
2 263 45.37 26.91 2.883999 2021-06-18 12:20:27.155149 0 63 CarloCosmicWatch 110.751134
2 112 22.94 26.91 0.089666 2021-06-18 12:20:27.244815 0 64 CarloCosmicWatch 110.8408
2 143 25.74 26.70 2.990068 2021-06-18 12:20:30.234883 0 65 CarloCosmicWatch 113.830868
2 98 21.83 26.70 1.580189 2021-06-18 12:20:31.815072 0 66 CarloCosmicWatch 115.411057
