# layer adc volt temp timediff time detector_muon_count detector_count detector_name
2 476 129.76 26.05 10 2021-06-23 13:46:25.657235 0 1 Noor 0.432915
1 99 21.91 27.34 0.116852 2021-06-23 13:46:25.774087 0 1 Florian 0.549767
1 124 23.92 27.34 0.148519 2021-06-23 13:46:25.922606 0 2 Florian 0.698286
2 103 22.23 26.27 0.993471 2021-06-23 13:46:26.916077 0 2 Noor 1.691757
1 263 45.37 27.34 0.010567 2021-06-23 13:46:26.926644 0 3 Florian 1.702324
2 236 40.44 26.16 1.007091 2021-06-23 13:46:27.933735 1 3 Noor 2.709415
2 88 20.96 26.05 1.019497 2021-06-23 13:46:28.953232 1 4 Noor 3.728912
2 161 27.93 26.05 1.969475 2021-06-23 13:46:30.922707 1 5 Noor 5.698387
2 56 16.76 26.48 0.086897 2021-06-23 13:46:31.009604 1 6 Noor 5.785284
2 99 21.91 26.05 0.424079 2021-06-23 13:46:31.433683 1 7 Noor 6.209363
1 121 23.66 27.34 0.191232 2021-06-23 13:46:31.624915 1 4 Florian 6.400595
2 83 20.46 26.38 1.277636 2021-06-23 13:46:32.902551 1 8 Noor 7.678231
2 259 44.69 26.05 0.816844 2021-06-23 13:46:33.719395 1 9 Noor 8.495075
2 94 21.50 26.05 0.183873 2021-06-23 13:46:33.903268 1 10 Noor 8.678948
2 83 20.46 26.05 1.571544 2021-06-23 13:46:35.474812 1 11 Noor 10.250492
2 57 16.93 26.48 1.050918 2021-06-23 13:46:36.525730 1 12 Noor 11.30141
2 192 32.67 26.27 0.35524 2021-06-23 13:46:36.880970 1 13 Noor 11.65665
1 423 97.36 27.34 0.603345 2021-06-23 13:46:37.484315 1 5 Florian 12.259995
1 240 41.21 27.34 0.927071 2021-06-23 13:46:38.411386 1 6 Florian 13.187066
2 79 20.03 26.05 1.002673 2021-06-23 13:46:39.414059 1 14 Noor 14.189739
1 88 20.96 27.34 0.656442 2021-06-23 13:46:40.070501 1 7 Florian 14.846181
2 121 23.66 26.48 1.027681 2021-06-23 13:46:41.098182 1 15 Noor 15.873862
1 192 32.67 27.34 0.606875 2021-06-23 13:46:41.705057 1 8 Florian 16.480737
2 97 21.75 26.05 0.854097 2021-06-23 13:46:42.559154 1 16 Noor 17.334834
1 216 36.85 27.34 0.012832 2021-06-23 13:46:42.571986 1 9 Florian 17.347666
1 230 39.39 27.34 0.240488 2021-06-23 13:46:42.812474 2 10 Florian 17.588154
2 67 18.51 26.27 0.165262 2021-06-23 13:46:42.977736 2 17 Noor 17.753416
1 130 24.45 27.34 0.732338 2021-06-23 13:46:43.710074 2 11 Florian 18.485754
2 93 21.41 26.05 0.089292 2021-06-23 13:46:43.799366 2 18 Noor 18.575046
1 110 22.78 27.34 0.012841 2021-06-23 13:46:43.812207 2 12 Florian 18.587887
2 81 20.25 26.05 1.149993 2021-06-23 13:46:44.962200 3 19 Noor 19.73788
1 57 16.93 27.34 0.012732 2021-06-23 13:46:44.974932 3 13 Florian 19.750612
2 121 23.66 26.27 0.413128 2021-06-23 13:46:45.388060 4 20 Noor 20.16374
2 174 29.79 26.27 0.420893 2021-06-23 13:46:45.808953 4 21 Noor 20.584633
1 57 16.93 27.34 0.341355 2021-06-23 13:46:46.150308 4 14 Florian 20.925988
2 83 20.46 26.05 2.226768 2021-06-23 13:46:48.377076 4 22 Noor 23.152756
1 143 25.74 27.34 0.937767 2021-06-23 13:46:49.314843 4 15 Florian 24.090523
1 92 21.32 27.34 0.689384 2021-06-23 13:46:50.004227 4 16 Florian 24.779907
2 220 37.58 26.59 0.591072 2021-06-23 13:46:50.595299 4 23 Noor 25.370979
2 167 28.76 26.27 0.349178 2021-06-23 13:46:50.944477 4 24 Noor 25.720157
1 71 19.06 27.34 0.690829 2021-06-23 13:46:51.635306 4 17 Florian 26.410986
2 51 15.86 26.48 0.331663 2021-06-23 13:46:51.966969 4 25 Noor 26.742649
1 263 45.37 27.34 0.338453 2021-06-23 13:46:52.305422 4 18 Florian 27.081102
2 393 83.55 26.48 2.261336 2021-06-23 13:46:54.566758 4 26 Noor 29.342438
2 92 21.32 26.16 1.045402 2021-06-23 13:46:55.612160 4 27 Noor 30.38784
1 51 15.86 27.34 0.366601 2021-06-23 13:46:55.978761 4 19 Florian 30.754441
2 174 29.79 26.27 1.6341 2021-06-23 13:46:57.612861 4 28 Noor 32.388541
1 143 25.74 27.34 0.013786 2021-06-23 13:46:57.626647 4 20 Florian 32.402327
2 112 22.94 26.16 1.868735 2021-06-23 13:46:59.495382 5 29 Noor 34.271062
2 63 17.91 26.38 0.288801 2021-06-23 13:46:59.784183 5 30 Noor 34.559863
2 312 55.68 26.38 0.310131 2021-06-23 13:47:00.094314 5 31 Noor 34.869994
2 172 29.49 26.05 1.331262 2021-06-23 13:47:01.425576 5 32 Noor 36.201256
1 152 26.78 27.34 0.313288 2021-06-23 13:47:01.738864 5 21 Florian 36.514544
1 158 27.53 27.34 2.630455 2021-06-23 13:47:04.369319 5 22 Florian 39.144999
2 49 15.48 26.38 1.089672 2021-06-23 13:47:05.458991 5 33 Noor 40.234671
2 103 22.23 26.16 2.941786 2021-06-23 13:47:08.400777 5 34 Noor 43.176457
2 79 20.03 26.38 1.53095 2021-06-23 13:47:09.931727 5 35 Noor 44.707407
2 51 15.86 26.48 0.609612 2021-06-23 13:47:10.541339 5 36 Noor 45.317019
2 120 23.58 26.05 1.202735 2021-06-23 13:47:11.744074 5 37 Noor 46.519754
1 92 21.32 27.34 0.99824 2021-06-23 13:47:12.742314 5 23 Florian 47.517994
1 79 20.03 27.34 0.033812 2021-06-23 13:47:12.776126 5 24 Florian 47.551806
1 62 17.75 27.45 1.278262 2021-06-23 13:47:14.054388 5 25 Florian 48.830068
2 115 23.18 26.27 0.271603 2021-06-23 13:47:14.325991 5 38 Noor 49.101671
1 51 15.86 27.34 0.131141 2021-06-23 13:47:14.457132 5 26 Florian 49.232812
2 92 21.32 26.16 0.083863 2021-06-23 13:47:14.540995 5 39 Noor 49.316675
1 259 44.69 27.45 0.01266 2021-06-23 13:47:14.553655 5 27 Florian 49.329335
2 92 21.32 26.48 5.309848 2021-06-23 13:47:19.863503 6 40 Noor 54.639183
1 94 21.50 27.34 0.012714 2021-06-23 13:47:19.876217 6 28 Florian 54.651897
2 71 19.06 26.05 0.88607 2021-06-23 13:47:20.762287 7 41 Noor 55.537967
2 71 19.06 26.48 0.727788 2021-06-23 13:47:21.490075 7 42 Noor 56.265755
1 198 33.69 27.34 1.378331 2021-06-23 13:47:22.868406 7 29 Florian 57.644086
2 57 16.93 26.27 1.143582 2021-06-23 13:47:24.011988 7 43 Noor 58.787668
1 83 20.46 27.34 0.333768 2021-06-23 13:47:24.345756 7 30 Florian 59.121436
2 159 27.66 26.16 0.789354 2021-06-23 13:47:25.135110 7 44 Noor 59.91079
2 206 35.07 26.05 0.194805 2021-06-23 13:47:25.329915 7 45 Noor 60.105595
1 89 21.05 27.34 0.086661 2021-06-23 13:47:25.416576 7 31 Florian 60.192256
1 60 17.43 27.34 2.423157 2021-06-23 13:47:27.839733 7 32 Florian 62.615413
2 109 22.70 26.27 0.482739 2021-06-23 13:47:28.322472 7 46 Noor 63.098152
2 60 17.43 26.48 1.888303 2021-06-23 13:47:30.210775 7 47 Noor 64.986455
2 79 20.03 26.05 1.542637 2021-06-23 13:47:31.753412 7 48 Noor 66.529092
1 102 22.15 27.45 0.31737 2021-06-23 13:47:32.070782 7 33 Florian 66.846462
2 67 18.51 26.27 0.038186 2021-06-23 13:47:32.108968 7 49 Noor 66.884648
2 159 27.66 26.27 0.718991 2021-06-23 13:47:32.827959 8 50 Noor 67.603639
1 242 41.58 27.34 2.841458 2021-06-23 13:47:35.669417 8 34 Florian 70.445097
1 70 18.93 27.34 1.749255 2021-06-23 13:47:37.418672 8 35 Florian 72.194352
1 188 32.01 27.34 0.443827 2021-06-23 13:47:37.862499 8 36 Florian 72.638179
1 131 24.54 27.34 0.202049 2021-06-23 13:47:38.064548 8 37 Florian 72.840228
1 206 35.07 27.34 1.703957 2021-06-23 13:47:39.768505 8 38 Florian 74.544185
2 51 15.86 26.05 2.241326 2021-06-23 13:47:42.009831 8 51 Noor 76.785511
1 307 54.48 27.34 4.336111 2021-06-23 13:47:46.345942 8 39 Florian 81.121622
2 115 23.18 26.27 1.109366 2021-06-23 13:47:47.455308 8 52 Noor 82.230988
1 243 41.74 27.34 0.591742 2021-06-23 13:47:48.047050 8 40 Florian 82.82273
1 69 18.79 27.34 1.993489 2021-06-23 13:47:50.040539 8 41 Florian 84.816219
1 50 15.67 27.34 1.515473 2021-06-23 13:47:51.556012 8 42 Florian 86.331692
1 115 23.18 27.34 1.429685 2021-06-23 13:47:52.985697 8 43 Florian 87.761377
2 63 17.91 26.05 4.154772 2021-06-23 13:47:57.140469 8 53 Noor 91.916149
1 192 32.67 27.34 0.365739 2021-06-23 13:47:57.506208 8 44 Florian 92.281888
2 81 20.25 26.05 0.167104 2021-06-23 13:47:57.673312 8 54 Noor 92.448992
1 261 45.09 27.34 0.012801 2021-06-23 13:47:57.686113 8 45 Florian 92.461793
2 57 16.93 26.70 0.123018 2021-06-23 13:47:57.809131 9 55 Noor 92.584811
2 199 33.86 26.38 2.215855 2021-06-23 13:48:00.024986 9 56 Noor 94.800666
