# layer adc volt temp timediff time detector_muon_count detector_count detector_name
2 63 17.91 27.34 10 2021-06-18 19:07:30.906059 0 1 Florian 0.034775
2 113 23.02 27.34 1.117131 2021-06-18 19:07:32.023190 0 2 Florian 1.151906
2 159 27.66 24.44 0.105388 2021-06-18 19:07:32.128578 0 1 M 1.257294
2 48 15.29 27.34 0.051589 2021-06-18 19:07:32.180167 0 3 Florian 1.308883
2 79 20.03 24.44 0.327097 2021-06-18 19:07:32.507264 0 2 M 1.63598
2 224 38.29 26.48 0.313356 2021-06-18 19:07:32.820620 0 1 CarloCosmicWatch 1.949336
2 57 16.93 27.34 0.203514 2021-06-18 19:07:33.024134 0 4 Florian 2.15285
2 51 15.86 24.44 0.498217 2021-06-18 19:07:33.522351 0 3 M 2.651067
2 142 25.64 26.70 0.374361 2021-06-18 19:07:33.896712 0 2 CarloCosmicWatch 3.025428
2 287 50.23 26.70 0.344225 2021-06-18 19:07:34.240937 0 3 CarloCosmicWatch 3.369653
2 300 52.79 26.70 0.241137 2021-06-18 19:07:34.482074 0 4 CarloCosmicWatch 3.61079
2 263 45.37 24.44 0.054183 2021-06-18 19:07:34.536257 0 4 M 3.664973
2 243 41.74 24.44 1.56194 2021-06-18 19:07:36.098197 0 5 M 5.226913
2 188 32.01 26.70 0.315469 2021-06-18 19:07:36.413666 0 5 CarloCosmicWatch 5.542382
2 76 19.69 26.70 0.033862 2021-06-18 19:07:36.447528 0 6 CarloCosmicWatch 5.576244
2 254 43.77 24.44 0.085741 2021-06-18 19:07:36.533269 0 6 M 5.661985
2 270 46.71 27.13 0.563655 2021-06-18 19:07:37.096924 0 5 Florian 6.22564
2 194 33.00 26.70 0.15349 2021-06-18 19:07:37.250414 0 7 CarloCosmicWatch 6.37913
2 181 30.87 27.34 0.169031 2021-06-18 19:07:37.419445 0 6 Florian 6.548161
2 51 15.86 26.48 1.633842 2021-06-18 19:07:39.053287 0 8 CarloCosmicWatch 8.182003
2 51 15.86 26.38 0.846851 2021-06-18 19:07:39.900138 0 9 CarloCosmicWatch 9.028854
2 96 21.67 26.48 0.033675 2021-06-18 19:07:39.933813 0 10 CarloCosmicWatch 9.062529
2 79 20.03 26.48 0.088237 2021-06-18 19:07:40.022050 0 11 CarloCosmicWatch 9.150766
2 56 16.76 27.34 0.025389 2021-06-18 19:07:40.047439 0 7 Florian 9.176155
2 103 22.23 26.48 0.091192 2021-06-18 19:07:40.138631 0 12 CarloCosmicWatch 9.267347
2 112 22.94 26.48 0.1966 2021-06-18 19:07:40.335231 0 13 CarloCosmicWatch 9.463947
2 96 21.67 26.48 0.865421 2021-06-18 19:07:41.200652 0 14 CarloCosmicWatch 10.329368
2 307 54.48 26.48 0.148227 2021-06-18 19:07:41.348879 0 15 CarloCosmicWatch 10.477595
2 63 17.91 24.44 0.321323 2021-06-18 19:07:41.670202 0 7 M 10.798918
2 192 32.67 26.27 0.234835 2021-06-18 19:07:41.905037 0 16 CarloCosmicWatch 11.033753
2 137 25.12 24.44 0.027309 2021-06-18 19:07:41.932346 0 8 M 11.061062
2 99 21.91 24.44 0.061376 2021-06-18 19:07:41.993722 0 9 M 11.122438
2 78 19.92 27.34 0.036155 2021-06-18 19:07:42.029877 0 8 Florian 11.158593
2 63 17.91 24.44 0.187432 2021-06-18 19:07:42.217309 0 10 M 11.346025
2 195 33.17 24.44 0.09403 2021-06-18 19:07:42.311339 0 11 M 11.440055
2 56 16.76 27.34 0.203938 2021-06-18 19:07:42.515277 0 9 Florian 11.643993
2 83 20.46 24.44 1.392362 2021-06-18 19:07:43.907639 0 12 M 13.036355
2 103 22.23 26.27 0.068651 2021-06-18 19:07:43.976290 0 17 CarloCosmicWatch 13.105006
2 176 30.09 24.44 0.135907 2021-06-18 19:07:44.112197 0 13 M 13.240913
2 67 18.51 24.44 0.079143 2021-06-18 19:07:44.191340 0 14 M 13.320056
2 211 35.96 27.34 0.095781 2021-06-18 19:07:44.287121 0 10 Florian 13.415837
2 355 68.30 27.34 1.130893 2021-06-18 19:07:45.418014 0 11 Florian 14.54673
2 83 20.46 24.44 0.409061 2021-06-18 19:07:45.827075 0 15 M 14.955791
2 147 26.19 26.70 2.129621 2021-06-18 19:07:47.956696 0 18 CarloCosmicWatch 17.085412
2 115 23.18 26.70 1.21982 2021-06-18 19:07:49.176516 0 19 CarloCosmicWatch 18.305232
2 56 16.76 26.38 0.908855 2021-06-18 19:07:50.085371 0 20 CarloCosmicWatch 19.214087
2 76 19.69 27.02 1.518216 2021-06-18 19:07:51.603587 0 12 Florian 20.732303
2 56 16.76 26.70 2.578692 2021-06-18 19:07:54.182279 0 21 CarloCosmicWatch 23.310995
2 63 17.91 24.44 0.241479 2021-06-18 19:07:54.423758 0 16 M 23.552474
2 99 21.91 24.44 0.034608 2021-06-18 19:07:54.458366 0 17 M 23.587082
