# layer adc volt temp timediff time detector_muon_count detector_count detector_name
0 60 17.43 -4.13 0.338822 2021-06-24 19:25:08.186576 2 5 Oline 4.128934
1 271 46.93 29.92 0.013646 2021-06-24 19:25:08.265998 2 6 Florian 4.208356
2 44 14.51 0.38 0.033719 2021-06-24 19:25:08.220295 1 3 rens 4.162653

0 207 35.26 20.90 0.055356 2021-06-24 19:25:12.826705 6 11 Oline 8.769063
1 79 20.03 29.92 0.014816 2021-06-24 19:25:12.841521 3 4 Cecile 8.783879
2 48 15.29 28.31 0.043353 2021-06-24 19:25:12.884874 4 12 Franko 8.827232

0 211 35.96 27.67 0.123722 2021-06-24 19:25:16.767370 8 14 Oline 12.709728
1 35 12.75 29.92 0.014954 2021-06-24 19:25:16.782324 4 5 Cecile 12.724682
2 41 13.92 28.31 0.07454 2021-06-24 19:25:16.856864 5 9 M 12.799222

0 82 20.36 1.13 0.046294 2021-06-24 19:25:24.528702 10 16 Oline 20.47106
1 39 13.53 29.92 0.06269 2021-06-24 19:25:24.435216 10 21 Florian 20.377574
2 472 125.87 28.31 0.029097 2021-06-24 19:25:24.372526 8 28 Franko 20.314884

0 57 16.93 -4.24 0.073671 2021-06-24 19:25:28.941388 14 21 Oline 24.883746
1 88 20.96 28.31 0.014557 2021-06-24 19:25:28.867717 7 16 Carlo 24.810075
2 99 21.91 27.34 0.032144 2021-06-24 19:25:28.853160 1 3 Noor 24.795518

0 113 23.02 7.69 0.091729 2021-06-24 19:25:32.901737 16 23 Oline 28.844095
1 159 27.66 28.85 0.030341 2021-06-24 19:25:32.932078 9 21 Carlo 28.874436
2 33 12.37 0.06 0.026663 2021-06-24 19:25:32.810008 5 12 rens 28.752366

0 48 15.29 -6.49 0.098988 2021-06-24 19:25:41.718159 17 24 Oline 37.660517
1 159 27.66 28.31 0.022516 2021-06-24 19:25:41.756751 12 34 Carlo 37.699109
2 44 14.51 27.67 0.09022 2021-06-24 19:25:41.619171 5 19 Niels 37.561529

0 78 19.92 -3.27 0.034834 2021-06-24 19:25:42.076153 18 25 Oline 38.018511
1 79 20.03 27.67 0.258566 2021-06-24 19:25:42.015317 2 8 MattiaCosmicWatch 37.957675
2 179 30.55 28.20 0.026002 2021-06-24 19:25:42.041319 14 52 Franko 37.983677

0 121 23.66 9.30 0.027139 2021-06-24 19:25:44.411699 19 28 Oline 40.354057
1 403 88.99 27.67 0.345883 2021-06-24 19:25:44.384560 3 9 MattiaCosmicWatch 40.326918
2 41 13.92 27.67 0.046767 2021-06-24 19:25:44.542256 6 22 Niels 40.484614

0 220 37.58 28.31 0.24425 2021-06-24 19:25:51.165441 21 35 Oline 47.107799
1 198 33.69 29.92 0.019951 2021-06-24 19:25:51.185392 16 40 Florian 47.12775
2 73 19.32 28.31 0.016899 2021-06-24 19:25:51.235953 14 55 M 47.178311

0 120 23.58 7.69 0.12504 2021-06-24 19:25:52.296421 22 36 Oline 48.238779
1 167 28.76 29.92 0.014444 2021-06-24 19:25:52.310865 17 42 Florian 48.253223
2 92 21.32 28.31 0.049563 2021-06-24 19:25:52.360428 17 60 Franko 48.302786

0 120 23.58 7.04 0.015689 2021-06-24 19:25:53.508165 24 38 Oline 49.450523
1 96 21.67 27.77 0.000167 2021-06-24 19:25:53.508332 5 11 MattiaCosmicWatch 49.45069
2 172 29.49 23.15 0.271947 2021-06-24 19:25:53.492476 10 21 rens 49.434834

0 88 20.96 2.53 0.75785 2021-06-24 19:26:02.163804 26 40 Oline 58.106162
1 50 15.67 27.67 0.038717 2021-06-24 19:26:02.202521 6 13 MattiaCosmicWatch 58.144879
2 66 18.36 3.82 0.000158 2021-06-24 19:26:02.267853 11 26 rens 58.210211

0 31 12.01 -9.39 0.029166 2021-06-24 19:26:11.721493 30 44 Oline 67.663851
1 110 22.78 29.92 0.084773 2021-06-24 19:26:11.692327 22 55 Florian 67.634685
2 153 26.90 28.31 0.038531 2021-06-24 19:26:11.760024 26 84 M 67.702382

0 78 19.92 0.27 0.114348 2021-06-24 19:26:18.879273 33 48 Oline 74.821631
1 224 38.29 29.92 0.013694 2021-06-24 19:26:18.892967 26 63 Florian 74.835325
2 408 90.57 28.31 0.078969 2021-06-24 19:26:18.978417 23 84 Franko 74.920775

0 108 22.63 6.72 0.033539 2021-06-24 19:26:21.669640 34 49 Oline 77.611998
1 332 61.17 28.31 0.39334 2021-06-24 19:26:21.636101 28 78 Carlo 77.578459
2 92 21.32 28.31 0.069179 2021-06-24 19:26:21.739137 32 98 M 77.681495

0 56 16.76 -7.89 0.034568 2021-06-24 19:26:27.562253 36 53 Oline 83.504611
1 63 17.91 27.99 0.038902 2021-06-24 19:26:27.500308 12 23 MattiaCosmicWatch 83.442666
2 61 17.60 28.31 0.027377 2021-06-24 19:26:27.527685 27 93 Franko 83.470043

0 179 30.55 20.90 0.016909 2021-06-24 19:26:29.895320 37 54 Oline 85.837678
1 254 43.77 29.92 0.498807 2021-06-24 19:26:29.786794 30 69 Florian 85.729152
2 30 11.83 27.34 0.091617 2021-06-24 19:26:29.878411 5 20 Noor 85.820769

0 131 24.54 10.69 0.081266 2021-06-24 19:26:37.213161 40 61 Oline 93.155519
1 56 16.76 28.31 0.02707 2021-06-24 19:26:37.049346 36 102 Carlo 92.991704
2 71 19.06 -6.49 0.00023 2021-06-24 19:26:37.049576 21 47 rens 92.991934

0 384 80.08 64.40 0.01477 2021-06-24 19:26:59.869579 52 76 Oline 115.811937
1 275 47.73 28.10 0.010352 2021-06-24 19:26:59.879931 14 32 MattiaCosmicWatch 115.822289
2 304 53.73 28.31 0.102839 2021-06-24 19:26:59.854809 44 130 M 115.797167

0 39 13.53 -7.78 0.07524 2021-06-24 19:27:02.464173 53 78 Oline 118.406531
1 172 29.49 29.38 0.361425 2021-06-24 19:27:02.370014 20 50 Cecile 118.312372
2 295 51.75 28.31 0.018919 2021-06-24 19:27:02.388933 45 133 M 118.331291

0 51 15.86 -6.71 0.025777 2021-06-24 19:27:13.190858 57 85 Oline 129.133216
1 63 17.91 29.92 0.016731 2021-06-24 19:27:13.393499 40 93 Florian 129.335857
2 207 35.26 28.31 0.033436 2021-06-24 19:27:13.165081 51 151 M 129.107439

0 79 20.03 0.27 0.000155 2021-06-24 19:27:24.035847 62 93 Oline 139.978205
1 159 27.66 29.92 0.036946 2021-06-24 19:27:23.855814 44 101 Florian 139.798172
2 63 17.91 28.85 0.114038 2021-06-24 19:27:23.818868 41 140 Franko 139.761226

0 48 15.29 -6.49 0.020869 2021-06-24 19:27:26.969869 63 95 Oline 142.912227
1 103 22.23 29.92 0.197243 2021-06-24 19:27:26.949000 46 103 Florian 142.891358
2 304 53.73 52.59 0.056761 2021-06-24 19:27:27.026630 31 78 rens 142.968988

0 57 16.93 -7.78 0.176604 2021-06-24 19:27:29.251194 66 99 Oline 145.193552
1 204 34.73 29.92 0.0529 2021-06-24 19:27:29.408793 47 105 Florian 145.351151
2 51 15.86 27.34 0.016704 2021-06-24 19:27:29.267898 10 35 Noor 145.210256

0 240 41.21 27.34 0.024709 2021-06-24 19:27:29.551976 67 100 Oline 145.494334
1 46 14.91 29.38 0.118474 2021-06-24 19:27:29.527267 59 158 Carlo 145.469625
2 35 12.75 27.34 0.051492 2021-06-24 19:27:29.603468 11 36 Noor 145.545826

0 193 32.84 23.15 0.052869 2021-06-24 19:27:32.579934 69 102 Oline 148.522292
1 103 22.23 29.92 0.169447 2021-06-24 19:27:32.527065 48 106 Florian 148.469423
2 67 18.51 28.31 0.094672 2021-06-24 19:27:32.674606 57 173 M 148.616964

0 82 20.36 1.24 0.082981 2021-06-24 19:27:34.850824 70 105 Oline 150.793182
1 195 33.17 27.88 0.015869 2021-06-24 19:27:34.866693 21 43 MattiaCosmicWatch 150.809051
2 63 17.91 27.88 0.08285 2021-06-24 19:27:34.767843 20 66 Niels 150.710201

0 140 25.42 12.41 0.006669 2021-06-24 19:27:41.775259 72 108 Oline 157.717617
1 94 21.50 28.10 0.114141 2021-06-24 19:27:41.474376 22 45 MattiaCosmicWatch 157.416734
2 61 17.60 28.31 0.076859 2021-06-24 19:27:41.551235 49 161 Franko 157.493593

0 41 13.92 -7.89 0.099828 2021-06-24 19:27:44.410191 73 109 Oline 160.352549
1 49 15.48 29.92 0.031885 2021-06-24 19:27:44.310363 27 67 Cecile 160.252721
2 79 20.03 28.31 0.688231 2021-06-24 19:27:44.278478 59 199 M 160.220836

0 112 22.94 6.72 0.077111 2021-06-24 19:27:48.180426 75 112 Oline 164.122784
1 34 12.56 28.85 0.131473 2021-06-24 19:27:48.077257 64 173 Carlo 164.019615
2 112 22.94 12.20 0.017703 2021-06-24 19:27:48.094960 37 95 rens 164.037318

0 211 35.96 27.45 0.04639 2021-06-24 19:27:50.718878 76 113 Oline 166.661236
1 39 13.53 29.92 0.101372 2021-06-24 19:27:50.555059 29 72 Cecile 166.497417
2 57 16.93 2.21 0.068179 2021-06-24 19:27:50.623238 39 97 rens 166.565596

0 46 14.91 -9.07 0.111037 2021-06-24 19:27:51.147309 77 114 Oline 167.089667
1 366 72.41 28.85 0.019735 2021-06-24 19:27:51.195075 68 180 Carlo 167.137433
2 207 35.26 28.31 0.028031 2021-06-24 19:27:51.175340 53 171 Franko 167.117698

0 137 25.12 12.30 0.044742 2021-06-24 19:27:59.287498 80 120 Oline 175.229856
1 174 29.79 28.85 0.195059 2021-06-24 19:27:59.223965 72 190 Carlo 175.166323
2 60 17.43 3.82 0.018791 2021-06-24 19:27:59.242756 43 104 rens 175.185114

0 124 23.92 8.22 0.000189 2021-06-24 19:28:01.811184 83 124 Oline 177.753542
1 96 21.67 29.92 0.243658 2021-06-24 19:28:01.793122 31 77 Cecile 177.73548
2 224 38.29 28.31 0.017873 2021-06-24 19:28:01.810995 64 215 M 177.753353

0 224 38.29 29.92 0.018036 2021-06-24 19:28:02.759334 84 125 Oline 178.701692
1 103 22.23 28.85 0.014567 2021-06-24 19:28:02.741298 73 194 Carlo 178.683656
2 156 27.28 28.31 0.312537 2021-06-24 19:28:02.726731 66 217 M 178.669089

0 51 15.86 -4.88 0.03025 2021-06-24 19:28:03.775852 85 126 Oline 179.71821
1 112 22.94 28.53 0.035486 2021-06-24 19:28:03.811338 74 195 Carlo 179.753696
2 106 22.47 28.31 0.404441 2021-06-24 19:28:03.745602 58 183 Franko 179.68796

0 156 27.28 15.74 0.020909 2021-06-24 19:28:09.180367 87 130 Oline 185.122725
1 140 25.42 29.92 0.262562 2021-06-24 19:28:09.159458 58 130 Florian 185.101816
2 66 18.36 27.67 0.083792 2021-06-24 19:28:09.264159 23 78 Niels 185.206517

0 271 46.93 40.34 0.054071 2021-06-24 19:28:11.041435 89 132 Oline 186.983793
1 220 37.58 28.53 0.094327 2021-06-24 19:28:10.987364 80 204 Carlo 186.929722
2 145 25.96 28.31 0.160523 2021-06-24 19:28:10.893037 62 191 Franko 186.835395

0 60 17.43 -3.92 0.01452 2021-06-24 19:28:14.143868 90 133 Oline 190.086226
1 110 22.78 29.92 0.014659 2021-06-24 19:28:13.960866 59 133 Florian 189.903224
2 199 33.86 28.31 0.113804 2021-06-24 19:28:13.946207 70 230 M 189.888565

0 30 11.83 -13.91 0.014902 2021-06-24 19:28:16.604550 91 135 Oline 192.546908
1 376 76.43 29.92 0.220321 2021-06-24 19:28:16.570577 37 88 Cecile 192.512935
2 71 19.06 28.31 0.019071 2021-06-24 19:28:16.589648 71 234 M 192.532006

0 88 20.96 -2.84 0.074138 2021-06-24 19:28:34.658860 95 144 Oline 210.601218
1 67 18.51 28.20 0.016888 2021-06-24 19:28:34.675748 28 63 MattiaCosmicWatch 210.618106
2 63 17.91 27.67 0.18111 2021-06-24 19:28:34.584722 28 88 Niels 210.52708

0 76 19.69 -0.69 0.122197 2021-06-24 19:28:37.076229 96 145 Oline 213.018587
1 63 17.91 29.92 0.016938 2021-06-24 19:28:37.093167 42 98 Cecile 213.035525
2 281 48.90 47.97 0.057805 2021-06-24 19:28:37.150972 47 120 rens 213.09333

0 48 15.29 -6.49 0.068791 2021-06-24 19:28:39.232743 97 146 Oline 215.175101
1 376 76.43 28.53 0.033741 2021-06-24 19:28:39.047506 87 232 Carlo 214.989864
2 69 18.79 28.31 0.097305 2021-06-24 19:28:39.144811 75 217 Franko 215.087169

0 79 20.03 0.27 0.018041 2021-06-24 19:28:45.593372 98 151 Oline 221.53573
1 76 19.69 28.85 0.094658 2021-06-24 19:28:45.750069 92 244 Carlo 221.692427
2 63 17.91 27.67 0.236603 2021-06-24 19:28:45.575331 31 93 Niels 221.517689

0 230 39.39 31.75 0.085265 2021-06-24 19:28:48.020983 99 152 Oline 223.963341
1 152 26.78 29.38 0.197714 2021-06-24 19:28:47.916734 94 246 Carlo 223.859092
2 70 18.93 27.67 0.018768 2021-06-24 19:28:47.935502 32 96 Niels 223.87786

0 60 17.43 -4.13 0.023191 2021-06-24 19:28:48.619860 100 153 Oline 224.562218
1 39 13.53 29.92 0.03429 2021-06-24 19:28:48.654150 46 105 Cecile 224.596508
2 339 62.98 28.31 0.117557 2021-06-24 19:28:48.596669 76 226 Franko 224.539027

0 31 12.01 -9.61 0.020643 2021-06-24 19:28:51.468893 101 155 Oline 227.411251
1 34 12.56 29.92 0.16005 2021-06-24 19:28:51.448250 67 155 Florian 227.390608
2 39 13.53 -0.69 0.017015 2021-06-24 19:28:51.485908 53 133 rens 227.428266

0 46 14.91 -8.21 0.192787 2021-06-24 19:28:52.391086 102 156 Oline 228.333444
1 112 22.94 28.31 0.020103 2021-06-24 19:28:52.589682 30 67 MattiaCosmicWatch 228.53204
2 49 15.48 27.67 0.016859 2021-06-24 19:28:52.407945 33 97 Niels 228.350303

0 224 38.29 29.92 0.014263 2021-06-24 19:29:04.903637 107 162 Oline 240.845995
1 67 18.51 29.38 0.074877 2021-06-24 19:29:04.871585 98 261 Carlo 240.813943
2 243 41.74 28.31 0.106634 2021-06-24 19:29:04.796708 83 282 M 240.739066

0 67 18.51 -2.63 0.080789 2021-06-24 19:29:15.084303 111 171 Oline 251.026661
1 414 93.93 29.92 0.01911 2021-06-24 19:29:15.178641 76 176 Florian 251.120999
2 30 11.83 28.31 0.148171 2021-06-24 19:29:15.003514 91 303 M 250.945872

0 145 25.96 12.84 0.354591 2021-06-24 19:29:18.062576 112 172 Oline 254.004934
1 108 22.63 28.20 0.036809 2021-06-24 19:29:18.099385 37 77 MattiaCosmicWatch 254.041743
2 112 22.94 28.31 0.036498 2021-06-24 19:29:18.135883 95 309 M 254.078241

0 99 21.91 3.82 0.182829 2021-06-24 19:29:27.493332 118 181 Oline 263.43569
1 121 23.66 29.92 0.015806 2021-06-24 19:29:27.509138 82 185 Florian 263.451496
2 56 16.76 28.31 0.014638 2021-06-24 19:29:27.523776 97 320 M 263.466134

0 159 27.66 16.49 0.032206 2021-06-24 19:29:28.965942 119 182 Oline 264.9083
1 31 12.01 29.92 0.01795 2021-06-24 19:29:28.983892 52 119 Cecile 264.92625
2 109 22.70 13.59 0.209543 2021-06-24 19:29:28.933736 62 155 rens 264.876094

0 108 22.63 4.89 0.019091 2021-06-24 19:29:29.624449 120 183 Oline 265.566807
1 66 18.36 29.92 0.019129 2021-06-24 19:29:29.643578 106 283 Carlo 265.585936
2 49 15.48 28.31 0.427166 2021-06-24 19:29:29.605358 88 268 Franko 265.547716

0 51 15.86 -6.49 0.192221 2021-06-24 19:29:44.030484 122 186 Oline 279.972842
1 112 22.94 29.92 0.01692 2021-06-24 19:29:44.047404 57 127 Cecile 279.989762
2 207 35.26 32.18 0.000178 2021-06-24 19:29:44.050965 66 168 rens 279.993323

0 217 37.04 28.31 0.03347 2021-06-24 19:29:45.282212 123 187 Oline 281.22457
1 231 39.55 29.92 0.013022 2021-06-24 19:29:45.295234 88 194 Florian 281.237592
2 120 23.58 28.31 0.550998 2021-06-24 19:29:45.248742 106 342 M 281.1911

0 48 15.29 -7.78 0.058147 2021-06-24 19:29:45.989564 124 188 Oline 281.931922
1 89 21.05 29.92 0.014947 2021-06-24 19:29:45.931417 89 195 Florian 281.873775
2 291 50.97 28.31 0.215199 2021-06-24 19:29:45.916470 108 343 M 281.858828

0 111 22.86 6.72 0.246801 2021-06-24 19:29:46.923307 125 189 Oline 282.865665
1 57 16.93 29.92 0.016901 2021-06-24 19:29:46.940208 113 300 Carlo 282.882566
2 96 21.67 28.31 0.062999 2021-06-24 19:29:47.003207 109 344 M 282.945565

0 63 17.91 -3.92 0.054037 2021-06-24 19:29:49.521132 126 190 Oline 285.46349
1 31 12.01 29.92 0.429076 2021-06-24 19:29:49.467095 114 302 Carlo 285.409453
2 48 15.29 28.31 0.087477 2021-06-24 19:29:49.608609 111 348 M 285.550967

0 120 23.58 7.04 0.021145 2021-06-24 19:29:50.422353 127 191 Oline 286.364711
1 295 51.75 29.92 0.792599 2021-06-24 19:29:50.401208 92 200 Florian 286.343566
2 159 27.66 27.77 0.006894 2021-06-24 19:29:50.429247 38 115 Niels 286.371605

0 120 23.58 9.30 0.000206 2021-06-24 19:29:52.151502 128 193 Oline 288.09386
1 69 18.79 28.20 0.19708 2021-06-24 19:29:52.123916 41 88 MattiaCosmicWatch 288.066274
2 671 277.06 127.57 0.02738 2021-06-24 19:29:52.151296 71 176 rens 288.093654

0 35 12.75 -11.33 0.129387 2021-06-24 19:29:52.471646 129 194 Oline 288.414004
1 412 92.93 29.38 0.047192 2021-06-24 19:29:52.518838 116 307 Carlo 288.461196
2 88 20.96 28.31 0.072501 2021-06-24 19:29:52.591339 95 288 Franko 288.533697

0 51 15.86 -7.89 0.126591 2021-06-24 19:29:52.907863 130 194 Oline 288.850221
1 60 17.43 29.92 0.016782 2021-06-24 19:29:52.924645 59 133 Cecile 288.867003
2 271 46.93 28.31 0.074914 2021-06-24 19:29:52.999559 112 352 M 288.941917

0 39 13.53 -11.33 0.177185 2021-06-24 19:29:55.098109 132 196 Oline 291.040467
1 179 30.55 29.92 0.023637 2021-06-24 19:29:55.121746 117 308 Carlo 291.064104
2 199 33.86 28.31 0.091606 2021-06-24 19:29:55.213352 114 357 M 291.15571

0 67 18.51 -3.92 0.20605 2021-06-24 19:30:01.460286 135 202 Oline 297.402644
1 210 35.78 29.92 0.078568 2021-06-24 19:30:01.577118 119 315 Carlo 297.519476
2 263 45.37 28.31 0.038264 2021-06-24 19:30:01.498550 97 298 Franko 297.440908

0 57 16.93 -4.13 0.033487 2021-06-24 19:30:04.186726 136 203 Oline 300.129084
1 88 20.96 28.31 0.03361 2021-06-24 19:30:04.291030 42 90 MattiaCosmicWatch 300.233388
2 63 17.91 28.31 0.462481 2021-06-24 19:30:04.153239 120 371 M 300.095597

0 305 53.88 47.97 0.097543 2021-06-24 19:30:09.513028 139 210 Oline 305.455386
1 423 97.36 29.92 0.284352 2021-06-24 19:30:09.415485 65 141 Cecile 305.357843
2 112 22.94 28.31 0.01798 2021-06-24 19:30:09.531008 123 378 M 305.473366

0 152 26.78 10.59 0.110555 2021-06-24 19:30:09.847742 140 210 Oline 305.7901
1 124 23.92 28.31 0.018078 2021-06-24 19:30:09.865820 43 91 MattiaCosmicWatch 305.808178
2 156 27.28 22.19 0.066219 2021-06-24 19:30:09.932039 73 189 rens 305.874397

0 216 36.85 27.67 0.090231 2021-06-24 19:30:20.974804 146 220 Oline 316.917162
1 31 12.01 29.38 0.335741 2021-06-24 19:30:20.845095 128 334 Carlo 316.787453
2 31 12.01 27.77 0.039478 2021-06-24 19:30:20.884573 40 127 Niels 316.826931

0 69 18.79 -2.09 0.694597 2021-06-24 19:30:39.414200 150 231 Oline 335.356558
1 115 23.18 29.92 0.017969 2021-06-24 19:30:39.432169 103 240 Florian 335.374527
2 221 37.76 28.31 0.003355 2021-06-24 19:30:39.435524 113 344 Franko 335.377882

0 51 15.86 -6.49 0.088806 2021-06-24 19:30:40.189588 151 232 Oline 336.131946
1 174 29.79 29.92 0.014899 2021-06-24 19:30:40.093365 135 345 Carlo 336.035723
2 323 58.48 28.31 0.049165 2021-06-24 19:30:40.078466 132 407 M 336.020824

0 30 11.83 -11.01 0.018763 2021-06-24 19:30:42.214100 152 233 Oline 338.156458
1 97 21.75 29.92 0.019113 2021-06-24 19:30:42.111919 104 241 Florian 338.054277
2 51 15.86 28.31 0.76682 2021-06-24 19:30:42.092806 114 350 Franko 338.035164

0 57 16.93 -6.49 0.078874 2021-06-24 19:30:49.745772 154 237 Oline 345.68813
1 41 13.92 29.92 0.017877 2021-06-24 19:30:49.763649 75 160 Cecile 345.706007
2 39 13.53 -3.92 0.015379 2021-06-24 19:30:49.666898 84 219 rens 345.609256

0 49 15.48 -6.49 0.000248 2021-06-24 19:30:56.903633 156 241 Oline 352.845991
1 56 16.76 29.92 0.092602 2021-06-24 19:30:56.835652 142 357 Carlo 352.77801
2 275 47.73 28.31 0.417927 2021-06-24 19:30:56.743050 117 363 Franko 352.685408

0 135 24.92 10.59 0.008215 2021-06-24 19:30:57.392886 157 243 Oline 353.335244
1 89 21.05 28.31 0.284157 2021-06-24 19:30:57.356035 50 101 MattiaCosmicWatch 353.298393
2 103 22.23 11.88 0.028425 2021-06-24 19:30:57.384460 86 224 rens 353.326818

0 56 16.76 -10.68 0.139362 2021-06-24 19:30:57.532248 158 244 Oline 353.474606
1 49 15.48 29.92 0.019156 2021-06-24 19:30:57.551404 77 164 Cecile 353.493762
2 248 42.69 28.31 0.015535 2021-06-24 19:30:57.566939 137 423 M 353.509297

0 51 15.86 -6.49 0.030098 2021-06-24 19:31:00.561785 159 245 Oline 356.504143
1 29 11.66 29.92 0.318983 2021-06-24 19:31:00.513922 143 360 Carlo 356.45628
2 206 35.07 28.31 0.017765 2021-06-24 19:31:00.531687 118 368 Franko 356.474045

0 96 21.67 2.53 0.034197 2021-06-24 19:31:16.414875 164 256 Oline 372.357233
1 192 32.67 29.38 0.033503 2021-06-24 19:31:16.380678 152 380 Carlo 372.323036
2 48 15.29 28.31 0.099976 2021-06-24 19:31:16.519135 125 390 Franko 372.461493

0 82 20.36 1.24 0.000179 2021-06-24 19:31:20.248321 165 259 Oline 376.190679
1 89 21.05 28.31 0.108291 2021-06-24 19:31:20.219568 52 106 MattiaCosmicWatch 376.161926
2 207 35.26 34.76 0.028574 2021-06-24 19:31:20.248142 91 237 rens 376.1905

0 113 23.02 6.72 0.049644 2021-06-24 19:31:23.219565 166 260 Oline 379.161923
1 172 29.49 29.38 0.028158 2021-06-24 19:31:23.130967 157 387 Carlo 379.073325
2 140 25.42 19.61 0.003988 2021-06-24 19:31:23.134955 92 240 rens 379.077313

0 71 19.06 -1.02 0.03346 2021-06-24 19:31:28.771683 169 263 Oline 384.714041
1 207 35.26 28.31 0.102927 2021-06-24 19:31:28.683892 53 110 MattiaCosmicWatch 384.62625
2 435 104.92 78.58 0.029027 2021-06-24 19:31:28.712919 94 242 rens 384.655277

0 81 20.25 0.38 0.171016 2021-06-24 19:31:33.386158 172 266 Oline 389.328516
1 83 20.46 29.92 0.016666 2021-06-24 19:31:33.402824 88 192 Cecile 389.345182
2 227 38.83 28.31 0.002352 2021-06-24 19:31:33.405176 132 411 Franko 389.347534

0 108 22.63 3.82 0.554118 2021-06-24 19:31:38.924883 174 270 Oline 394.867241
1 83 20.46 29.92 0.018037 2021-06-24 19:31:38.942920 163 400 Carlo 394.885278
2 71 19.06 27.88 0.000209 2021-06-24 19:31:38.943129 51 164 Niels 394.885487

0 161 27.93 11.02 0.113928 2021-06-24 19:31:39.057057 175 270 Oline 394.999415
1 60 17.43 29.92 0.019127 2021-06-24 19:31:39.076184 90 195 Cecile 395.018542
2 127 24.18 28.31 0.097874 2021-06-24 19:31:39.174058 152 472 M 395.116416

0 220 37.58 28.85 0.085168 2021-06-24 19:31:39.879445 176 271 Oline 395.821803
1 408 90.57 29.92 0.236645 2021-06-24 19:31:39.615034 91 196 Cecile 395.557392
2 83 20.46 28.31 0.099546 2021-06-24 19:31:39.714580 153 473 M 395.656938

0 220 37.58 27.34 0.229577 2021-06-24 19:31:41.147023 178 273 Oline 397.089381
1 67 18.51 29.92 0.018865 2021-06-24 19:31:41.165888 114 276 Florian 397.108246
2 35 12.75 28.31 0.046688 2021-06-24 19:31:41.212576 154 475 M 397.154934

0 284 49.41 42.49 0.168098 2021-06-24 19:31:48.803395 181 279 Oline 404.745753
1 184 31.36 29.38 0.026998 2021-06-24 19:31:48.869731 166 413 Carlo 404.812089
2 281 48.90 28.31 0.039338 2021-06-24 19:31:48.842733 156 482 M 404.785091

0 188 32.01 12.84 0.104651 2021-06-24 19:31:52.924904 183 284 Oline 408.867262
1 63 17.91 29.92 0.040721 2021-06-24 19:31:53.040387 119 288 Florian 408.982745
2 255 43.96 28.31 0.074762 2021-06-24 19:31:52.999666 159 485 M 408.942024

0 56 16.76 -6.28 0.014686 2021-06-24 19:32:23.983816 193 302 Oline 439.926174
1 57 16.93 29.92 0.160643 2021-06-24 19:32:23.944229 185 446 Carlo 439.886587
2 156 27.28 28.31 0.024901 2021-06-24 19:32:23.969130 174 527 M 439.911488

0 28 11.49 28.31 0.482274 2021-06-24 19:32:25.454589 8 14 BenRevival 441.396947
1 179 30.55 29.92 0.095793 2021-06-24 19:32:25.573354 186 448 Carlo 441.515712
2 51 15.86 28.31 0.022972 2021-06-24 19:32:25.477561 175 528 M 441.419919

0 63 17.91 -3.92 0.025229 2021-06-24 19:32:34.056047 196 309 Oline 449.998405
1 152 26.78 29.92 0.015767 2021-06-24 19:32:33.998373 189 458 Carlo 449.940731
2 88 20.96 7.69 0.115994 2021-06-24 19:32:33.982606 106 280 rens 449.924964

0 71 19.06 -2.73 0.014919 2021-06-24 19:32:37.960298 198 311 Oline 453.902656
1 83 20.46 29.92 0.00312 2021-06-24 19:32:37.963418 103 225 Cecile 453.905776
2 224 38.29 28.85 0.212573 2021-06-24 19:32:37.945379 178 539 M 453.887737

0 199 33.86 24.34 0.018712 2021-06-24 19:32:43.047102 199 313 Oline 458.98946
1 74 19.44 29.92 0.017843 2021-06-24 19:32:43.009357 193 467 Carlo 458.951715
2 103 22.23 13.27 0.580291 2021-06-24 19:32:42.991514 107 282 rens 458.933872

0 49 15.48 -6.49 0.052237 2021-06-24 19:32:57.483054 205 320 Oline 473.425412
1 88 20.96 28.31 0.167985 2021-06-24 19:32:57.402466 62 131 MattiaCosmicWatch 473.344824
2 143 25.74 19.61 0.028351 2021-06-24 19:32:57.430817 111 289 rens 473.373175

0 175 29.94 19.72 0.014725 2021-06-24 19:33:00.201117 206 322 Oline 476.143475
1 99 21.91 29.92 0.017455 2021-06-24 19:33:00.218572 143 340 Florian 476.16093
2 415 95.00 28.31 0.414847 2021-06-24 19:33:00.186392 186 565 M 476.12875

0 553 176.67 103.40 0.026538 2021-06-24 19:33:01.738282 207 324 Oline 477.68064
1 298 52.37 29.92 0.014551 2021-06-24 19:33:01.711744 145 343 Florian 477.654102
2 376 76.43 28.31 0.131365 2021-06-24 19:33:01.697193 188 568 M 477.639551

0 153 26.90 15.74 0.033569 2021-06-24 19:33:06.275272 209 328 Oline 482.21763
1 240 41.21 28.31 0.000176 2021-06-24 19:33:06.275448 66 138 MattiaCosmicWatch 482.217806
2 112 22.94 13.06 0.268277 2021-06-24 19:33:06.241703 112 292 rens 482.184061

0 135 24.92 11.98 0.013564 2021-06-24 19:33:09.618142 214 334 Oline 485.5605
1 460 119.54 29.92 0.005427 2021-06-24 19:33:09.623569 147 346 Florian 485.565927
2 97 21.75 28.31 0.288188 2021-06-24 19:33:09.604578 193 577 M 485.546936

0 50 15.67 -6.49 0.045851 2021-06-24 19:33:14.528432 215 337 Oline 490.47079
1 166 28.62 29.92 0.281772 2021-06-24 19:33:14.482581 107 239 Cecile 490.424939
2 31 12.01 28.31 0.031166 2021-06-24 19:33:14.559598 174 525 Franko 490.501956

0 48 15.29 -6.49 0.026465 2021-06-24 19:33:15.762641 216 338 Oline 491.704999
1 98 21.83 29.92 0.121657 2021-06-24 19:33:15.670755 203 494 Carlo 491.613113
2 88 20.96 27.99 0.065421 2021-06-24 19:33:15.736176 66 209 Niels 491.678534

0 60 17.43 -4.13 0.014609 2021-06-24 19:33:20.204885 221 343 Oline 496.147243
1 70 18.93 29.92 0.019042 2021-06-24 19:33:20.313091 209 503 Carlo 496.255449
2 140 25.42 28.31 0.222211 2021-06-24 19:33:20.190276 198 587 M 496.132634

0 35 12.75 -9.07 0.030772 2021-06-24 19:33:23.380510 222 345 Oline 499.322868
1 120 23.58 29.92 0.081904 2021-06-24 19:33:23.250914 211 505 Carlo 499.193272
2 30 11.83 -1.34 0.136466 2021-06-24 19:33:23.169010 117 303 rens 499.111368

0 35 12.75 -9.18 0.061654 2021-06-24 19:33:29.713836 224 349 Oline 505.656194
1 127 24.18 29.92 0.026055 2021-06-24 19:33:29.807638 150 357 Florian 505.749996
2 156 27.28 28.31 0.377807 2021-06-24 19:33:29.652182 179 543 Franko 505.59454

0 44 14.51 -7.78 0.033989 2021-06-24 19:33:33.516669 226 351 Oline 509.459027
1 45 14.71 29.92 0.015994 2021-06-24 19:33:33.482680 214 510 Carlo 509.425038
2 56 16.76 1.56 0.347344 2021-06-24 19:33:33.466686 120 311 rens 509.409044

0 47 15.10 -9.07 0.04212 2021-06-24 19:33:34.841970 229 354 Oline 510.784328
1 81 20.25 28.31 0.031526 2021-06-24 19:33:34.873496 68 145 MattiaCosmicWatch 510.815854
2 316 56.81 28.31 0.209072 2021-06-24 19:33:34.799850 201 611 M 510.742208

0 63 17.91 27.77 0.058512 2021-06-24 19:33:35.404524 11 20 BenRevival 511.346882
1 377 76.28 29.92 0.081619 2021-06-24 19:33:35.511417 215 514 Carlo 511.453775
2 30 11.83 -3.49 0.025274 2021-06-24 19:33:35.429798 122 313 rens 511.372156

0 1023 2152.99 27.88 0.035706 2021-06-24 19:33:38.355880 13 23 BenRevival 514.298238
1 79 20.03 29.92 0.042771 2021-06-24 19:33:38.441502 114 251 Cecile 514.38386
2 88 20.96 28.31 0.107292 2021-06-24 19:33:38.320174 180 552 Franko 514.262532

0 49 15.48 -6.49 0.032633 2021-06-24 19:33:45.054563 233 360 Oline 520.996921
1 44 14.51 29.92 0.070738 2021-06-24 19:33:45.002822 117 255 Cecile 520.94518
2 51 15.86 28.31 0.019108 2021-06-24 19:33:45.021930 206 621 M 520.964288

0 62 17.75 -3.92 0.400206 2021-06-24 19:33:46.134472 234 361 Oline 522.07683
1 63 17.91 29.92 0.017826 2021-06-24 19:33:46.152298 118 257 Cecile 522.094656
2 39 13.53 0.60 0.001229 2021-06-24 19:33:46.153527 124 316 rens 522.095885

0 92 21.32 -1.02 0.009751 2021-06-24 19:33:57.698086 241 372 Oline 533.640444
1 51 15.86 28.31 0.230628 2021-06-24 19:33:57.658696 70 151 MattiaCosmicWatch 533.601054
2 78 19.92 1.24 0.029424 2021-06-24 19:33:57.688120 129 321 rens 533.630478

0 96 21.67 2.42 0.066106 2021-06-24 19:33:59.409777 242 373 Oline 535.352135
1 108 22.63 29.92 0.088516 2021-06-24 19:33:59.556036 124 268 Cecile 535.498394
2 551 164.56 28.85 0.326795 2021-06-24 19:33:59.343671 189 578 Franko 535.286029

0 35 12.75 -11.01 0.020691 2021-06-24 19:33:59.864696 243 375 Oline 535.807054
1 192 32.67 28.31 0.021165 2021-06-24 19:34:00.005958 71 152 MattiaCosmicWatch 535.948316
2 38 13.33 28.31 0.111022 2021-06-24 19:33:59.844005 211 636 M 535.786363

0 44 14.51 -7.78 0.082051 2021-06-24 19:34:05.097448 246 378 Oline 541.039806
1 57 16.93 29.92 0.021121 2021-06-24 19:34:04.956205 226 537 Carlo 540.898563
2 134 24.82 28.31 0.152892 2021-06-24 19:34:04.935084 191 584 Franko 540.877442

0 56 16.76 -4.88 0.17589 2021-06-24 19:34:06.202118 247 379 Oline 542.144476
1 243 41.74 29.92 0.017972 2021-06-24 19:34:06.220090 160 389 Florian 542.162448
2 44 14.51 28.31 0.02883 2021-06-24 19:34:06.248920 193 586 Franko 542.191278

0 403 88.99 68.92 0.076061 2021-06-24 19:34:10.510581 250 383 Oline 546.452939
1 92 21.32 29.92 0.019134 2021-06-24 19:34:10.529715 128 277 Cecile 546.472073
2 31 12.01 28.31 0.194791 2021-06-24 19:34:10.434520 218 649 M 546.376878

0 48 15.29 -6.49 0.028648 2021-06-24 19:34:18.511387 253 390 Oline 554.453745
1 67 18.51 29.92 0.078861 2021-06-24 19:34:18.590248 235 550 Carlo 554.532606
2 57 16.93 28.31 0.060224 2021-06-24 19:34:18.482739 200 602 Franko 554.425097

0 63 17.91 -3.92 0.015892 2021-06-24 19:34:20.439144 254 391 Oline 556.381502
1 295 51.75 29.92 0.002082 2021-06-24 19:34:20.441226 164 395 Florian 556.383584
2 354 67.99 28.31 0.266622 2021-06-24 19:34:20.423252 223 661 M 556.36561

0 185 31.51 22.29 0.427768 2021-06-24 19:34:28.363015 255 392 Oline 564.305373
1 56 16.76 28.31 0.019025 2021-06-24 19:34:28.382040 82 172 MattiaCosmicWatch 564.324398
2 147 26.19 19.93 0.010449 2021-06-24 19:34:28.392489 133 341 rens 564.334847

0 62 17.75 -3.92 0.019984 2021-06-24 19:34:29.499821 256 394 Oline 565.442179
1 88 20.96 29.92 0.466999 2021-06-24 19:34:29.479837 131 284 Cecile 565.422195
2 67 18.51 27.77 0.04842 2021-06-24 19:34:29.587550 83 237 Niels 565.529908

0 46 14.91 -7.78 0.028466 2021-06-24 19:34:30.991469 257 396 Oline 566.933827
1 56 16.76 29.92 0.059785 2021-06-24 19:34:31.236402 237 558 Carlo 567.17876
2 287 50.23 28.31 0.033627 2021-06-24 19:34:30.963003 227 676 M 566.905361

0 71 19.06 -4.13 0.018808 2021-06-24 19:34:31.600469 258 397 Oline 567.542827
1 377 76.28 29.92 0.017616 2021-06-24 19:34:31.618085 132 286 Cecile 567.560443
2 142 25.64 14.13 0.326403 2021-06-24 19:34:31.581661 134 344 rens 567.524019

0 172 29.49 19.61 0.029854 2021-06-24 19:34:33.925603 259 399 Oline 569.867961
1 67 18.51 29.92 0.034214 2021-06-24 19:34:33.993374 135 290 Cecile 569.935732
2 70 18.93 28.31 0.188016 2021-06-24 19:34:33.895749 229 679 M 569.838107

0 77 19.81 -0.69 0.043431 2021-06-24 19:34:38.248181 261 401 Oline 574.190539
1 304 53.73 29.92 0.016917 2021-06-24 19:34:38.204750 171 411 Florian 574.147108
2 51 15.86 1.24 0.133522 2021-06-24 19:34:38.187833 135 348 rens 574.130191

0 480 130.21 86.21 0.017981 2021-06-24 19:34:42.384773 263 404 Oline 578.327131
1 51 15.86 29.92 0.082554 2021-06-24 19:34:42.467327 241 568 Carlo 578.409685
2 323 58.48 27.34 0.705114 2021-06-24 19:34:42.366792 15 51 Noor 578.30915

0 63 17.91 -3.92 0.112009 2021-06-24 19:34:44.363144 264 405 Oline 580.305502
1 34 12.56 29.92 0.033537 2021-06-24 19:34:44.423879 243 569 Carlo 580.366237
2 295 51.75 28.85 0.027198 2021-06-24 19:34:44.390342 208 637 Franko 580.3327

0 275 47.73 41.52 0.016647 2021-06-24 19:34:48.793454 266 408 Oline 584.735812
1 60 17.43 29.92 0.016103 2021-06-24 19:34:48.809557 245 574 Carlo 584.751915
2 30 11.83 27.45 0.147052 2021-06-24 19:34:48.776807 16 52 Noor 584.719165

0 120 23.58 7.69 0.000176 2021-06-24 19:34:51.926524 267 410 Oline 587.868882
1 121 23.66 29.92 0.013174 2021-06-24 19:34:51.885873 174 425 Florian 587.828231
2 300 52.79 28.31 0.040475 2021-06-24 19:34:51.926348 235 702 M 587.868706

0 30 11.83 -10.04 0.288923 2021-06-24 19:34:53.745184 268 411 Oline 589.687542
1 126 24.09 28.31 0.018998 2021-06-24 19:34:53.764182 85 178 MattiaCosmicWatch 589.70654
2 430 101.41 77.62 0.030214 2021-06-24 19:34:53.794396 140 359 rens 589.736754

0 114 23.10 3.82 0.05792 2021-06-24 19:34:54.089115 269 412 Oline 590.031473
1 51 15.86 29.92 0.082585 2021-06-24 19:34:54.171700 248 578 Carlo 590.114058
2 101 22.08 28.53 0.169321 2021-06-24 19:34:54.031195 210 644 Franko 589.973553

0 83 20.46 -1.02 0.043725 2021-06-24 19:34:58.675235 271 415 Oline 594.617593
1 39 13.53 29.92 0.072117 2021-06-24 19:34:58.631510 251 582 Carlo 594.573868
2 46 14.91 0.49 0.267161 2021-06-24 19:34:58.559393 142 361 rens 594.501751

0 121 23.66 7.69 0.033958 2021-06-24 19:35:00.522017 273 417 Oline 596.464375
1 99 21.91 29.92 0.199745 2021-06-24 19:35:00.488059 254 586 Carlo 596.430417
2 30 11.83 27.88 0.035934 2021-06-24 19:35:00.557951 87 255 Niels 596.500309

0 39 13.53 -8.64 0.074814 2021-06-24 19:35:03.355993 277 421 Oline 599.298351
1 152 26.78 29.92 0.02944 2021-06-24 19:35:03.243865 256 589 Carlo 599.186223
2 60 17.43 27.45 0.037314 2021-06-24 19:35:03.281179 17 55 Noor 599.223537

0 463 119.23 85.03 0.083068 2021-06-24 19:35:13.287116 279 424 Oline 609.229474
1 120 23.58 29.92 0.015821 2021-06-24 19:35:13.386166 180 449 Florian 609.328524
2 31 12.01 28.31 0.291545 2021-06-24 19:35:13.204048 218 659 Franko 609.146406

0 73 19.32 -9.07 0.060294 2021-06-24 19:35:17.427534 280 427 Oline 613.369892
1 147 26.19 29.92 0.026034 2021-06-24 19:35:17.494075 184 458 Florian 613.436433
2 28 11.49 27.45 0.040507 2021-06-24 19:35:17.468041 18 62 Noor 613.410399

0 44 14.51 -9.07 0.023923 2021-06-24 19:35:18.201547 281 428 Oline 614.143905
1 39 13.53 29.92 0.096752 2021-06-24 19:35:18.177624 186 461 Florian 614.119982
2 85 20.67 9.40 0.147984 2021-06-24 19:35:18.080872 147 370 rens 614.02323

0 167 28.76 17.68 0.059416 2021-06-24 19:35:18.877976 282 429 Oline 614.820334
1 83 20.46 29.92 0.073176 2021-06-24 19:35:18.818560 262 604 Carlo 614.760918
2 39 13.53 28.10 0.204404 2021-06-24 19:35:18.745384 91 264 Niels 614.687742

0 1023 2152.99 279.68 0.024123 2021-06-24 19:35:26.137696 285 433 Oline 622.080054
1 131 24.54 29.92 0.020285 2021-06-24 19:35:26.113573 139 309 Cecile 622.055931
2 62 17.75 28.31 0.139378 2021-06-24 19:35:26.093288 252 747 M 622.035646

0 152 26.78 14.13 0.11651 2021-06-24 19:35:47.617042 289 443 Oline 643.5594
1 286 49.78 29.92 0.076864 2021-06-24 19:35:47.693906 282 640 Carlo 643.636264
2 46 14.91 28.31 0.0201 2021-06-24 19:35:47.714006 260 771 M 643.656364

0 62 17.75 -3.92 0.015825 2021-06-24 19:35:58.759641 293 450 Oline 654.701999
1 79 20.03 29.92 0.002022 2021-06-24 19:35:58.761663 197 481 Florian 654.704021
2 199 33.86 28.31 0.148433 2021-06-24 19:35:58.743816 265 786 M 654.686174

0 31 12.01 -11.01 0.034993 2021-06-24 19:36:00.884118 295 453 Oline 656.826476
1 48 15.29 29.92 0.053721 2021-06-24 19:36:00.849125 199 484 Florian 656.791483
2 112 22.94 27.45 0.051273 2021-06-24 19:36:00.935391 23 89 Noor 656.877749

0 110 22.78 2.74 0.214749 2021-06-24 19:36:09.999362 297 456 Oline 665.94172
1 35 12.75 29.92 0.017925 2021-06-24 19:36:10.017287 144 326 Cecile 665.959645
2 179 30.55 28.20 0.046302 2021-06-24 19:36:10.063589 103 291 Niels 666.005947

0 391 82.35 67.30 0.001931 2021-06-24 19:36:14.158731 300 460 Oline 670.101089
1 67 18.51 28.31 0.342427 2021-06-24 19:36:14.127374 103 216 MattiaCosmicWatch 670.069732
2 252 43.42 42.49 0.029426 2021-06-24 19:36:14.156800 154 402 rens 670.099158

0 163 28.20 16.71 0.094629 2021-06-24 19:36:15.499619 301 461 Oline 671.441977
1 57 16.93 28.53 0.096617 2021-06-24 19:36:15.404990 104 218 MattiaCosmicWatch 671.347348
2 56 16.76 28.31 0.427108 2021-06-24 19:36:15.308373 269 797 M 671.250731

0 79 20.03 -0.91 0.017948 2021-06-24 19:36:16.029188 302 462 Oline 671.971546
1 102 22.15 28.31 0.061956 2021-06-24 19:36:15.904740 105 219 MattiaCosmicWatch 671.847098
2 185 31.51 27.34 0.3241 2021-06-24 19:36:15.842784 155 403 rens 671.785142

0 135 24.92 11.88 0.033725 2021-06-24 19:36:21.752765 304 464 Oline 677.695123
1 172 29.49 29.92 0.031866 2021-06-24 19:36:21.719040 295 667 Carlo 677.661398
2 167 28.76 28.31 0.144817 2021-06-24 19:36:21.687174 273 807 M 677.629532

0 67 18.51 -6.49 0.09415 2021-06-24 19:36:22.829577 305 467 Oline 678.771935
1 39 13.53 29.92 0.027367 2021-06-24 19:36:22.659678 297 670 Carlo 678.602036
2 31 12.01 28.31 0.177519 2021-06-24 19:36:22.632311 274 808 M 678.574669

0 115 23.18 -0.69 0.123582 2021-06-24 19:36:27.410610 307 471 Oline 683.352968
1 271 46.93 29.92 0.019072 2021-06-24 19:36:27.429682 302 676 Carlo 683.37204
2 31 12.01 28.31 0.073344 2021-06-24 19:36:27.503026 278 815 M 683.445384

0 29 11.66 27.88 0.077254 2021-06-24 19:36:35.445484 16 27 BenRevival 691.387842
1 30 11.83 29.92 0.0465 2021-06-24 19:36:35.491984 307 684 Carlo 691.434342
2 30 11.83 27.45 0.154646 2021-06-24 19:36:35.368230 28 108 Noor 691.310588

0 29 11.66 27.67 0.184424 2021-06-24 19:36:36.223790 17 28 BenRevival 692.166148
1 31 12.01 29.92 0.041566 2021-06-24 19:36:36.265356 309 686 Carlo 692.207714
2 167 28.76 28.31 0.091178 2021-06-24 19:36:36.356534 240 740 Franko 692.298892

0 28 11.49 27.88 0.039288 2021-06-24 19:36:36.864516 18 29 BenRevival 692.806874
1 121 23.66 28.31 0.028214 2021-06-24 19:36:36.892730 113 233 MattiaCosmicWatch 692.835088
2 71 19.06 28.85 0.077043 2021-06-24 19:36:36.825228 241 742 Franko 692.767586

0 28 11.49 27.67 0.045205 2021-06-24 19:36:37.347909 19 30 BenRevival 693.290267
1 339 62.98 29.92 0.277807 2021-06-24 19:36:37.253775 310 687 Carlo 693.196133
2 60 17.43 28.31 0.048929 2021-06-24 19:36:37.302704 242 743 Franko 693.245062

0 28 11.49 27.56 0.021062 2021-06-24 19:36:38.542884 21 32 BenRevival 694.485242
1 114 23.10 29.92 0.048578 2021-06-24 19:36:38.703814 311 688 Carlo 694.646172
2 307 54.48 28.85 0.024432 2021-06-24 19:36:38.521822 244 746 Franko 694.46418

0 28 11.49 27.56 0.18198 2021-06-24 19:36:39.445698 22 33 BenRevival 695.388056
1 44 14.51 29.92 0.020142 2021-06-24 19:36:39.565641 312 690 Carlo 695.507999
2 44 14.51 28.85 0.099801 2021-06-24 19:36:39.545499 245 747 Franko 695.487857

0 35 12.75 27.88 0.391124 2021-06-24 19:36:41.089078 23 34 BenRevival 697.031436
1 57 16.93 29.92 0.023278 2021-06-24 19:36:41.112356 315 694 Carlo 697.054714
2 31 12.01 27.56 0.099691 2021-06-24 19:36:41.212047 29 111 Noor 697.154405

0 28 11.49 27.67 0.014638 2021-06-24 19:36:53.431498 29 43 BenRevival 709.373856
1 39 13.53 29.92 0.023804 2021-06-24 19:36:53.455302 210 518 Florian 709.39766
2 66 18.36 28.31 0.053055 2021-06-24 19:36:53.416860 287 835 M 709.359218

0 291 50.97 48.72 0.106614 2021-06-24 19:36:53.818594 317 488 Oline 709.760952
1 227 38.83 29.92 0.01685 2021-06-24 19:36:53.879551 322 707 Carlo 709.821909
2 88 20.96 7.90 0.044107 2021-06-24 19:36:53.862701 165 428 rens 709.805059

0 57 16.93 -4.88 0.198417 2021-06-24 19:36:54.077968 318 488 Oline 710.020326
1 60 17.43 28.31 0.091999 2021-06-24 19:36:54.169967 118 240 MattiaCosmicWatch 710.112325
2 35 12.75 27.45 0.032768 2021-06-24 19:36:54.202735 34 124 Noor 710.145093

0 30 11.83 27.67 0.013639 2021-06-24 19:36:55.842983 30 47 BenRevival 711.785341
1 76 19.69 29.92 0.179573 2021-06-24 19:36:55.809325 149 338 Cecile 711.751683
2 508 144.95 27.56 0.020019 2021-06-24 19:36:55.829344 35 126 Noor 711.771702

0 30 11.83 27.67 0.009358 2021-06-24 19:36:56.385513 31 49 BenRevival 712.327871
1 344 64.67 28.31 0.241454 2021-06-24 19:36:56.345865 119 241 MattiaCosmicWatch 712.288223
2 359 69.86 28.53 0.03029 2021-06-24 19:36:56.376155 253 764 Franko 712.318513

0 31 12.01 27.67 0.038234 2021-06-24 19:36:57.408877 32 50 BenRevival 713.351235
1 46 14.91 29.92 0.1048 2021-06-24 19:36:57.349428 212 521 Florian 713.291786
2 131 24.54 28.85 0.021215 2021-06-24 19:36:57.370643 254 766 Franko 713.313001

0 34 12.56 27.56 0.068859 2021-06-24 19:36:57.862945 34 53 BenRevival 713.805303
1 92 21.32 29.92 0.136896 2021-06-24 19:36:57.794086 150 340 Cecile 713.736444
2 69 18.79 28.85 0.065784 2021-06-24 19:36:57.928729 290 838 M 713.871087

0 56 16.76 -4.67 0.040195 2021-06-24 19:37:02.938960 320 490 Oline 718.881318
1 184 31.36 29.92 0.102384 2021-06-24 19:37:02.694500 213 523 Florian 718.636858
2 259 44.69 28.31 0.022013 2021-06-24 19:37:02.716513 291 843 M 718.658871

0 28 11.49 27.77 0.018867 2021-06-24 19:37:14.392016 36 54 BenRevival 730.334374
1 37 13.14 29.92 0.279711 2021-06-24 19:37:14.373149 332 724 Carlo 730.315507
2 110 22.78 28.85 0.011464 2021-06-24 19:37:14.423926 261 786 Franko 730.366284

0 48 15.29 -11.33 0.141121 2021-06-24 19:37:15.807882 327 503 Oline 731.75024
1 48 15.29 29.92 0.018751 2021-06-24 19:37:15.826633 218 531 Florian 731.768991
2 227 38.83 28.85 0.092729 2021-06-24 19:37:15.919362 297 858 M 731.86172

0 134 24.82 11.88 0.185232 2021-06-24 19:37:17.685689 329 505 Oline 733.628047
1 295 51.75 29.92 0.018986 2021-06-24 19:37:17.704675 153 346 Cecile 733.647033
2 29 11.66 27.45 0.086404 2021-06-24 19:37:17.791079 38 143 Noor 733.733437

0 39 13.53 -16.81 0.003444 2021-06-24 19:37:23.705884 332 510 Oline 739.648242
1 120 23.58 29.92 0.014806 2021-06-24 19:37:23.720690 221 537 Florian 739.663048
2 391 82.35 28.85 0.017776 2021-06-24 19:37:23.702440 300 868 M 739.644798

0 167 28.76 17.89 0.015922 2021-06-24 19:37:26.835843 335 513 Oline 742.778201
1 44 14.51 29.92 0.012589 2021-06-24 19:37:26.848432 156 351 Cecile 742.79079
2 335 61.77 28.31 0.142966 2021-06-24 19:37:26.819921 301 872 M 742.762279

0 163 28.20 16.71 0.412923 2021-06-24 19:37:28.851110 337 515 Oline 744.793468
1 344 64.67 29.92 0.018901 2021-06-24 19:37:28.870011 158 354 Cecile 744.812369
2 81 20.25 28.31 0.066985 2021-06-24 19:37:28.936996 302 878 M 744.879354

