# layer adc volt temp timediff time detector_muon_count detector_count detector_name
2 103 22.23 11.88 0.107779 2021-06-24 19:37:23.188957 172 450 rens 739.131315
1 56 16.76 28.31 0.040327 2021-06-24 19:37:23.229284 122 248 MattiaCosmicWatch 739.171642
2 113 23.02 28.53 0.09441 2021-06-24 19:37:23.323694 264 795 Franko 739.266052
0 51 15.86 -6.49 0.243044 2021-06-24 19:37:23.566738 331 508 Oline 739.509096
2 39 13.53 27.56 0.117926 2021-06-24 19:37:23.684664 39 147 Noor 739.627022
2 391 82.35 28.85 0.017776 2021-06-24 19:37:23.702440 299 868 M 739.644798
0 39 13.53 -16.81 0.003444 2021-06-24 19:37:23.705884 331 509 Oline 739.648242
1 120 23.58 29.92 0.014806 2021-06-24 19:37:23.720690 220 537 Florian 739.663048
0 88 20.96 -2.63 0.263876 2021-06-24 19:37:23.984566 332 510 Oline 739.926924
2 63 17.91 28.10 0.15561 2021-06-24 19:37:24.140176 114 321 Niels 740.082534
2 176 30.09 28.31 0.067761 2021-06-24 19:37:24.207937 114 322 Niels 740.150295
2 211 35.96 28.31 0.152579 2021-06-24 19:37:24.360516 300 869 M 740.302874
2 67 18.51 28.31 0.063062 2021-06-24 19:37:24.423578 114 323 Niels 740.365936
2 94 21.50 28.10 0.033674 2021-06-24 19:37:24.457252 114 324 Niels 740.39961
0 57 16.93 -6.49 0.073719 2021-06-24 19:37:24.530971 332 511 Oline 740.473329
2 63 17.91 27.45 0.01792 2021-06-24 19:37:24.548891 39 148 Noor 740.491249
2 159 27.66 22.19 0.131104 2021-06-24 19:37:24.679995 173 451 rens 740.622353
2 51 15.86 27.67 0.081654 2021-06-24 19:37:24.761649 39 149 Noor 740.704007
1 89 21.05 29.92 0.046852 2021-06-24 19:37:24.808501 337 732 Carlo 740.750859
2 179 30.55 28.85 0.181147 2021-06-24 19:37:24.989648 264 796 Franko 740.932006
0 199 33.86 23.15 0.066837 2021-06-24 19:37:25.056485 333 512 Oline 740.998843
2 51 15.86 28.85 0.018868 2021-06-24 19:37:25.075353 265 797 Franko 741.017711
2 37 13.14 -2.63 0.248507 2021-06-24 19:37:25.323860 173 452 rens 741.266218
2 31 12.01 29.17 0.0186 2021-06-24 19:37:25.342460 265 798 Franko 741.284818
2 176 30.09 27.45 0.165114 2021-06-24 19:37:25.507574 40 150 Noor 741.449932
1 29 11.66 29.92 0.019006 2021-06-24 19:37:25.526580 154 350 Cecile 741.468938
2 67 18.51 28.31 0.097371 2021-06-24 19:37:25.623951 300 870 M 741.566309
1 454 115.28 28.31 0.014715 2021-06-24 19:37:25.638666 123 249 MattiaCosmicWatch 741.581024
1 96 21.67 29.92 0.11854 2021-06-24 19:37:25.757206 338 733 Carlo 741.699564
1 34 12.56 29.92 0.022649 2021-06-24 19:37:25.779855 221 538 Florian 741.722213
2 31 12.01 28.20 0.209301 2021-06-24 19:37:25.989156 115 325 Niels 741.931514
2 60 17.43 28.31 0.102999 2021-06-24 19:37:26.092155 115 326 Niels 742.034513
2 268 46.26 28.85 0.365337 2021-06-24 19:37:26.457492 265 799 Franko 742.39985
1 70 18.93 29.92 0.032227 2021-06-24 19:37:26.489719 221 539 Florian 742.432077
2 124 23.92 28.31 0.077829 2021-06-24 19:37:26.567548 300 871 M 742.509906
1 108 22.63 29.92 0.109407 2021-06-24 19:37:26.676955 338 734 Carlo 742.619313
2 335 61.77 28.31 0.142966 2021-06-24 19:37:26.819921 300 872 M 742.762279
0 167 28.76 17.89 0.015922 2021-06-24 19:37:26.835843 334 513 Oline 742.778201
1 44 14.51 29.92 0.012589 2021-06-24 19:37:26.848432 155 351 Cecile 742.79079
1 88 20.96 29.92 0.228117 2021-06-24 19:37:27.076549 338 735 Carlo 743.018907
1 31 12.01 29.92 0.125717 2021-06-24 19:37:27.202266 156 352 Cecile 743.144624
2 51 15.86 28.85 0.16341 2021-06-24 19:37:27.365676 266 800 Franko 743.308034
2 56 16.76 28.31 0.112494 2021-06-24 19:37:27.478170 301 873 M 743.420528
2 156 27.28 22.19 0.051134 2021-06-24 19:37:27.529304 173 453 rens 743.471662
2 243 41.74 28.31 0.040476 2021-06-24 19:37:27.569780 266 801 Franko 743.512138
0 156 27.28 15.63 0.454874 2021-06-24 19:37:28.024654 335 514 Oline 743.967012
1 71 19.06 29.92 0.018904 2021-06-24 19:37:28.043558 156 353 Cecile 743.985916
1 92 21.32 29.92 0.130377 2021-06-24 19:37:28.173935 338 736 Carlo 744.116293
2 226 38.63 28.31 0.131775 2021-06-24 19:37:28.305710 301 874 M 744.248068
2 115 23.18 27.56 0.080659 2021-06-24 19:37:28.386369 41 151 Noor 744.328727
2 35 12.75 27.56 0.051818 2021-06-24 19:37:28.438187 41 152 Noor 744.380545
0 163 28.20 16.71 0.412923 2021-06-24 19:37:28.851110 336 515 Oline 744.793468
1 344 64.67 29.92 0.018901 2021-06-24 19:37:28.870011 157 354 Cecile 744.812369
2 81 20.25 28.31 0.066985 2021-06-24 19:37:28.936996 301 875 M 744.879354
2 44 14.51 28.31 0.033689 2021-06-24 19:37:28.970685 302 876 M 744.913043
2 35 12.75 28.31 0.033183 2021-06-24 19:37:29.003868 302 877 M 744.946226
1 50 15.67 29.92 0.097383 2021-06-24 19:37:29.101251 338 737 Carlo 745.043609
1 76 19.69 29.92 0.033669 2021-06-24 19:37:29.134920 338 738 Carlo 745.077278
2 83 20.46 28.31 0.141646 2021-06-24 19:37:29.276566 302 878 M 745.218924
1 42 14.12 29.92 0.392161 2021-06-24 19:37:29.668727 338 739 Carlo 745.611085
2 227 38.83 28.31 0.468657 2021-06-24 19:37:30.137384 266 802 Franko 746.079742
1 76 19.69 29.92 0.309354 2021-06-24 19:37:30.446738 158 355 Cecile 746.389096
