# layer adc volt temp timediff time detector_muon_count detector_count detector_name
2 67 18.51 27.34 10 2021-06-24 14:53:20.788983 0 1 MattiaCosmicWatch 0.154056
2 158 27.53 27.34 4.249475 2021-06-24 14:53:25.038458 0 2 MattiaCosmicWatch 4.403531
0 209 35.61 27.67 1.360833 2021-06-24 14:53:26.399291 0 1 Cecile 5.764364
1 135 24.92 26.70 0.325064 2021-06-24 14:53:26.724355 0 1 Niels 6.089428
1 79 20.03 26.70 1.186869 2021-06-24 14:53:27.911224 0 2 Niels 7.276297
2 252 43.42 27.13 1.615155 2021-06-24 14:53:29.526379 0 3 MattiaCosmicWatch 8.891452
0 56 16.76 27.99 1.480729 2021-06-24 14:53:31.007108 0 2 Cecile 10.372181
0 96 21.67 27.67 1.172593 2021-06-24 14:53:32.179701 0 3 Cecile 11.544774
1 143 25.74 26.70 0.013654 2021-06-24 14:53:32.193355 0 3 Niels 11.558428
0 103 22.23 27.77 1.369484 2021-06-24 14:53:33.562839 1 4 Cecile 12.927912
2 56 16.76 27.34 0.826699 2021-06-24 14:53:34.389538 0 4 MattiaCosmicWatch 13.754611
0 57 16.93 27.88 0.041476 2021-06-24 14:53:34.431014 1 5 Cecile 13.796087
0 63 17.91 27.67 2.472556 2021-06-24 14:53:36.903570 2 6 Cecile 16.268643
1 51 15.86 26.81 2.295718 2021-06-24 14:53:39.199288 1 4 Niels 18.564361
0 280 48.67 27.67 0.409687 2021-06-24 14:53:39.608975 2 7 Cecile 18.974048
2 60 17.43 27.34 4.420274 2021-06-24 14:53:44.029249 1 5 MattiaCosmicWatch 23.394322
2 384 80.08 27.34 1.327146 2021-06-24 14:53:45.356395 1 6 MattiaCosmicWatch 24.721468
1 255 43.96 26.70 1.797543 2021-06-24 14:53:47.153938 1 5 Niels 26.519011
2 127 24.18 27.34 2.102991 2021-06-24 14:53:49.256929 1 7 MattiaCosmicWatch 28.622002
0 76 19.69 27.77 1.525996 2021-06-24 14:53:50.782925 2 8 Cecile 30.147998
1 113 23.02 26.70 0.014867 2021-06-24 14:53:50.797792 1 6 Niels 30.162865
1 211 35.96 26.70 0.62888 2021-06-24 14:53:51.426672 2 7 Niels 30.791745
0 49 15.48 27.77 0.013661 2021-06-24 14:53:51.440333 3 9 Cecile 30.805406
0 76 19.69 27.77 0.742389 2021-06-24 14:53:52.182722 4 10 Cecile 31.547795
2 56 16.76 27.34 0.069842 2021-06-24 14:53:52.252564 1 8 MattiaCosmicWatch 31.617637
0 96 21.67 27.77 0.380821 2021-06-24 14:53:52.633385 5 11 Cecile 31.998458
2 455 117.03 27.34 0.09445 2021-06-24 14:53:52.727835 2 9 MattiaCosmicWatch 32.092908
1 49 15.48 26.70 0.587977 2021-06-24 14:53:53.315812 3 8 Niels 32.680885
0 71 19.06 27.88 0.012594 2021-06-24 14:53:53.328406 6 12 Cecile 32.693479
1 67 18.51 26.70 0.515385 2021-06-24 14:53:53.843791 4 9 Niels 33.208864
0 120 23.58 27.88 0.013817 2021-06-24 14:53:53.857608 7 13 Cecile 33.222681
1 99 21.91 26.70 1.138741 2021-06-24 14:53:54.996349 5 10 Niels 34.361422
1 435 104.92 26.91 0.326882 2021-06-24 14:53:55.323231 5 11 Niels 34.688304
0 102 22.15 27.88 4.71182 2021-06-24 14:54:00.035051 8 14 Cecile 39.400124
1 60 17.43 26.91 0.015859 2021-06-24 14:54:00.050910 5 12 Niels 39.415983
2 127 24.18 27.34 0.447817 2021-06-24 14:54:00.498727 3 10 MattiaCosmicWatch 39.8638
2 192 32.67 27.34 3.078365 2021-06-24 14:54:03.577092 3 11 MattiaCosmicWatch 42.942165
2 56 16.76 27.34 1.196035 2021-06-24 14:54:04.773127 3 12 MattiaCosmicWatch 44.1382
0 51 15.86 27.67 0.026415 2021-06-24 14:54:04.799542 9 15 Cecile 44.164615
1 62 17.75 26.70 0.000151 2021-06-24 14:54:04.799693 6 13 Niels 44.164766
1 79 20.03 26.81 1.998026 2021-06-24 14:54:06.797719 7 14 Niels 46.162792
0 115 23.18 27.88 0.013835 2021-06-24 14:54:06.811554 10 16 Cecile 46.176627
2 435 104.92 27.34 3.205393 2021-06-24 14:54:10.016947 4 13 MattiaCosmicWatch 49.38202
0 207 35.26 27.77 0.028467 2021-06-24 14:54:10.045414 11 17 Cecile 49.410487
2 66 18.36 27.34 3.276338 2021-06-24 14:54:13.321752 5 14 MattiaCosmicWatch 52.686825
1 57 16.93 26.70 0.305067 2021-06-24 14:54:13.626819 8 15 Niels 52.991892
2 295 51.75 27.34 0.446076 2021-06-24 14:54:14.072895 5 15 MattiaCosmicWatch 53.437968
1 56 16.76 26.91 1.394563 2021-06-24 14:54:15.467458 8 16 Niels 54.832531
0 231 39.55 27.99 0.487241 2021-06-24 14:54:15.954699 12 18 Cecile 55.319772
1 66 18.36 26.70 0.087752 2021-06-24 14:54:16.042451 8 17 Niels 55.407524
2 63 17.91 27.34 1.360301 2021-06-24 14:54:17.402752 5 16 MattiaCosmicWatch 56.767825
2 63 17.91 27.34 0.421713 2021-06-24 14:54:17.824465 5 17 MattiaCosmicWatch 57.189538
0 88 20.96 27.99 1.698446 2021-06-24 14:54:19.522911 13 19 Cecile 58.887984
1 263 45.37 26.70 0.015005 2021-06-24 14:54:19.537916 9 18 Niels 58.902989
1 78 19.92 26.91 0.04413 2021-06-24 14:54:19.582046 10 19 Niels 58.947119
2 57 16.93 27.34 0.737573 2021-06-24 14:54:20.319619 5 18 MattiaCosmicWatch 59.684692
0 284 49.41 27.67 0.580702 2021-06-24 14:54:20.900321 14 20 Cecile 60.265394
2 88 20.96 27.34 0.429658 2021-06-24 14:54:21.329979 5 19 MattiaCosmicWatch 60.695052
0 449 112.05 27.88 0.646602 2021-06-24 14:54:21.976581 14 21 Cecile 61.341654
0 112 22.94 27.88 1.127231 2021-06-24 14:54:23.103812 14 22 Cecile 62.468885
2 67 18.51 27.34 0.207909 2021-06-24 14:54:23.311721 5 20 MattiaCosmicWatch 62.676794
1 423 97.36 26.91 0.695 2021-06-24 14:54:24.006721 10 20 Niels 63.371794
0 178 30.40 27.67 2.06707 2021-06-24 14:54:26.073791 14 23 Cecile 65.438864
1 79 20.03 26.70 0.299547 2021-06-24 14:54:26.373338 10 21 Niels 65.738411
0 76 19.69 27.99 0.101552 2021-06-24 14:54:26.474890 14 24 Cecile 65.839963
0 79 20.03 27.88 2.14241 2021-06-24 14:54:28.617300 14 25 Cecile 67.982373
1 89 21.05 26.91 0.560119 2021-06-24 14:54:29.177419 10 22 Niels 68.542492
0 135 24.92 27.67 0.013626 2021-06-24 14:54:29.191045 14 26 Cecile 68.556118
0 163 28.20 27.99 2.049459 2021-06-24 14:54:31.240504 15 27 Cecile 70.605577
0 448 112.41 27.67 1.157012 2021-06-24 14:54:32.397516 15 28 Cecile 71.762589
0 198 33.69 27.99 3.509051 2021-06-24 14:54:35.906567 15 29 Cecile 75.27164
0 127 24.18 27.99 1.944225 2021-06-24 14:54:37.850792 15 30 Cecile 77.215865
0 63 17.91 27.88 1.351634 2021-06-24 14:54:39.202426 15 31 Cecile 78.567499
0 57 16.93 27.88 0.140085 2021-06-24 14:54:39.342511 15 32 Cecile 78.707584
1 121 23.66 26.91 0.647845 2021-06-24 14:54:39.990356 11 23 Niels 79.355429
1 57 16.93 26.48 1.212841 2021-06-24 14:54:41.203197 11 24 Niels 80.56827
2 63 17.91 27.34 1.698637 2021-06-24 14:54:42.901834 5 21 MattiaCosmicWatch 82.266907
0 448 112.41 27.67 1.890961 2021-06-24 14:54:44.792795 15 33 Cecile 84.157868
2 71 19.06 27.34 0.720975 2021-06-24 14:54:45.513770 5 22 MattiaCosmicWatch 84.878843
0 159 27.66 27.67 0.447432 2021-06-24 14:54:45.961202 15 34 Cecile 85.326275
2 125 24.00 27.34 0.632343 2021-06-24 14:54:46.593545 5 23 MattiaCosmicWatch 85.958618
0 167 28.76 27.77 0.242226 2021-06-24 14:54:46.835771 15 35 Cecile 86.200844
1 167 28.76 26.70 1.201672 2021-06-24 14:54:48.037443 11 25 Niels 87.402516
2 50 15.67 27.34 0.694632 2021-06-24 14:54:48.732075 5 24 MattiaCosmicWatch 88.097148
0 71 19.06 27.77 1.381861 2021-06-24 14:54:50.113936 15 36 Cecile 89.479009
0 177 30.25 27.77 0.393114 2021-06-24 14:54:50.507050 15 37 Cecile 89.872123
1 79 20.03 26.70 0.015863 2021-06-24 14:54:50.522913 11 26 Niels 89.887986
0 195 33.17 27.99 0.278058 2021-06-24 14:54:50.800971 16 38 Cecile 90.166044
0 207 35.26 27.99 0.21499 2021-06-24 14:54:51.015961 16 39 Cecile 90.381034
2 101 22.08 27.34 0.181862 2021-06-24 14:54:51.197823 5 25 MattiaCosmicWatch 90.562896
2 211 35.96 27.34 1.287371 2021-06-24 14:54:52.485194 5 26 MattiaCosmicWatch 91.850267
1 206 35.07 26.70 0.937758 2021-06-24 14:54:53.422952 12 27 Niels 92.788025
0 115 23.18 27.88 0.015528 2021-06-24 14:54:53.438480 16 40 Cecile 92.803553
2 49 15.48 27.34 0.423347 2021-06-24 14:54:53.861827 5 27 MattiaCosmicWatch 93.2269
0 69 18.79 27.77 1.486968 2021-06-24 14:54:55.348795 17 41 Cecile 94.713868
2 56 16.76 27.34 2.317303 2021-06-24 14:54:57.666098 5 28 MattiaCosmicWatch 97.031171
1 92 21.32 26.70 0.165308 2021-06-24 14:54:57.831406 13 28 Niels 97.196479
1 275 47.73 26.70 2.079301 2021-06-24 14:54:59.910707 13 29 Niels 99.27578
0 51 15.86 27.88 0.287655 2021-06-24 14:55:00.198362 17 42 Cecile 99.563435
1 152 26.78 26.91 0.119855 2021-06-24 14:55:00.318217 13 30 Niels 99.68329
0 120 23.58 27.88 1.365922 2021-06-24 14:55:01.684139 17 43 Cecile 101.049212
0 199 33.86 28.10 3.421014 2021-06-24 14:55:05.105153 17 44 Cecile 104.470226
1 120 23.58 26.70 0.016703 2021-06-24 14:55:05.121856 13 31 Niels 104.486929
2 149 26.42 27.34 0.016701 2021-06-24 14:55:05.138557 5 29 MattiaCosmicWatch 104.50363
1 179 30.55 26.70 0.025163 2021-06-24 14:55:05.163720 14 32 Niels 104.528793
0 271 46.93 27.77 2.304587 2021-06-24 14:55:07.468307 18 45 Cecile 106.83338
0 163 28.20 27.77 0.259218 2021-06-24 14:55:07.727525 18 46 Cecile 107.092598
2 103 22.23 27.34 1.030297 2021-06-24 14:55:08.757822 6 30 MattiaCosmicWatch 108.122895
2 90 21.14 27.34 0.20701 2021-06-24 14:55:08.964832 6 31 MattiaCosmicWatch 108.329905
0 220 37.58 27.67 0.759204 2021-06-24 14:55:09.724036 18 47 Cecile 109.089109
2 81 20.25 27.34 0.167464 2021-06-24 14:55:09.891500 6 32 MattiaCosmicWatch 109.256573
0 79 20.03 27.77 0.027259 2021-06-24 14:55:09.918759 18 48 Cecile 109.283832
0 159 27.66 27.67 0.786029 2021-06-24 14:55:10.704788 19 49 Cecile 110.069861
1 48 15.29 26.70 0.016848 2021-06-24 14:55:10.721636 14 33 Niels 110.086709
0 99 21.91 27.77 0.556493 2021-06-24 14:55:11.278129 20 50 Cecile 110.643202
0 133 24.73 27.99 1.74189 2021-06-24 14:55:13.020019 20 51 Cecile 112.385092
2 113 23.02 27.34 1.429306 2021-06-24 14:55:14.449325 7 33 MattiaCosmicWatch 113.814398
0 270 46.71 28.10 0.403239 2021-06-24 14:55:14.852564 20 52 Cecile 114.217637
1 57 16.93 26.70 1.007308 2021-06-24 14:55:15.859872 15 34 Niels 115.224945
2 49 15.48 27.34 3.611934 2021-06-24 14:55:19.471806 7 34 MattiaCosmicWatch 118.836879
2 71 19.06 27.34 1.029737 2021-06-24 14:55:20.501543 7 35 MattiaCosmicWatch 119.866616
0 193 32.84 28.10 0.027421 2021-06-24 14:55:20.528964 20 53 Cecile 119.894037
2 184 31.36 27.34 0.855995 2021-06-24 14:55:21.384959 8 36 MattiaCosmicWatch 120.750032
1 327 59.28 27.02 0.606466 2021-06-24 14:55:21.991425 15 35 Niels 121.356498
2 71 19.06 27.34 0.093104 2021-06-24 14:55:22.084529 8 37 MattiaCosmicWatch 121.449602
1 63 17.91 26.91 0.819418 2021-06-24 14:55:22.903947 16 36 Niels 122.26902
2 359 69.86 27.34 1.718754 2021-06-24 14:55:24.622701 9 38 MattiaCosmicWatch 123.987774
0 179 30.55 27.88 0.209592 2021-06-24 14:55:24.832293 21 54 Cecile 124.197366
2 60 17.43 27.34 1.20919 2021-06-24 14:55:26.041483 9 39 MattiaCosmicWatch 125.406556
0 304 53.73 27.77 0.496259 2021-06-24 14:55:26.537742 21 55 Cecile 125.902815
1 67 18.51 26.70 0.408532 2021-06-24 14:55:26.946274 16 37 Niels 126.311347
0 135 24.92 27.67 0.014833 2021-06-24 14:55:26.961107 21 56 Cecile 126.32618
2 265 45.75 27.34 0.103821 2021-06-24 14:55:27.064928 9 40 MattiaCosmicWatch 126.430001
0 81 20.25 27.99 1.557578 2021-06-24 14:55:28.622506 22 57 Cecile 127.987579
1 83 20.46 26.70 0.410917 2021-06-24 14:55:29.033423 17 38 Niels 128.398496
1 92 21.32 26.81 1.004101 2021-06-24 14:55:30.037524 17 39 Niels 129.402597
1 79 20.03 26.70 0.694062 2021-06-24 14:55:30.731586 17 40 Niels 130.096659
0 96 21.67 27.99 0.631804 2021-06-24 14:55:31.363390 22 58 Cecile 130.728463
1 67 18.51 26.91 0.239777 2021-06-24 14:55:31.603167 17 41 Niels 130.96824
1 49 15.48 26.91 1.515309 2021-06-24 14:55:33.118476 17 42 Niels 132.483549
0 224 38.29 27.77 0.014815 2021-06-24 14:55:33.133291 22 59 Cecile 132.498364
0 71 19.06 27.77 0.225437 2021-06-24 14:55:33.358728 23 60 Cecile 132.723801
0 238 40.82 27.77 0.460778 2021-06-24 14:55:33.819506 23 61 Cecile 133.184579
2 245 42.08 27.34 1.524504 2021-06-24 14:55:35.344010 9 41 MattiaCosmicWatch 134.709083
0 76 19.69 27.67 0.283308 2021-06-24 14:55:35.627318 23 62 Cecile 134.992391
0 60 17.43 27.99 0.962489 2021-06-24 14:55:36.589807 23 63 Cecile 135.95488
2 49 15.48 27.34 0.268683 2021-06-24 14:55:36.858490 9 42 MattiaCosmicWatch 136.223563
0 78 19.92 27.99 0.19268 2021-06-24 14:55:37.051170 23 64 Cecile 136.416243
0 49 15.48 27.88 3.784032 2021-06-24 14:55:40.835202 23 65 Cecile 140.200275
0 455 117.03 27.67 0.130982 2021-06-24 14:55:40.966184 23 66 Cecile 140.331257
0 76 19.69 27.77 0.256857 2021-06-24 14:55:41.223041 23 67 Cecile 140.588114
1 134 24.82 26.70 1.637455 2021-06-24 14:55:42.860496 18 43 Niels 142.225569
0 56 16.76 28.10 0.401673 2021-06-24 14:55:43.262169 23 68 Cecile 142.627242
1 156 27.28 26.70 0.079893 2021-06-24 14:55:43.342062 18 44 Niels 142.707135
1 70 18.93 26.91 0.87647 2021-06-24 14:55:44.218532 19 45 Niels 143.583605
0 63 17.91 27.77 0.033725 2021-06-24 14:55:44.252257 24 69 Cecile 143.61733
1 56 16.76 26.70 0.000159 2021-06-24 14:55:44.252416 20 46 Niels 143.617489
0 147 26.19 27.88 1.107496 2021-06-24 14:55:45.359912 25 70 Cecile 144.724985
0 140 25.42 27.77 1.567818 2021-06-24 14:55:46.927730 25 71 Cecile 146.292803
0 455 117.03 27.77 0.705771 2021-06-24 14:55:47.633501 25 72 Cecile 146.998574
1 63 17.91 26.91 1.747939 2021-06-24 14:55:49.381440 20 47 Niels 148.746513
0 172 29.49 27.88 1.955563 2021-06-24 14:55:51.337003 25 73 Cecile 150.702076
1 205 34.91 26.70 0.232216 2021-06-24 14:55:51.569219 20 48 Niels 150.934292
2 377 76.28 27.34 0.254764 2021-06-24 14:55:51.823983 9 43 MattiaCosmicWatch 151.189056
2 53 16.22 27.34 1.309262 2021-06-24 14:55:53.133245 9 44 MattiaCosmicWatch 152.498318
0 108 22.63 27.88 1.269752 2021-06-24 14:55:54.402997 25 74 Cecile 153.76807
0 88 20.96 27.88 1.0977 2021-06-24 14:55:55.500697 25 75 Cecile 154.86577
0 323 58.48 27.88 2.069179 2021-06-24 14:55:57.569876 25 76 Cecile 156.934949
2 307 54.48 27.34 1.370826 2021-06-24 14:55:58.940702 9 45 MattiaCosmicWatch 158.305775
2 63 17.91 27.34 0.067082 2021-06-24 14:55:59.007784 9 46 MattiaCosmicWatch 158.372857
2 156 27.28 27.34 0.532089 2021-06-24 14:55:59.539873 9 47 MattiaCosmicWatch 158.904946
1 48 15.29 26.70 0.220644 2021-06-24 14:55:59.760517 20 49 Niels 159.12559
0 131 24.54 27.88 2.090844 2021-06-24 14:56:01.851361 25 77 Cecile 161.216434
2 403 88.99 27.34 0.15971 2021-06-24 14:56:02.011071 9 48 MattiaCosmicWatch 161.376144
2 88 20.96 27.34 0.417472 2021-06-24 14:56:02.428543 9 49 MattiaCosmicWatch 161.793616
2 263 45.37 27.34 0.034249 2021-06-24 14:56:02.462792 9 50 MattiaCosmicWatch 161.827865
2 357 68.97 27.34 1.239064 2021-06-24 14:56:03.701856 9 51 MattiaCosmicWatch 163.066929
2 688 328.69 27.34 0.679617 2021-06-24 14:56:04.381473 9 52 MattiaCosmicWatch 163.746546
1 79 20.03 26.70 1.263715 2021-06-24 14:56:05.645188 20 50 Niels 165.010261
0 112 22.94 27.77 0.949164 2021-06-24 14:56:06.594352 25 78 Cecile 165.959425
2 353 67.64 27.34 1.162885 2021-06-24 14:56:07.757237 9 53 MattiaCosmicWatch 167.12231
1 83 20.46 26.91 1.022477 2021-06-24 14:56:08.779714 20 51 Niels 168.144787
0 110 22.78 27.88 0.014701 2021-06-24 14:56:08.794415 25 79 Cecile 168.159488
0 96 21.67 27.88 0.485763 2021-06-24 14:56:09.280178 26 80 Cecile 168.645251
1 67 18.51 26.70 0.015645 2021-06-24 14:56:09.295823 21 52 Niels 168.660896
2 103 22.23 27.34 0.330334 2021-06-24 14:56:09.626157 9 54 MattiaCosmicWatch 168.99123
2 227 38.83 27.34 0.247098 2021-06-24 14:56:09.873255 9 55 MattiaCosmicWatch 169.238328
0 56 16.76 27.67 0.028427 2021-06-24 14:56:09.901682 27 81 Cecile 169.266755
0 240 41.21 27.99 0.48199 2021-06-24 14:56:10.383672 28 82 Cecile 169.748745
0 56 16.76 27.77 0.666004 2021-06-24 14:56:11.049676 28 83 Cecile 170.414749
1 240 41.21 26.70 1.418367 2021-06-24 14:56:12.468043 22 53 Niels 171.833116
1 377 76.28 26.70 0.299824 2021-06-24 14:56:12.767867 22 54 Niels 172.13294
0 255 43.96 27.67 0.664867 2021-06-24 14:56:13.432734 28 84 Cecile 172.797807
0 77 19.81 27.77 1.098671 2021-06-24 14:56:14.531405 28 85 Cecile 173.896478
2 88 20.96 27.34 0.205626 2021-06-24 14:56:14.737031 10 56 MattiaCosmicWatch 174.102104
0 70 18.93 27.99 0.21382 2021-06-24 14:56:14.950851 28 86 Cecile 174.315924
0 153 26.90 27.99 0.84183 2021-06-24 14:56:15.792681 28 87 Cecile 175.157754
1 96 21.67 26.91 0.865851 2021-06-24 14:56:16.658532 22 55 Niels 176.023605
1 99 21.91 26.70 0.345793 2021-06-24 14:56:17.004325 22 56 Niels 176.369398
0 120 23.58 27.99 1.024989 2021-06-24 14:56:18.029314 28 88 Cecile 177.394387
0 63 17.91 27.77 0.242483 2021-06-24 14:56:18.271797 28 89 Cecile 177.63687
0 444 109.09 27.67 0.275057 2021-06-24 14:56:18.546854 28 90 Cecile 177.911927
1 207 35.26 26.91 0.276836 2021-06-24 14:56:18.823690 22 57 Niels 178.188763
2 359 69.86 27.34 1.69585 2021-06-24 14:56:20.519540 10 57 MattiaCosmicWatch 179.884613
0 146 26.08 27.77 2.341145 2021-06-24 14:56:22.860685 28 91 Cecile 182.225758
1 108 22.63 26.91 1.929209 2021-06-24 14:56:24.789894 22 58 Niels 184.154967
1 67 18.51 26.70 1.337803 2021-06-24 14:56:26.127697 22 59 Niels 185.49277
2 131 24.54 27.34 0.108801 2021-06-24 14:56:26.236498 10 58 MattiaCosmicWatch 185.601571
0 105 22.39 27.77 2.780941 2021-06-24 14:56:29.017439 28 92 Cecile 188.382512
0 57 16.93 28.10 0.965945 2021-06-24 14:56:29.983384 28 93 Cecile 189.348457
2 224 38.29 27.34 0.436677 2021-06-24 14:56:30.420061 10 59 MattiaCosmicWatch 189.785134
1 92 21.32 27.13 0.606724 2021-06-24 14:56:31.026785 22 60 Niels 190.391858
1 291 50.97 26.70 1.136316 2021-06-24 14:56:32.163101 22 61 Niels 191.528174
1 192 32.67 26.70 0.284619 2021-06-24 14:56:32.447720 22 62 Niels 191.812793
0 236 40.44 27.77 0.01569 2021-06-24 14:56:32.463410 28 94 Cecile 191.828483
0 63 17.91 27.99 0.123298 2021-06-24 14:56:32.586708 29 95 Cecile 191.951781
0 108 22.63 27.77 2.09966 2021-06-24 14:56:34.686368 29 96 Cecile 194.051441
1 225 38.48 27.13 2.15844 2021-06-24 14:56:36.844808 23 63 Niels 196.209881
1 53 16.22 26.91 0.149896 2021-06-24 14:56:36.994704 23 64 Niels 196.359777
2 108 22.63 27.34 1.812999 2021-06-24 14:56:38.807703 10 60 MattiaCosmicWatch 198.172776
1 71 19.06 27.13 0.680174 2021-06-24 14:56:39.487877 23 65 Niels 198.85295
2 85 20.67 27.34 0.232634 2021-06-24 14:56:39.720511 10 61 MattiaCosmicWatch 199.085584
0 387 81.05 27.88 0.040589 2021-06-24 14:56:39.761100 29 97 Cecile 199.126173
1 73 19.32 26.91 1.00279 2021-06-24 14:56:40.763890 23 66 Niels 200.128963
1 434 104.89 26.70 1.156324 2021-06-24 14:56:41.920214 23 67 Niels 201.285287
0 142 25.64 27.88 1.159483 2021-06-24 14:56:43.079697 30 98 Cecile 202.44477
1 147 26.19 26.70 0.505007 2021-06-24 14:56:43.584704 23 68 Niels 202.949777
0 167 28.76 27.88 0.01568 2021-06-24 14:56:43.600384 30 99 Cecile 202.965457
1 57 16.93 26.70 1.202963 2021-06-24 14:56:44.803347 24 69 Niels 204.16842
0 60 17.43 27.99 0.263944 2021-06-24 14:56:45.067291 31 100 Cecile 204.432364
0 153 26.90 27.88 0.602609 2021-06-24 14:56:45.669900 31 101 Cecile 205.034973
1 94 21.50 26.70 0.223674 2021-06-24 14:56:45.893574 24 70 Niels 205.258647
2 77 19.81 27.34 0.829722 2021-06-24 14:56:46.723296 11 62 MattiaCosmicWatch 206.088369
0 146 26.08 27.99 0.186143 2021-06-24 14:56:46.909439 31 102 Cecile 206.274512
0 153 26.90 27.99 1.84456 2021-06-24 14:56:48.753999 31 103 Cecile 208.119072
2 220 37.58 27.13 0.643776 2021-06-24 14:56:49.397775 11 63 MattiaCosmicWatch 208.762848
0 57 16.93 27.88 0.028064 2021-06-24 14:56:49.425839 31 104 Cecile 208.790912
1 76 19.69 26.70 2.055267 2021-06-24 14:56:51.481106 24 71 Niels 210.846179
0 79 20.03 27.99 1.448772 2021-06-24 14:56:52.929878 32 105 Cecile 212.294951
0 49 15.48 27.88 0.260016 2021-06-24 14:56:53.189894 32 106 Cecile 212.554967
2 384 80.08 27.34 1.358823 2021-06-24 14:56:54.548717 12 64 MattiaCosmicWatch 213.91379
1 57 16.93 26.70 0.235515 2021-06-24 14:56:54.784232 24 72 Niels 214.149305
0 121 23.66 28.10 0.014779 2021-06-24 14:56:54.799011 32 107 Cecile 214.164084
2 56 16.76 27.34 0.152111 2021-06-24 14:56:54.951122 12 65 MattiaCosmicWatch 214.316195
1 227 38.83 26.91 3.844619 2021-06-24 14:56:58.795741 25 73 Niels 218.160814
2 89 21.05 27.34 0.299419 2021-06-24 14:56:59.095160 12 66 MattiaCosmicWatch 218.460233
1 103 22.23 27.13 0.268953 2021-06-24 14:56:59.364113 25 74 Niels 218.729186
0 89 21.05 28.10 1.419599 2021-06-24 14:57:00.783712 33 108 Cecile 220.148785
1 78 19.92 26.91 1.862467 2021-06-24 14:57:02.646179 25 75 Niels 222.011252
0 135 24.92 27.88 0.502662 2021-06-24 14:57:03.148841 33 109 Cecile 222.513914
2 71 19.06 27.34 3.749873 2021-06-24 14:57:06.898714 12 67 MattiaCosmicWatch 226.263787
1 354 67.99 26.59 0.08978 2021-06-24 14:57:06.988494 25 76 Niels 226.353567
2 81 20.25 27.34 2.172205 2021-06-24 14:57:09.160699 13 68 MattiaCosmicWatch 228.525772
1 50 15.67 26.70 2.957568 2021-06-24 14:57:12.118267 26 77 Niels 231.48334
1 51 15.86 26.70 1.502937 2021-06-24 14:57:13.621204 26 78 Niels 232.986277
2 121 23.66 27.34 0.255855 2021-06-24 14:57:13.877059 13 69 MattiaCosmicWatch 233.242132
0 73 19.32 27.67 1.410266 2021-06-24 14:57:15.287325 33 110 Cecile 234.652398
1 60 17.43 26.70 0.016864 2021-06-24 14:57:15.304189 26 79 Niels 234.669262
1 88 20.96 27.13 0.016738 2021-06-24 14:57:15.320927 27 80 Niels 234.686
0 224 38.29 27.88 1.450654 2021-06-24 14:57:16.771581 34 111 Cecile 236.136654
0 435 104.92 27.88 1.597248 2021-06-24 14:57:18.368829 34 112 Cecile 237.733902
0 332 61.17 27.77 0.982655 2021-06-24 14:57:19.351484 34 113 Cecile 238.716557
1 127 24.18 26.91 0.43995 2021-06-24 14:57:19.791434 27 81 Niels 239.156507
1 67 18.51 26.81 0.033732 2021-06-24 14:57:19.825166 27 82 Niels 239.190239
0 48 15.29 27.67 1.595455 2021-06-24 14:57:21.420621 34 114 Cecile 240.785694
0 101 22.08 27.77 0.959015 2021-06-24 14:57:22.379636 34 115 Cecile 241.744709
0 204 34.73 27.77 0.033744 2021-06-24 14:57:22.413380 34 116 Cecile 241.778453
1 227 38.83 26.70 0.033279 2021-06-24 14:57:22.446659 27 83 Niels 241.811732
0 83 20.46 27.99 0.369282 2021-06-24 14:57:22.815941 35 117 Cecile 242.181014
2 172 29.49 27.34 0.545882 2021-06-24 14:57:23.361823 13 70 MattiaCosmicWatch 242.726896
1 159 27.66 26.91 0.515303 2021-06-24 14:57:23.877126 28 84 Niels 243.242199
0 377 76.28 27.99 0.033678 2021-06-24 14:57:23.910804 35 118 Cecile 243.275877
1 167 28.76 26.91 0.000156 2021-06-24 14:57:23.910960 29 85 Niels 243.276033
0 92 21.32 27.77 0.028851 2021-06-24 14:57:23.939811 36 119 Cecile 243.304884
1 131 24.54 26.70 0.058631 2021-06-24 14:57:23.998442 29 86 Niels 243.363515
1 76 19.69 26.70 2.366022 2021-06-24 14:57:26.364464 29 87 Niels 245.729537
0 79 20.03 28.10 0.01488 2021-06-24 14:57:26.379344 36 120 Cecile 245.744417
2 149 26.42 27.13 0.130123 2021-06-24 14:57:26.509467 13 71 MattiaCosmicWatch 245.87454
0 88 20.96 28.10 2.467823 2021-06-24 14:57:28.977290 37 121 Cecile 248.342363
2 444 109.09 27.13 2.722406 2021-06-24 14:57:31.699696 13 72 MattiaCosmicWatch 251.064769
0 57 16.93 28.10 0.048612 2021-06-24 14:57:31.748308 37 122 Cecile 251.113381
1 113 23.02 26.91 0.129416 2021-06-24 14:57:31.877724 30 88 Niels 251.242797
0 159 27.66 27.88 2.149565 2021-06-24 14:57:34.027289 38 123 Cecile 253.392362
1 110 22.78 26.70 3.300332 2021-06-24 14:57:37.327621 30 89 Niels 256.692694
0 254 43.77 27.99 0.169971 2021-06-24 14:57:37.497592 38 124 Cecile 256.862665
1 99 21.91 27.34 3.340734 2021-06-24 14:57:40.838326 30 90 Niels 260.203399
1 103 22.23 26.91 0.70645 2021-06-24 14:57:41.544776 30 91 Niels 260.909849
0 62 17.75 27.99 2.511143 2021-06-24 14:57:44.055919 38 125 Cecile 263.420992
0 207 35.26 27.88 1.575596 2021-06-24 14:57:45.631515 38 126 Cecile 264.996588
1 231 39.55 26.70 0.030016 2021-06-24 14:57:45.661531 30 92 Niels 265.026604
2 120 23.58 27.34 0.504323 2021-06-24 14:57:46.165854 14 73 MattiaCosmicWatch 265.530927
2 51 15.86 27.34 1.408613 2021-06-24 14:57:47.574467 14 74 MattiaCosmicWatch 266.93954
1 96 21.67 26.59 1.252228 2021-06-24 14:57:48.826695 31 93 Niels 268.191768
0 103 22.23 27.99 1.25067 2021-06-24 14:57:50.077365 39 127 Cecile 269.442438
1 312 55.68 26.91 0.607827 2021-06-24 14:57:50.685192 31 94 Niels 270.050265
0 79 20.03 27.99 0.015701 2021-06-24 14:57:50.700893 39 128 Cecile 270.065966
1 51 15.86 26.81 0.15116 2021-06-24 14:57:50.852053 32 95 Niels 270.217126
2 78 19.92 27.34 0.323082 2021-06-24 14:57:51.175135 14 75 MattiaCosmicWatch 270.540208
0 252 43.42 27.67 0.141669 2021-06-24 14:57:51.316804 40 129 Cecile 270.681877
0 63 17.91 27.88 0.390815 2021-06-24 14:57:51.707619 40 130 Cecile 271.072692
1 51 15.86 26.91 1.8622 2021-06-24 14:57:53.569819 32 96 Niels 272.934892
1 67 18.51 26.59 1.459871 2021-06-24 14:57:55.029690 32 97 Niels 274.394763
0 270 46.71 27.99 0.014748 2021-06-24 14:57:55.044438 40 131 Cecile 274.409511
1 112 22.94 26.70 0.99029 2021-06-24 14:57:56.034728 33 98 Niels 275.399801
0 110 22.78 28.10 2.710727 2021-06-24 14:57:58.745455 41 132 Cecile 278.110528
1 241 41.39 26.91 0.01799 2021-06-24 14:57:58.763445 33 99 Niels 278.128518
0 67 18.51 27.88 0.686615 2021-06-24 14:57:59.450060 42 133 Cecile 278.815133
0 271 46.93 27.88 1.300358 2021-06-24 14:58:00.750418 42 134 Cecile 280.115491
1 327 59.28 26.59 1.967023 2021-06-24 14:58:02.717441 34 100 Niels 282.082514
1 142 25.64 26.70 0.632878 2021-06-24 14:58:03.350319 34 101 Niels 282.715392
0 179 30.55 27.99 3.248543 2021-06-24 14:58:06.598862 42 135 Cecile 285.963935
1 121 23.66 26.81 1.845502 2021-06-24 14:58:08.444364 34 102 Niels 287.809437
0 56 16.76 27.99 1.568537 2021-06-24 14:58:10.012901 42 136 Cecile 289.377974
1 97 21.75 26.81 0.171213 2021-06-24 14:58:10.184114 34 103 Niels 289.549187
1 166 28.62 26.91 1.292396 2021-06-24 14:58:11.476510 34 104 Niels 290.841583
1 455 117.03 26.70 0.473759 2021-06-24 14:58:11.950269 34 105 Niels 291.315342
0 112 22.94 27.88 1.002144 2021-06-24 14:58:12.952413 42 137 Cecile 292.317486
2 415 95.00 27.34 1.524697 2021-06-24 14:58:14.477110 14 76 MattiaCosmicWatch 293.842183
1 266 46.00 26.70 0.208789 2021-06-24 14:58:14.685899 34 106 Niels 294.050972
1 63 17.91 26.70 0.773726 2021-06-24 14:58:15.459625 34 107 Niels 294.824698
0 291 50.97 28.10 0.864792 2021-06-24 14:58:16.324417 42 138 Cecile 295.68949
1 176 30.09 26.91 1.062768 2021-06-24 14:58:17.387185 34 108 Niels 296.752258
0 243 41.74 28.10 0.42326 2021-06-24 14:58:17.810445 42 139 Cecile 297.175518
1 53 16.22 26.91 0.287356 2021-06-24 14:58:18.097801 34 109 Niels 297.462874
0 71 19.06 28.10 1.404682 2021-06-24 14:58:19.502483 42 140 Cecile 298.867556
0 66 18.36 27.88 0.200069 2021-06-24 14:58:19.702552 42 141 Cecile 299.067625
0 162 28.06 27.99 1.185167 2021-06-24 14:58:20.887719 42 142 Cecile 300.252792
2 92 21.32 27.34 1.982228 2021-06-24 14:58:22.869947 14 77 MattiaCosmicWatch 302.23502
0 97 21.75 27.77 0.824266 2021-06-24 14:58:23.694213 42 143 Cecile 303.059286
0 79 20.03 27.88 0.721902 2021-06-24 14:58:24.416115 42 144 Cecile 303.781188
1 103 22.23 26.70 1.252969 2021-06-24 14:58:25.669084 34 110 Niels 305.034157
0 56 16.76 27.99 0.016904 2021-06-24 14:58:25.685988 42 145 Cecile 305.051061
1 319 57.64 26.91 0.109328 2021-06-24 14:58:25.795316 35 111 Niels 305.160389
0 71 19.06 28.10 4.433713 2021-06-24 14:58:30.229029 43 146 Cecile 309.594102
1 49 15.48 26.70 2.170529 2021-06-24 14:58:32.399558 35 112 Niels 311.764631
2 110 22.78 27.34 4.593986 2021-06-24 14:58:36.993544 14 78 MattiaCosmicWatch 316.358617
2 432 101.61 27.34 0.356399 2021-06-24 14:58:37.349943 14 79 MattiaCosmicWatch 316.715016
1 76 19.69 26.91 0.196661 2021-06-24 14:58:37.546604 35 113 Niels 316.911677
0 49 15.48 27.77 0.428093 2021-06-24 14:58:37.974697 43 147 Cecile 317.33977
0 225 38.48 28.10 0.89389 2021-06-24 14:58:38.868587 43 148 Cecile 318.23366
2 60 17.43 27.13 0.314271 2021-06-24 14:58:39.182858 14 80 MattiaCosmicWatch 318.547931
2 57 16.93 27.13 0.343239 2021-06-24 14:58:39.526097 14 81 MattiaCosmicWatch 318.89117
1 56 16.76 26.70 0.327489 2021-06-24 14:58:39.853586 35 114 Niels 319.218659
0 287 50.23 27.88 1.747433 2021-06-24 14:58:41.601019 43 149 Cecile 320.966092
2 499 141.24 27.34 0.465305 2021-06-24 14:58:42.066324 14 82 MattiaCosmicWatch 321.431397
1 56 16.76 26.70 0.184096 2021-06-24 14:58:42.250420 35 115 Niels 321.615493
1 48 15.29 26.91 1.738004 2021-06-24 14:58:43.988424 35 116 Niels 323.353497
0 368 72.93 27.99 0.383553 2021-06-24 14:58:44.371977 43 150 Cecile 323.73705
0 70 18.93 27.99 1.691259 2021-06-24 14:58:46.063236 43 151 Cecile 325.428309
2 83 20.46 27.34 0.191955 2021-06-24 14:58:46.255191 14 83 MattiaCosmicWatch 325.620264
1 391 82.35 27.13 2.143143 2021-06-24 14:58:48.398334 35 117 Niels 327.763407
2 57 16.93 27.34 0.093045 2021-06-24 14:58:48.491379 14 84 MattiaCosmicWatch 327.856452
1 216 36.85 27.13 3.03438 2021-06-24 14:58:51.525759 36 118 Niels 330.890832
2 204 34.73 27.34 1.838804 2021-06-24 14:58:53.364563 15 85 MattiaCosmicWatch 332.729636
2 281 48.90 27.34 0.525546 2021-06-24 14:58:53.890109 15 86 MattiaCosmicWatch 333.255182
0 56 16.76 27.99 0.67497 2021-06-24 14:58:54.565079 43 152 Cecile 333.930152
2 163 28.20 27.34 0.304217 2021-06-24 14:58:54.869296 15 87 MattiaCosmicWatch 334.234369
0 188 32.01 27.99 0.150415 2021-06-24 14:58:55.019711 43 153 Cecile 334.384784
0 60 17.43 27.88 0.546567 2021-06-24 14:58:55.566278 43 154 Cecile 334.931351
1 96 21.67 26.70 0.029781 2021-06-24 14:58:55.596059 36 119 Niels 334.961132
2 115 23.18 27.34 0.033595 2021-06-24 14:58:55.629654 15 88 MattiaCosmicWatch 334.994727
1 126 24.09 26.70 0.021076 2021-06-24 14:58:55.650730 37 120 Niels 335.015803
0 197 33.52 27.77 1.409614 2021-06-24 14:58:57.060344 44 155 Cecile 336.425417
2 103 22.23 27.34 1.006547 2021-06-24 14:58:58.066891 16 89 MattiaCosmicWatch 337.431964
0 62 17.75 27.77 0.378952 2021-06-24 14:58:58.445843 44 156 Cecile 337.810916
1 76 19.69 26.70 0.057315 2021-06-24 14:58:58.503158 37 121 Niels 337.868231
0 89 21.05 27.99 0.015726 2021-06-24 14:58:58.518884 45 157 Cecile 337.883957
2 56 16.76 27.34 0.77177 2021-06-24 14:58:59.290654 16 90 MattiaCosmicWatch 338.655727
2 152 26.78 27.34 2.527554 2021-06-24 14:59:01.818208 16 91 MattiaCosmicWatch 341.183281
0 108 22.63 27.99 0.464875 2021-06-24 14:59:02.283083 45 158 Cecile 341.648156
1 89 21.05 27.13 0.151979 2021-06-24 14:59:02.435062 38 122 Niels 341.800135
2 255 43.96 27.34 0.163729 2021-06-24 14:59:02.598791 16 92 MattiaCosmicWatch 341.963864
1 284 49.41 27.13 1.304603 2021-06-24 14:59:03.903394 38 123 Niels 343.268467
1 56 16.76 27.13 1.914168 2021-06-24 14:59:05.817562 38 124 Niels 345.182635
0 66 18.36 28.10 0.759126 2021-06-24 14:59:06.576688 45 159 Cecile 345.941761
0 229 39.22 27.99 0.235594 2021-06-24 14:59:06.812282 45 160 Cecile 346.177355
0 83 20.46 27.88 0.033553 2021-06-24 14:59:06.845835 45 161 Cecile 346.210908
0 110 22.78 27.99 0.967312 2021-06-24 14:59:07.813147 45 162 Cecile 347.17822
0 460 119.54 27.77 1.731841 2021-06-24 14:59:09.544988 45 163 Cecile 348.910061
0 176 30.09 28.20 0.15762 2021-06-24 14:59:09.702608 45 164 Cecile 349.067681
2 56 16.76 27.34 1.273375 2021-06-24 14:59:10.975983 16 93 MattiaCosmicWatch 350.341056
0 79 20.03 28.10 0.123388 2021-06-24 14:59:11.099371 45 165 Cecile 350.464444
2 199 33.86 27.34 0.637345 2021-06-24 14:59:11.736716 16 94 MattiaCosmicWatch 351.101789
2 115 23.18 27.34 0.763358 2021-06-24 14:59:12.500074 16 95 MattiaCosmicWatch 351.865147
0 121 23.66 27.99 0.667221 2021-06-24 14:59:13.167295 45 166 Cecile 352.532368
1 88 20.96 26.91 1.388453 2021-06-24 14:59:14.555748 38 125 Niels 353.920821
0 120 23.58 27.99 0.046743 2021-06-24 14:59:14.602491 45 167 Cecile 353.967564
2 205 34.91 27.34 0.132423 2021-06-24 14:59:14.734914 16 96 MattiaCosmicWatch 354.099987
1 69 18.79 26.91 0.353765 2021-06-24 14:59:15.088679 39 126 Niels 354.453752
1 50 15.67 26.70 0.387532 2021-06-24 14:59:15.476211 39 127 Niels 354.841284
2 78 19.92 27.34 1.929492 2021-06-24 14:59:17.405703 16 97 MattiaCosmicWatch 356.770776
0 88 20.96 27.99 0.224075 2021-06-24 14:59:17.629778 46 168 Cecile 356.994851
1 56 16.76 27.34 0.017892 2021-06-24 14:59:17.647670 39 128 Niels 357.012743
2 496 144.49 27.34 0.074332 2021-06-24 14:59:17.722002 16 98 MattiaCosmicWatch 357.087075
0 71 19.06 27.99 0.137869 2021-06-24 14:59:17.859871 47 169 Cecile 357.224944
1 73 19.32 27.13 0.03542 2021-06-24 14:59:17.895291 40 129 Niels 357.260364
0 49 15.48 27.99 0.389166 2021-06-24 14:59:18.284457 48 170 Cecile 357.64953
1 127 24.18 26.70 1.53639 2021-06-24 14:59:19.820847 41 130 Niels 359.18592
1 96 21.67 26.70 0.877287 2021-06-24 14:59:20.698134 41 131 Niels 360.063207
1 71 19.06 26.70 1.019824 2021-06-24 14:59:21.717958 41 132 Niels 361.083031
2 49 15.48 27.34 0.026956 2021-06-24 14:59:21.744914 17 99 MattiaCosmicWatch 361.109987
1 158 27.53 26.70 0.712708 2021-06-24 14:59:22.457622 42 133 Niels 361.822695
0 88 20.96 28.10 0.016903 2021-06-24 14:59:22.474525 48 171 Cecile 361.839598
2 71 19.06 27.34 1.657816 2021-06-24 14:59:24.132341 18 100 MattiaCosmicWatch 363.497414
2 319 57.64 27.34 1.115093 2021-06-24 14:59:25.247434 18 101 MattiaCosmicWatch 364.612507
2 79 20.03 27.34 0.793375 2021-06-24 14:59:26.040809 18 102 MattiaCosmicWatch 365.405882
0 88 20.96 28.10 0.068043 2021-06-24 14:59:26.108852 49 172 Cecile 365.473925
1 319 57.64 26.70 0.228039 2021-06-24 14:59:26.336891 43 134 Niels 365.701964
0 163 28.20 28.20 0.016807 2021-06-24 14:59:26.353698 50 173 Cecile 365.718771
0 338 62.67 28.10 2.162097 2021-06-24 14:59:28.515795 51 174 Cecile 367.880868
1 147 26.19 27.13 0.573868 2021-06-24 14:59:29.089663 44 135 Niels 368.454736
1 71 19.06 27.13 1.703769 2021-06-24 14:59:30.793432 44 136 Niels 370.158505
0 69 18.79 27.99 3.14737 2021-06-24 14:59:33.940802 51 175 Cecile 373.305875
2 67 18.51 27.34 0.571364 2021-06-24 14:59:34.512166 19 103 MattiaCosmicWatch 373.877239
0 167 28.76 27.99 0.602133 2021-06-24 14:59:35.114299 51 176 Cecile 374.479372
1 127 24.18 27.34 0.776498 2021-06-24 14:59:35.890797 44 137 Niels 375.25587
0 377 76.28 27.99 0.465663 2021-06-24 14:59:36.356460 51 177 Cecile 375.721533
1 121 23.66 27.13 0.018814 2021-06-24 14:59:36.375274 44 138 Niels 375.740347
2 60 17.43 27.34 0.409167 2021-06-24 14:59:36.784441 19 104 MattiaCosmicWatch 376.149514
2 354 67.99 27.34 1.172632 2021-06-24 14:59:37.957073 19 105 MattiaCosmicWatch 377.322146
0 71 19.06 27.99 0.503744 2021-06-24 14:59:38.460817 52 178 Cecile 377.82589
0 79 20.03 27.99 1.680314 2021-06-24 14:59:40.141131 52 179 Cecile 379.506204
0 352 66.89 28.20 0.033759 2021-06-24 14:59:40.174890 52 180 Cecile 379.539963
1 412 92.93 26.91 0.48586 2021-06-24 14:59:40.660750 45 139 Niels 380.025823
0 216 36.85 27.88 0.016911 2021-06-24 14:59:40.677661 52 181 Cecile 380.042734
1 110 22.78 26.91 0.675965 2021-06-24 14:59:41.353626 46 140 Niels 380.718699
0 199 33.86 28.10 0.274978 2021-06-24 14:59:41.628604 53 182 Cecile 380.993677
0 179 30.55 27.99 0.033541 2021-06-24 14:59:41.662145 53 183 Cecile 381.027218
1 78 19.92 26.70 1.006888 2021-06-24 14:59:42.669033 46 141 Niels 382.034106
0 263 45.37 28.20 0.015904 2021-06-24 14:59:42.684937 53 184 Cecile 382.05001
0 241 41.39 27.99 0.249411 2021-06-24 14:59:42.934348 54 185 Cecile 382.299421
0 51 15.86 27.99 1.594083 2021-06-24 14:59:44.528431 54 186 Cecile 383.893504
0 103 22.23 28.20 0.906868 2021-06-24 14:59:45.435299 54 187 Cecile 384.800372
2 173 29.64 27.34 1.560047 2021-06-24 14:59:46.995346 19 106 MattiaCosmicWatch 386.360419
0 60 17.43 28.10 0.351958 2021-06-24 14:59:47.347304 54 188 Cecile 386.712377
0 89 21.05 27.99 2.041463 2021-06-24 14:59:49.388767 54 189 Cecile 388.75384
1 56 16.76 27.13 0.017956 2021-06-24 14:59:49.406723 47 142 Niels 388.771796
0 206 35.07 27.99 0.441073 2021-06-24 14:59:49.847796 55 190 Cecile 389.212869
1 57 16.93 26.91 0.018752 2021-06-24 14:59:49.866548 48 143 Niels 389.231621
2 50 15.67 27.34 0.20071 2021-06-24 14:59:50.067258 19 107 MattiaCosmicWatch 389.432331
1 62 17.75 26.70 0.922363 2021-06-24 14:59:50.989621 49 144 Niels 390.354694
1 56 16.76 26.70 1.579785 2021-06-24 14:59:52.569406 49 145 Niels 391.934479
2 249 42.85 27.34 0.055599 2021-06-24 14:59:52.625005 19 108 MattiaCosmicWatch 391.990078
1 63 17.91 26.70 1.898433 2021-06-24 14:59:54.523438 50 146 Niels 393.888511
0 449 112.05 27.99 0.342957 2021-06-24 14:59:54.866395 56 191 Cecile 394.231468
2 152 26.78 27.34 1.674044 2021-06-24 14:59:56.540439 20 109 MattiaCosmicWatch 395.905512
1 96 21.67 26.91 0.686539 2021-06-24 14:59:57.226978 50 147 Niels 396.592051
1 156 27.28 26.70 0.83632 2021-06-24 14:59:58.063298 50 148 Niels 397.428371
0 88 20.96 27.88 1.369635 2021-06-24 14:59:59.432933 56 192 Cecile 398.798006
0 76 19.69 27.88 1.441081 2021-06-24 15:00:00.874014 56 193 Cecile 400.239087
0 63 17.91 27.88 3.225197 2021-06-24 15:00:04.099211 56 194 Cecile 403.464284
1 76 19.69 27.13 0.605582 2021-06-24 15:00:04.704793 50 149 Niels 404.069866
0 451 113.08 27.88 0.531092 2021-06-24 15:00:05.235885 56 195 Cecile 404.600958
1 127 24.18 26.91 0.063689 2021-06-24 15:00:05.299574 50 150 Niels 404.664647
2 106 22.47 27.34 0.666683 2021-06-24 15:00:05.966257 20 110 MattiaCosmicWatch 405.33133
1 79 20.03 26.70 0.798287 2021-06-24 15:00:06.764544 51 151 Niels 406.129617
1 51 15.86 26.91 0.147523 2021-06-24 15:00:06.912067 51 152 Niels 406.27714
1 384 80.08 26.48 2.357047 2021-06-24 15:00:09.269114 51 153 Niels 408.634187
1 83 20.46 26.70 2.747994 2021-06-24 15:00:12.017108 51 154 Niels 411.382181
1 56 16.76 26.81 0.136508 2021-06-24 15:00:12.153616 51 155 Niels 411.518689
2 76 19.69 27.34 0.435637 2021-06-24 15:00:12.589253 20 111 MattiaCosmicWatch 411.954326
1 179 30.55 27.02 0.563949 2021-06-24 15:00:13.153202 51 156 Niels 412.518275
0 76 19.69 27.99 2.085187 2021-06-24 15:00:15.238389 57 196 Cecile 414.603462
2 57 16.93 27.34 1.978669 2021-06-24 15:00:17.217058 20 112 MattiaCosmicWatch 416.582131
0 92 21.32 28.10 0.299433 2021-06-24 15:00:17.516491 57 197 Cecile 416.881564
0 76 19.69 28.20 0.315443 2021-06-24 15:00:17.831934 57 198 Cecile 417.197007
2 198 33.69 27.34 0.346359 2021-06-24 15:00:18.178293 20 113 MattiaCosmicWatch 417.543366
2 511 149.39 27.34 0.11762 2021-06-24 15:00:18.295913 20 114 MattiaCosmicWatch 417.660986
1 78 19.92 26.91 1.150343 2021-06-24 15:00:19.446256 51 157 Niels 418.811329
0 92 21.32 28.10 0.690895 2021-06-24 15:00:20.137151 57 199 Cecile 419.502224
0 140 25.42 28.10 2.156084 2021-06-24 15:00:22.293235 57 200 Cecile 421.658308
1 124 23.92 27.02 0.668129 2021-06-24 15:00:22.961364 51 158 Niels 422.326437
0 248 42.69 27.99 0.052157 2021-06-24 15:00:23.013521 57 201 Cecile 422.378594
2 403 88.99 27.34 1.642391 2021-06-24 15:00:24.655912 20 115 MattiaCosmicWatch 424.020985
2 194 33.00 27.34 0.158749 2021-06-24 15:00:24.814661 20 116 MattiaCosmicWatch 424.179734
1 385 80.11 26.70 0.351351 2021-06-24 15:00:25.166012 52 159 Niels 424.531085
1 184 31.36 26.70 2.154667 2021-06-24 15:00:27.320679 52 160 Niels 426.685752
2 63 17.91 27.34 0.158978 2021-06-24 15:00:27.479657 20 117 MattiaCosmicWatch 426.84473
0 63 17.91 28.10 0.040907 2021-06-24 15:00:27.520564 58 202 Cecile 426.885637
0 255 43.96 28.10 0.503523 2021-06-24 15:00:28.024087 59 203 Cecile 427.38916
0 348 65.64 28.10 0.033743 2021-06-24 15:00:28.057830 59 204 Cecile 427.422903
1 124 23.92 26.91 0.454826 2021-06-24 15:00:28.512656 52 161 Niels 427.877729
0 178 30.40 28.10 0.812684 2021-06-24 15:00:29.325340 59 205 Cecile 428.690413
0 63 17.91 28.10 0.180539 2021-06-24 15:00:29.505879 59 206 Cecile 428.870952
0 207 35.26 28.20 1.063162 2021-06-24 15:00:30.569041 59 207 Cecile 429.934114
0 143 25.74 28.10 2.179843 2021-06-24 15:00:32.748884 59 208 Cecile 432.113957
2 195 33.17 27.34 1.284373 2021-06-24 15:00:34.033257 21 118 MattiaCosmicWatch 433.39833
0 89 21.05 28.20 1.070214 2021-06-24 15:00:35.103471 59 209 Cecile 434.468544
2 248 42.69 27.34 0.375315 2021-06-24 15:00:35.478786 21 119 MattiaCosmicWatch 434.843859
0 67 18.51 27.77 0.759997 2021-06-24 15:00:36.238783 59 210 Cecile 435.603856
1 67 18.51 27.34 0.611966 2021-06-24 15:00:36.850749 52 162 Niels 436.215822
2 463 119.23 27.34 0.742273 2021-06-24 15:00:37.593022 21 120 MattiaCosmicWatch 436.958095
0 92 21.32 27.99 0.713932 2021-06-24 15:00:38.306954 59 211 Cecile 437.672027
2 49 15.48 27.34 0.42196 2021-06-24 15:00:38.728914 21 121 MattiaCosmicWatch 438.093987
2 467 121.56 27.34 0.59979 2021-06-24 15:00:39.328704 21 122 MattiaCosmicWatch 438.693777
1 53 16.22 26.91 4.22442 2021-06-24 15:00:43.553124 52 163 Niels 442.918197
2 127 24.18 27.34 1.490085 2021-06-24 15:00:45.043209 21 123 MattiaCosmicWatch 444.408282
1 67 18.51 26.70 0.689309 2021-06-24 15:00:45.732518 52 164 Niels 445.097591
0 96 21.67 27.99 0.01664 2021-06-24 15:00:45.749158 59 212 Cecile 445.114231
2 176 30.09 27.34 2.553523 2021-06-24 15:00:48.302681 21 124 MattiaCosmicWatch 447.667754
0 271 46.93 27.88 1.684122 2021-06-24 15:00:49.986803 60 213 Cecile 449.351876
0 71 19.06 27.88 1.755395 2021-06-24 15:00:51.742198 60 214 Cecile 451.107271
0 76 19.69 28.10 1.007779 2021-06-24 15:00:52.749977 60 215 Cecile 452.11505
2 120 23.58 27.34 2.718702 2021-06-24 15:00:55.468679 21 125 MattiaCosmicWatch 454.833752
1 71 19.06 27.13 1.012346 2021-06-24 15:00:56.481025 53 165 Niels 455.846098
0 70 18.93 28.10 0.016833 2021-06-24 15:00:56.497858 60 216 Cecile 455.862931
1 120 23.58 27.13 0.069217 2021-06-24 15:00:56.567075 54 166 Niels 455.932148
0 184 31.36 27.99 1.087088 2021-06-24 15:00:57.654163 61 217 Cecile 457.019236
0 71 19.06 27.99 0.526655 2021-06-24 15:00:58.180818 61 218 Cecile 457.545891
1 50 15.67 26.91 0.368456 2021-06-24 15:00:58.549274 54 167 Niels 457.914347
0 231 39.55 27.99 0.016956 2021-06-24 15:00:58.566230 61 219 Cecile 457.931303
1 81 20.25 26.70 2.326018 2021-06-24 15:01:00.892248 55 168 Niels 460.257321
1 81 20.25 27.34 0.157832 2021-06-24 15:01:01.050080 55 169 Niels 460.415153
1 423 97.36 26.70 0.888353 2021-06-24 15:01:01.938433 55 170 Niels 461.303506
0 88 20.96 28.10 2.537508 2021-06-24 15:01:04.475941 62 220 Cecile 463.841014
2 67 18.51 27.34 0.345651 2021-06-24 15:01:04.821592 21 126 MattiaCosmicWatch 464.186665
1 69 18.79 27.34 0.308286 2021-06-24 15:01:05.129878 55 171 Niels 464.494951
1 103 22.23 27.34 0.402368 2021-06-24 15:01:05.532246 55 172 Niels 464.897319
0 62 17.75 28.20 0.881452 2021-06-24 15:01:06.413698 62 221 Cecile 465.778771
2 217 37.04 27.34 0.19336 2021-06-24 15:01:06.607058 21 127 MattiaCosmicWatch 465.972131
0 99 21.91 27.88 0.344754 2021-06-24 15:01:06.951812 62 222 Cecile 466.316885
0 339 62.98 28.31 0.479446 2021-06-24 15:01:07.431258 62 223 Cecile 466.796331
1 71 19.06 27.34 0.030028 2021-06-24 15:01:07.461286 55 173 Niels 466.826359
0 56 16.76 28.10 0.834408 2021-06-24 15:01:08.295694 63 224 Cecile 467.660767
0 327 59.28 28.10 3.352345 2021-06-24 15:01:11.648039 63 225 Cecile 471.013112
0 211 35.96 27.99 1.094799 2021-06-24 15:01:12.742838 63 226 Cecile 472.107911
1 115 23.18 26.70 0.018852 2021-06-24 15:01:12.761690 56 174 Niels 472.126763
0 99 21.91 27.99 1.118148 2021-06-24 15:01:13.879838 64 227 Cecile 473.244911
1 153 26.90 26.91 0.017866 2021-06-24 15:01:13.897704 57 175 Niels 473.262777
2 192 32.67 27.34 1.167089 2021-06-24 15:01:15.064793 21 128 MattiaCosmicWatch 474.429866
2 50 15.67 27.34 0.191501 2021-06-24 15:01:15.256294 21 129 MattiaCosmicWatch 474.621367
0 60 17.43 27.88 0.636458 2021-06-24 15:01:15.892752 65 228 Cecile 475.257825
0 156 27.28 28.10 1.108483 2021-06-24 15:01:17.001235 65 229 Cecile 476.366308
0 110 22.78 27.88 1.736855 2021-06-24 15:01:18.738090 65 230 Cecile 478.103163
0 441 109.77 27.88 0.060888 2021-06-24 15:01:18.798978 65 231 Cecile 478.164051
2 159 27.66 27.34 0.082328 2021-06-24 15:01:18.881306 21 130 MattiaCosmicWatch 478.246379
1 49 15.48 26.70 2.173236 2021-06-24 15:01:21.054542 58 176 Niels 480.419615
2 331 60.51 27.34 0.941759 2021-06-24 15:01:21.996301 22 131 MattiaCosmicWatch 481.361374
1 156 27.28 27.13 0.278688 2021-06-24 15:01:22.274989 58 177 Niels 481.640062
0 227 38.83 28.20 0.182921 2021-06-24 15:01:22.457910 66 232 Cecile 481.822983
1 188 32.01 26.91 1.265138 2021-06-24 15:01:23.723048 58 178 Niels 483.088121
0 60 17.43 28.20 0.057403 2021-06-24 15:01:23.780451 66 233 Cecile 483.145524
0 56 16.76 27.99 2.039201 2021-06-24 15:01:25.819652 67 234 Cecile 485.184725
0 88 20.96 27.88 0.912563 2021-06-24 15:01:26.732215 67 235 Cecile 486.097288
0 67 18.51 27.88 0.070279 2021-06-24 15:01:26.802494 67 236 Cecile 486.167567
0 57 16.93 28.10 1.3537 2021-06-24 15:01:28.156194 67 237 Cecile 487.521267
1 467 121.56 27.13 0.35089 2021-06-24 15:01:28.507084 59 179 Niels 487.872157
1 63 17.91 26.91 0.240168 2021-06-24 15:01:28.747252 59 180 Niels 488.112325
0 76 19.69 28.10 0.855034 2021-06-24 15:01:29.602286 67 238 Cecile 488.967359
2 79 20.03 27.34 1.239981 2021-06-24 15:01:30.842267 22 132 MattiaCosmicWatch 490.20734
2 126 24.09 27.34 2.108838 2021-06-24 15:01:32.951105 22 133 MattiaCosmicWatch 492.316178
0 56 16.76 28.10 1.906427 2021-06-24 15:01:34.857532 67 239 Cecile 494.222605
0 252 43.42 28.31 0.306597 2021-06-24 15:01:35.164129 67 240 Cecile 494.529202
1 63 17.91 26.70 0.019006 2021-06-24 15:01:35.183135 59 181 Niels 494.548208
0 192 32.67 28.10 1.153875 2021-06-24 15:01:36.337010 68 241 Cecile 495.702083
2 167 28.76 27.34 1.635768 2021-06-24 15:01:37.972778 22 134 MattiaCosmicWatch 497.337851
1 56 16.76 27.24 0.672239 2021-06-24 15:01:38.645017 60 182 Niels 498.01009
1 252 43.42 26.91 0.256886 2021-06-24 15:01:38.901903 60 183 Niels 498.266976
2 403 88.99 27.34 0.098238 2021-06-24 15:01:39.000141 22 135 MattiaCosmicWatch 498.365214
2 74 19.44 27.34 0.670186 2021-06-24 15:01:39.670327 23 136 MattiaCosmicWatch 499.0354
1 79 20.03 27.34 0.677719 2021-06-24 15:01:40.348046 61 184 Niels 499.713119
0 76 19.69 28.20 0.019964 2021-06-24 15:01:40.368010 68 242 Cecile 499.733083
1 63 17.91 26.91 0.252637 2021-06-24 15:01:40.620647 62 185 Niels 499.98572
2 76 19.69 27.34 0.546518 2021-06-24 15:01:41.167165 23 137 MattiaCosmicWatch 500.532238
1 225 38.48 27.13 0.466484 2021-06-24 15:01:41.633649 62 186 Niels 500.998722
2 250 43.04 27.34 0.980755 2021-06-24 15:01:42.614404 23 138 MattiaCosmicWatch 501.979477
1 49 15.48 27.13 0.820243 2021-06-24 15:01:43.434647 62 187 Niels 502.79972
0 103 22.23 28.31 0.016819 2021-06-24 15:01:43.451466 69 243 Cecile 502.816539
1 62 17.75 26.91 0.605003 2021-06-24 15:01:44.056469 63 188 Niels 503.421542
0 403 88.99 27.88 0.10805 2021-06-24 15:01:44.164519 70 244 Cecile 503.529592
0 110 22.78 28.20 0.087378 2021-06-24 15:01:44.251897 70 245 Cecile 503.61697
1 67 18.51 26.91 0.019081 2021-06-24 15:01:44.270978 63 189 Niels 503.636051
2 57 16.93 27.34 0.214685 2021-06-24 15:01:44.485663 23 139 MattiaCosmicWatch 503.850736
2 83 20.46 27.34 1.615135 2021-06-24 15:01:46.100798 23 140 MattiaCosmicWatch 505.465871
0 51 15.86 27.88 0.245892 2021-06-24 15:01:46.346690 71 246 Cecile 505.711763
0 57 16.93 28.10 0.86482 2021-06-24 15:01:47.211510 71 247 Cecile 506.576583
0 147 26.19 27.99 1.273027 2021-06-24 15:01:48.484537 71 248 Cecile 507.84961
1 163 28.20 27.13 1.97541 2021-06-24 15:01:50.459947 64 190 Niels 509.82502
0 192 32.67 28.20 0.017922 2021-06-24 15:01:50.477869 71 249 Cecile 509.842942
0 131 24.54 28.10 0.362634 2021-06-24 15:01:50.840503 72 250 Cecile 510.205576
2 192 32.67 27.34 0.566832 2021-06-24 15:01:51.407335 23 141 MattiaCosmicWatch 510.772408
1 88 20.96 26.70 1.57782 2021-06-24 15:01:52.985155 65 191 Niels 512.350228
0 76 19.69 28.10 0.214906 2021-06-24 15:01:53.200061 72 251 Cecile 512.565134
0 120 23.58 27.88 1.364802 2021-06-24 15:01:54.564863 72 252 Cecile 513.929936
1 60 17.43 27.13 1.073074 2021-06-24 15:01:55.637937 65 192 Niels 515.00301
0 263 45.37 28.20 0.033665 2021-06-24 15:01:55.671602 72 253 Cecile 515.036675
1 71 19.06 27.13 0.000159 2021-06-24 15:01:55.671761 66 193 Niels 515.036834
0 99 21.91 28.10 0.030927 2021-06-24 15:01:55.702688 73 254 Cecile 515.067761
0 79 20.03 28.31 0.284282 2021-06-24 15:01:55.986970 73 255 Cecile 515.352043
0 156 27.28 28.20 2.333253 2021-06-24 15:01:58.320223 73 256 Cecile 517.685296
1 60 17.43 27.13 0.01898 2021-06-24 15:01:58.339203 66 194 Niels 517.704276
1 476 129.76 26.70 0.420537 2021-06-24 15:01:58.759740 67 195 Niels 518.124813
1 92 21.32 27.13 1.393161 2021-06-24 15:02:00.152901 67 196 Niels 519.517974
0 89 21.05 28.10 1.752779 2021-06-24 15:02:01.905680 74 257 Cecile 521.270753
2 56 16.76 27.34 0.588144 2021-06-24 15:02:02.493824 23 142 MattiaCosmicWatch 521.858897
0 137 25.12 27.99 2.285035 2021-06-24 15:02:04.778859 74 258 Cecile 524.143932
0 241 41.39 28.31 0.090823 2021-06-24 15:02:04.869682 74 259 Cecile 524.234755
0 79 20.03 28.31 0.759559 2021-06-24 15:02:05.629241 74 260 Cecile 524.994314
2 149 26.42 27.34 4.005541 2021-06-24 15:02:09.634782 23 143 MattiaCosmicWatch 528.999855
0 88 20.96 28.10 2.067965 2021-06-24 15:02:11.702747 74 261 Cecile 531.06782
0 448 112.41 28.20 4.921116 2021-06-24 15:02:16.623863 74 262 Cecile 535.988936
0 153 26.90 27.99 0.619403 2021-06-24 15:02:17.243266 74 263 Cecile 536.608339
1 97 21.75 27.13 3.296814 2021-06-24 15:02:20.540080 67 197 Niels 539.905153
1 51 15.86 27.13 0.22259 2021-06-24 15:02:20.762670 67 198 Niels 540.127743
2 458 117.59 27.34 0.528014 2021-06-24 15:02:21.290684 23 144 MattiaCosmicWatch 540.655757
0 62 17.75 28.10 0.138887 2021-06-24 15:02:21.429571 74 264 Cecile 540.794644
0 109 22.70 27.88 0.569488 2021-06-24 15:02:21.999059 74 265 Cecile 541.364132
1 335 61.77 27.13 0.018808 2021-06-24 15:02:22.017867 67 199 Niels 541.38294
2 134 24.82 27.34 0.066968 2021-06-24 15:02:22.084835 23 145 MattiaCosmicWatch 541.449908
2 88 20.96 27.34 1.547732 2021-06-24 15:02:23.632567 24 146 MattiaCosmicWatch 542.99764
0 240 41.21 28.10 0.028367 2021-06-24 15:02:23.660934 75 266 Cecile 543.026007
1 83 20.46 27.13 0.000167 2021-06-24 15:02:23.661101 68 200 Niels 543.026174
0 110 22.78 28.20 0.995641 2021-06-24 15:02:24.656742 76 267 Cecile 544.021815
1 63 17.91 27.13 0.018946 2021-06-24 15:02:24.675688 69 201 Niels 544.040761
1 63 17.91 27.02 0.439692 2021-06-24 15:02:25.115380 70 202 Niels 544.480453
0 57 16.93 28.20 3.886281 2021-06-24 15:02:29.001661 77 268 Cecile 548.366734
1 70 18.93 27.13 0.017818 2021-06-24 15:02:29.019479 70 203 Niels 548.384552
2 387 81.05 27.34 0.195881 2021-06-24 15:02:29.215360 25 147 MattiaCosmicWatch 548.580433
2 198 33.69 27.34 1.050163 2021-06-24 15:02:30.265523 25 148 MattiaCosmicWatch 549.630596
2 482 129.60 27.34 0.38529 2021-06-24 15:02:30.650813 25 149 MattiaCosmicWatch 550.015886
2 127 24.18 27.34 1.788251 2021-06-24 15:02:32.439064 25 150 MattiaCosmicWatch 551.804137
2 177 30.25 27.34 0.033735 2021-06-24 15:02:32.472799 25 151 MattiaCosmicWatch 551.837872
0 88 20.96 28.10 0.069745 2021-06-24 15:02:32.542544 78 269 Cecile 551.907617
2 79 20.03 27.34 0.481221 2021-06-24 15:02:33.023765 26 152 MattiaCosmicWatch 552.388838
2 49 15.48 27.34 0.108368 2021-06-24 15:02:33.132133 26 153 MattiaCosmicWatch 552.497206
0 57 16.93 27.99 1.838874 2021-06-24 15:02:34.971007 79 270 Cecile 554.33608
1 255 43.96 27.13 1.758899 2021-06-24 15:02:36.729906 71 204 Niels 556.094979
1 48 15.29 27.13 0.559132 2021-06-24 15:02:37.289038 71 205 Niels 556.654111
2 487 132.65 27.34 1.372869 2021-06-24 15:02:38.661907 26 154 MattiaCosmicWatch 558.02698
0 89 21.05 28.20 0.282957 2021-06-24 15:02:38.944864 79 271 Cecile 558.309937
1 368 72.93 27.34 0.609305 2021-06-24 15:02:39.554169 71 206 Niels 558.919242
2 71 19.06 27.34 0.673164 2021-06-24 15:02:40.227333 26 155 MattiaCosmicWatch 559.592406
1 220 37.58 27.34 0.062949 2021-06-24 15:02:40.290282 71 207 Niels 559.655355
2 70 18.93 27.34 1.539715 2021-06-24 15:02:41.829997 27 156 MattiaCosmicWatch 561.19507
0 207 35.26 27.88 0.522396 2021-06-24 15:02:42.352393 79 272 Cecile 561.717466
0 287 50.23 28.10 0.033738 2021-06-24 15:02:42.386131 79 273 Cecile 561.751204
1 60 17.43 26.81 0.472812 2021-06-24 15:02:42.858943 72 208 Niels 562.224016
2 56 16.76 27.34 1.015193 2021-06-24 15:02:43.874136 27 157 MattiaCosmicWatch 563.239209
0 127 24.18 27.99 1.65631 2021-06-24 15:02:45.530446 79 274 Cecile 564.895519
0 207 35.26 28.10 0.059574 2021-06-24 15:02:45.590020 79 275 Cecile 564.955093
1 249 42.85 27.13 0.018817 2021-06-24 15:02:45.608837 72 209 Niels 564.97391
2 176 30.09 27.34 2.091874 2021-06-24 15:02:47.700711 27 158 MattiaCosmicWatch 567.065784
0 284 49.41 28.31 2.465082 2021-06-24 15:02:50.165793 80 276 Cecile 569.530866
2 198 33.69 27.34 0.182759 2021-06-24 15:02:50.348552 27 159 MattiaCosmicWatch 569.713625
0 73 19.32 28.31 1.017145 2021-06-24 15:02:51.365697 80 277 Cecile 570.73077
0 167 28.76 27.99 0.069019 2021-06-24 15:02:51.434716 80 278 Cecile 570.799789
2 352 66.89 27.34 0.329202 2021-06-24 15:02:51.763918 27 160 MattiaCosmicWatch 571.128991
0 57 16.93 27.99 0.073945 2021-06-24 15:02:51.837863 80 279 Cecile 571.202936
2 89 21.05 27.34 0.346224 2021-06-24 15:02:52.184087 28 161 MattiaCosmicWatch 571.54916
0 67 18.51 28.31 0.028249 2021-06-24 15:02:52.212336 81 280 Cecile 571.577409
0 83 20.46 27.99 1.986352 2021-06-24 15:02:54.198688 82 281 Cecile 573.563761
0 255 43.96 28.20 1.301693 2021-06-24 15:02:55.500381 82 282 Cecile 574.865454
1 51 15.86 27.34 0.299972 2021-06-24 15:02:55.800353 73 210 Niels 575.165426
0 179 30.55 28.10 0.016836 2021-06-24 15:02:55.817189 82 283 Cecile 575.182262
2 57 16.93 27.34 1.855122 2021-06-24 15:02:57.672311 29 162 MattiaCosmicWatch 577.037384
2 174 29.79 27.34 1.022343 2021-06-24 15:02:58.694654 29 163 MattiaCosmicWatch 578.059727
0 62 17.75 27.99 0.032001 2021-06-24 15:02:58.726655 83 284 Cecile 578.091728
1 63 17.91 26.91 0.017863 2021-06-24 15:02:58.744518 74 211 Niels 578.109591
1 480 130.21 26.91 0.423868 2021-06-24 15:02:59.168386 75 212 Niels 578.533459
0 63 17.91 27.88 4.16829 2021-06-24 15:03:03.336676 84 285 Cecile 582.701749
2 409 91.12 27.34 0.41552 2021-06-24 15:03:03.752196 30 164 MattiaCosmicWatch 583.117269
1 56 16.76 26.70 0.469003 2021-06-24 15:03:04.221199 75 213 Niels 583.586272
2 67 18.51 27.34 1.126048 2021-06-24 15:03:05.347247 30 165 MattiaCosmicWatch 584.71232
1 56 16.76 26.91 1.004553 2021-06-24 15:03:06.351800 75 214 Niels 585.716873
2 122 23.75 27.13 0.348241 2021-06-24 15:03:06.700041 30 166 MattiaCosmicWatch 586.065114
0 135 24.92 28.10 0.998222 2021-06-24 15:03:07.698263 84 286 Cecile 587.063336
0 88 20.96 28.20 1.58147 2021-06-24 15:03:09.279733 84 287 Cecile 588.644806
2 103 22.23 27.34 0.457094 2021-06-24 15:03:09.736827 30 167 MattiaCosmicWatch 589.1019
0 248 42.69 28.31 0.869784 2021-06-24 15:03:10.606611 84 288 Cecile 589.971684
0 79 20.03 27.99 0.13691 2021-06-24 15:03:10.743521 84 289 Cecile 590.108594
1 50 15.67 26.91 1.73337 2021-06-24 15:03:12.476891 75 215 Niels 591.841964
0 51 15.86 28.10 0.109863 2021-06-24 15:03:12.586754 84 290 Cecile 591.951827
0 188 32.01 28.20 0.638215 2021-06-24 15:03:13.224969 84 291 Cecile 592.590042
1 108 22.63 27.13 1.005678 2021-06-24 15:03:14.230647 75 216 Niels 593.59572
0 113 23.02 27.99 0.018007 2021-06-24 15:03:14.248654 84 292 Cecile 593.613727
0 127 24.18 28.10 1.080025 2021-06-24 15:03:15.328679 85 293 Cecile 594.693752
2 403 88.99 27.34 0.411724 2021-06-24 15:03:15.740403 30 168 MattiaCosmicWatch 595.105476
0 51 15.86 28.31 0.238632 2021-06-24 15:03:15.979035 85 294 Cecile 595.344108
0 63 17.91 28.20 0.167413 2021-06-24 15:03:16.146448 85 295 Cecile 595.511521
0 211 35.96 28.10 1.583227 2021-06-24 15:03:17.729675 85 296 Cecile 597.094748
1 153 26.90 26.91 0.030331 2021-06-24 15:03:17.760006 76 217 Niels 597.125079
1 92 21.32 27.13 0.458114 2021-06-24 15:03:18.218120 77 218 Niels 597.583193
1 67 18.51 27.24 0.108981 2021-06-24 15:03:18.327101 77 219 Niels 597.692174
1 60 17.43 27.13 2.380611 2021-06-24 15:03:20.707712 77 220 Niels 600.072785
0 163 28.20 28.10 0.592545 2021-06-24 15:03:21.300257 86 297 Cecile 600.66533
2 120 23.58 27.34 1.977392 2021-06-24 15:03:23.277649 30 169 MattiaCosmicWatch 602.642722
0 143 25.74 28.31 0.724854 2021-06-24 15:03:24.002503 86 298 Cecile 603.367576
2 531 160.62 27.34 0.96285 2021-06-24 15:03:24.965353 30 170 MattiaCosmicWatch 604.330426
1 56 16.76 27.34 0.088182 2021-06-24 15:03:25.053535 77 221 Niels 604.418608
0 295 51.75 27.88 0.016912 2021-06-24 15:03:25.070447 86 299 Cecile 604.43552
1 48 15.29 26.81 1.260495 2021-06-24 15:03:26.330942 78 222 Niels 605.696015
2 63 17.91 27.34 1.75589 2021-06-24 15:03:28.086832 31 171 MattiaCosmicWatch 607.451905
0 92 21.32 28.10 1.403432 2021-06-24 15:03:29.490264 87 300 Cecile 608.855337
1 92 21.32 27.34 0.954434 2021-06-24 15:03:30.444698 78 223 Niels 609.809771
1 67 18.51 27.34 0.314379 2021-06-24 15:03:30.759077 78 224 Niels 610.12415
1 63 17.91 27.34 0.390772 2021-06-24 15:03:31.149849 78 225 Niels 610.514922
0 79 20.03 28.20 0.383727 2021-06-24 15:03:31.533576 87 301 Cecile 610.898649
0 140 25.42 28.20 0.148279 2021-06-24 15:03:31.681855 87 302 Cecile 611.046928
0 163 28.20 28.10 0.147496 2021-06-24 15:03:31.829351 87 303 Cecile 611.194424
1 60 17.43 27.13 0.018863 2021-06-24 15:03:31.848214 78 226 Niels 611.213287
0 255 43.96 28.10 2.613813 2021-06-24 15:03:34.462027 88 304 Cecile 613.8271
1 176 30.09 27.13 2.156066 2021-06-24 15:03:36.618093 79 227 Niels 615.983166
0 66 18.36 28.10 1.331379 2021-06-24 15:03:37.949472 88 305 Cecile 617.314545
0 236 40.44 28.20 1.336194 2021-06-24 15:03:39.285666 88 306 Cecile 618.650739
2 211 35.96 27.34 0.482016 2021-06-24 15:03:39.767682 31 172 MattiaCosmicWatch 619.132755
1 179 30.55 27.13 1.426325 2021-06-24 15:03:41.194007 79 228 Niels 620.55908
0 67 18.51 28.20 0.017812 2021-06-24 15:03:41.211819 88 307 Cecile 620.576892
1 198 33.69 27.34 1.222261 2021-06-24 15:03:42.434080 80 229 Niels 621.799153
0 408 90.57 28.20 0.194388 2021-06-24 15:03:42.628468 89 308 Cecile 621.993541
0 63 17.91 28.31 0.103611 2021-06-24 15:03:42.732079 89 309 Cecile 622.097152
2 286 49.78 27.34 1.460277 2021-06-24 15:03:44.192356 31 173 MattiaCosmicWatch 623.557429
1 71 19.06 26.91 0.299041 2021-06-24 15:03:44.491397 80 230 Niels 623.85647
0 137 25.12 28.20 0.22727 2021-06-24 15:03:44.718667 89 310 Cecile 624.08374
1 110 22.78 27.02 0.947526 2021-06-24 15:03:45.666193 80 231 Niels 625.031266
0 92 21.32 28.10 0.632959 2021-06-24 15:03:46.299152 89 311 Cecile 625.664225
1 63 17.91 26.91 0.017729 2021-06-24 15:03:46.316881 80 232 Niels 625.681954
0 71 19.06 28.20 3.956362 2021-06-24 15:03:50.273243 90 312 Cecile 629.638316
0 323 58.48 27.99 1.182132 2021-06-24 15:03:51.455375 90 313 Cecile 630.820448
1 153 26.90 27.13 0.030033 2021-06-24 15:03:51.485408 81 233 Niels 630.850481
0 120 23.58 28.20 3.527445 2021-06-24 15:03:55.012853 91 314 Cecile 634.377926
0 62 17.75 28.10 0.366819 2021-06-24 15:03:55.379672 91 315 Cecile 634.744745
1 76 19.69 27.13 1.680086 2021-06-24 15:03:57.059758 82 234 Niels 636.424831
0 96 21.67 28.20 0.39647 2021-06-24 15:03:57.456228 91 316 Cecile 636.821301
0 88 20.96 28.20 1.419444 2021-06-24 15:03:58.875672 91 317 Cecile 638.240745
0 71 19.06 28.31 1.328025 2021-06-24 15:04:00.203697 91 318 Cecile 639.56877
1 159 27.66 27.13 1.193246 2021-06-24 15:04:01.396943 82 235 Niels 640.762016
1 76 19.69 26.70 0.486102 2021-06-24 15:04:01.883045 82 236 Niels 641.248118
2 60 17.43 27.34 0.016873 2021-06-24 15:04:01.899918 31 174 MattiaCosmicWatch 641.264991
0 120 23.58 28.20 0.290544 2021-06-24 15:04:02.190462 91 319 Cecile 641.555535
1 184 31.36 27.13 0.253694 2021-06-24 15:04:02.444156 83 237 Niels 641.809229
0 252 43.42 28.20 0.01809 2021-06-24 15:04:02.462246 91 320 Cecile 641.827319
0 92 21.32 27.88 0.481268 2021-06-24 15:04:02.943514 92 321 Cecile 642.308587
0 99 21.91 27.99 0.252749 2021-06-24 15:04:03.196263 92 322 Cecile 642.561336
1 192 32.67 27.13 1.530998 2021-06-24 15:04:04.727261 84 238 Niels 644.092334
0 67 18.51 28.31 0.481148 2021-06-24 15:04:05.208409 92 323 Cecile 644.573482
0 455 117.03 28.31 0.053235 2021-06-24 15:04:05.261644 92 324 Cecile 644.626717
0 409 91.12 27.99 0.987879 2021-06-24 15:04:06.249523 92 325 Cecile 645.614596
0 71 19.06 28.10 0.707919 2021-06-24 15:04:06.957442 92 326 Cecile 646.322515
1 473 126.29 26.70 2.885302 2021-06-24 15:04:09.842744 84 239 Niels 649.207817
1 76 19.69 26.91 0.50422 2021-06-24 15:04:10.346964 84 240 Niels 649.712037
2 259 44.69 27.34 0.238715 2021-06-24 15:04:10.585679 32 175 MattiaCosmicWatch 649.950752
2 149 26.42 27.34 0.653421 2021-06-24 15:04:11.239100 32 176 MattiaCosmicWatch 650.604173
0 140 25.42 28.20 1.361769 2021-06-24 15:04:12.600869 92 327 Cecile 651.965942
1 92 21.32 26.91 0.690503 2021-06-24 15:04:13.291372 84 241 Niels 652.656445
1 143 25.74 27.34 1.989319 2021-06-24 15:04:15.280691 84 242 Niels 654.645764
1 63 17.91 26.70 2.522605 2021-06-24 15:04:17.803296 84 243 Niels 657.168369
0 71 19.06 28.20 0.050375 2021-06-24 15:04:17.853671 92 328 Cecile 657.218744
0 89 21.05 28.20 0.127994 2021-06-24 15:04:17.981665 93 329 Cecile 657.346738
0 126 24.09 28.31 0.571408 2021-06-24 15:04:18.553073 93 330 Cecile 657.918146
2 309 55.01 27.13 1.615156 2021-06-24 15:04:20.168229 32 177 MattiaCosmicWatch 659.533302
2 265 45.75 27.34 0.165589 2021-06-24 15:04:20.333818 32 178 MattiaCosmicWatch 659.698891
1 92 21.32 27.13 1.984828 2021-06-24 15:04:22.318646 85 244 Niels 661.683719
0 51 15.86 28.20 0.380025 2021-06-24 15:04:22.698671 93 331 Cecile 662.063744
0 83 20.46 28.10 1.209101 2021-06-24 15:04:23.907772 93 332 Cecile 663.272845
2 355 68.30 27.34 0.057149 2021-06-24 15:04:23.964921 32 179 MattiaCosmicWatch 663.329994
1 281 48.90 27.34 0.24922 2021-06-24 15:04:24.214141 85 245 Niels 663.579214
0 67 18.51 28.10 4.777437 2021-06-24 15:04:28.991578 94 333 Cecile 668.356651
0 56 16.76 28.10 0.674094 2021-06-24 15:04:29.665672 94 334 Cecile 669.030745
0 78 19.92 28.31 0.957307 2021-06-24 15:04:30.622979 94 335 Cecile 669.988052
0 103 22.23 28.31 0.142191 2021-06-24 15:04:30.765170 94 336 Cecile 670.130243
1 134 24.82 27.13 1.62934 2021-06-24 15:04:32.394510 85 246 Niels 671.759583
2 67 18.51 27.34 0.024381 2021-06-24 15:04:32.418891 33 180 MattiaCosmicWatch 671.783964
2 307 54.48 27.34 0.634183 2021-06-24 15:04:33.053074 34 181 MattiaCosmicWatch 672.418147
1 344 64.67 26.70 0.609934 2021-06-24 15:04:33.663008 86 247 Niels 673.028081
1 79 20.03 27.34 0.432198 2021-06-24 15:04:34.095206 86 248 Niels 673.460279
0 88 20.96 28.20 0.057024 2021-06-24 15:04:34.152230 94 337 Cecile 673.517303
0 199 33.86 27.88 3.764671 2021-06-24 15:04:37.916901 95 338 Cecile 677.281974
2 63 17.91 27.34 2.375026 2021-06-24 15:04:40.291927 34 182 MattiaCosmicWatch 679.657
2 92 21.32 27.34 0.033551 2021-06-24 15:04:40.325478 34 183 MattiaCosmicWatch 679.690551
0 71 19.06 28.10 0.839509 2021-06-24 15:04:41.164987 95 339 Cecile 680.53006
1 339 62.98 27.13 1.555695 2021-06-24 15:04:42.720682 87 249 Niels 682.085755
0 57 16.93 28.10 0.14668 2021-06-24 15:04:42.867362 95 340 Cecile 682.232435
0 112 22.94 28.31 0.422111 2021-06-24 15:04:43.289473 95 341 Cecile 682.654546
0 79 20.03 28.31 0.586512 2021-06-24 15:04:43.875985 95 342 Cecile 683.241058
1 51 15.86 27.34 0.240542 2021-06-24 15:04:44.116527 87 250 Niels 683.4816
2 50 15.67 27.34 0.264666 2021-06-24 15:04:44.381193 34 184 MattiaCosmicWatch 683.746266
1 60 17.43 27.34 4.623112 2021-06-24 15:04:49.004305 87 251 Niels 688.369378
0 49 15.48 28.10 2.527434 2021-06-24 15:04:51.531739 95 343 Cecile 690.896812
1 448 112.41 26.81 0.018059 2021-06-24 15:04:51.549798 87 252 Niels 690.914871
0 240 41.21 28.31 0.126054 2021-06-24 15:04:51.675852 96 344 Cecile 691.040925
1 83 20.46 27.13 1.565534 2021-06-24 15:04:53.241386 88 253 Niels 692.606459
1 96 21.67 27.34 0.373863 2021-06-24 15:04:53.615249 88 254 Niels 692.980322
1 67 18.51 27.34 0.822031 2021-06-24 15:04:54.437280 88 255 Niels 693.802353
0 103 22.23 28.20 0.872164 2021-06-24 15:04:55.309444 96 345 Cecile 694.674517
1 646 271.78 26.70 2.23954 2021-06-24 15:04:57.548984 88 256 Niels 696.914057
0 57 16.93 28.10 0.018828 2021-06-24 15:04:57.567812 96 346 Cecile 696.932885
1 57 16.93 26.91 0.347534 2021-06-24 15:04:57.915346 89 257 Niels 697.280419
2 77 19.81 27.34 1.142455 2021-06-24 15:04:59.057801 34 185 MattiaCosmicWatch 698.422874
1 71 19.06 27.13 0.029143 2021-06-24 15:04:59.086944 89 258 Niels 698.452017
0 108 22.63 28.31 2.973673 2021-06-24 15:05:02.060617 97 347 Cecile 701.42569
2 313 56.02 27.34 2.483889 2021-06-24 15:05:04.544506 35 186 MattiaCosmicWatch 703.909579
1 127 24.18 27.13 1.241163 2021-06-24 15:05:05.785669 90 259 Niels 705.150742
1 76 19.69 27.34 2.461597 2021-06-24 15:05:08.247266 90 260 Niels 707.612339
0 193 32.84 28.10 0.016616 2021-06-24 15:05:08.263882 97 348 Cecile 707.628955
2 287 50.23 27.34 0.231984 2021-06-24 15:05:08.495866 35 187 MattiaCosmicWatch 707.860939
2 249 42.85 27.34 0.092011 2021-06-24 15:05:08.587877 35 188 MattiaCosmicWatch 707.95295
0 83 20.46 28.31 0.516899 2021-06-24 15:05:09.104776 98 349 Cecile 708.469849
1 199 33.86 27.13 0.970231 2021-06-24 15:05:10.075007 91 261 Niels 709.44008
1 60 17.43 27.13 0.242536 2021-06-24 15:05:10.317543 91 262 Niels 709.682616
0 163 28.20 28.20 1.425757 2021-06-24 15:05:11.743300 98 350 Cecile 711.108373
0 57 16.93 28.20 1.746238 2021-06-24 15:05:13.489538 98 351 Cecile 712.854611
0 176 30.09 27.99 0.247645 2021-06-24 15:05:13.737183 98 352 Cecile 713.102256
1 206 35.07 27.34 0.505657 2021-06-24 15:05:14.242840 91 263 Niels 713.607913
0 102 22.15 28.31 0.017972 2021-06-24 15:05:14.260812 98 353 Cecile 713.625885
1 108 22.63 27.13 0.171478 2021-06-24 15:05:14.432290 92 264 Niels 713.797363
2 79 20.03 27.34 1.500201 2021-06-24 15:05:15.932491 35 189 MattiaCosmicWatch 715.297564
2 49 15.48 27.34 2.641468 2021-06-24 15:05:18.573959 35 190 MattiaCosmicWatch 717.939032
2 53 16.22 27.34 0.27379 2021-06-24 15:05:18.847749 35 191 MattiaCosmicWatch 718.212822
1 167 28.76 27.34 0.656437 2021-06-24 15:05:19.504186 92 265 Niels 718.869259
1 63 17.91 27.13 0.192649 2021-06-24 15:05:19.696835 92 266 Niels 719.061908
1 67 18.51 27.34 0.593841 2021-06-24 15:05:20.290676 92 267 Niels 719.655749
2 231 39.55 27.34 1.337443 2021-06-24 15:05:21.628119 35 192 MattiaCosmicWatch 720.993192
1 207 35.26 27.34 0.809391 2021-06-24 15:05:22.437510 92 268 Niels 721.802583
1 227 38.83 27.34 0.202778 2021-06-24 15:05:22.640288 92 269 Niels 722.005361
0 99 21.91 27.99 2.000372 2021-06-24 15:05:24.640660 99 354 Cecile 724.005733
0 73 19.32 28.10 1.082364 2021-06-24 15:05:25.723024 99 355 Cecile 725.088097
2 66 18.36 27.34 2.554447 2021-06-24 15:05:28.277471 35 193 MattiaCosmicWatch 727.642544
1 113 23.02 27.34 0.531382 2021-06-24 15:05:28.808853 92 270 Niels 728.173926
1 61 17.60 27.34 1.059794 2021-06-24 15:05:29.868647 92 271 Niels 729.23372
0 391 82.35 28.31 0.131676 2021-06-24 15:05:30.000323 99 356 Cecile 729.365396
0 238 40.82 28.31 0.336461 2021-06-24 15:05:30.336784 99 357 Cecile 729.701857
0 206 35.07 28.31 0.48343 2021-06-24 15:05:30.820214 99 358 Cecile 730.185287
0 61 17.60 28.10 2.171427 2021-06-24 15:05:32.991641 99 359 Cecile 732.356714
2 174 29.79 27.34 0.991129 2021-06-24 15:05:33.982770 35 194 MattiaCosmicWatch 733.347843
0 126 24.09 27.88 0.200761 2021-06-24 15:05:34.183531 99 360 Cecile 733.548604
1 51 15.86 26.91 0.029839 2021-06-24 15:05:34.213370 92 272 Niels 733.578443
2 147 26.19 27.34 1.763173 2021-06-24 15:05:35.976543 35 195 MattiaCosmicWatch 735.341616
2 210 35.78 27.34 0.528232 2021-06-24 15:05:36.504775 35 196 MattiaCosmicWatch 735.869848
0 131 24.54 28.20 2.161386 2021-06-24 15:05:38.666161 100 361 Cecile 738.031234
2 79 20.03 27.34 0.84282 2021-06-24 15:05:39.508981 35 197 MattiaCosmicWatch 738.874054
1 83 20.46 27.13 1.754797 2021-06-24 15:05:41.263778 93 273 Niels 740.628851
1 131 24.54 26.91 2.095814 2021-06-24 15:05:43.359592 93 274 Niels 742.724665
1 135 24.92 27.13 3.623142 2021-06-24 15:05:46.982734 93 275 Niels 746.347807
2 216 36.85 27.34 0.029815 2021-06-24 15:05:47.012549 35 198 MattiaCosmicWatch 746.377622
2 120 23.58 27.34 0.132556 2021-06-24 15:05:47.145105 36 199 MattiaCosmicWatch 746.510178
2 56 16.76 27.34 0.783848 2021-06-24 15:05:47.928953 36 200 MattiaCosmicWatch 747.294026
1 307 54.48 27.02 0.955794 2021-06-24 15:05:48.884747 94 276 Niels 748.24982
0 199 33.86 28.20 0.472103 2021-06-24 15:05:49.356850 100 362 Cecile 748.721923
2 179 30.55 27.34 1.288222 2021-06-24 15:05:50.645072 36 201 MattiaCosmicWatch 750.010145
0 198 33.69 28.10 0.242253 2021-06-24 15:05:50.887325 100 363 Cecile 750.252398
1 334 61.44 26.81 0.362093 2021-06-24 15:05:51.249418 94 277 Niels 750.614491
0 306 54.23 28.10 2.617537 2021-06-24 15:05:53.866955 100 364 Cecile 753.232028
0 76 19.69 28.20 0.307093 2021-06-24 15:05:54.174048 100 365 Cecile 753.539121
0 231 39.55 28.10 0.677813 2021-06-24 15:05:54.851861 100 366 Cecile 754.216934
0 89 21.05 27.99 1.028605 2021-06-24 15:05:55.880466 100 367 Cecile 755.245539
2 57 16.93 27.34 0.284193 2021-06-24 15:05:56.164659 36 202 MattiaCosmicWatch 755.529732
0 291 50.97 27.99 1.201662 2021-06-24 15:05:57.366321 100 368 Cecile 756.731394
0 199 33.86 28.31 1.108872 2021-06-24 15:05:58.475193 100 369 Cecile 757.840266
0 99 21.91 28.20 0.851481 2021-06-24 15:05:59.326674 100 370 Cecile 758.691747
2 327 59.28 27.34 2.80118 2021-06-24 15:06:02.127854 36 203 MattiaCosmicWatch 761.492927
2 113 23.02 27.34 0.173971 2021-06-24 15:06:02.301825 36 204 MattiaCosmicWatch 761.666898
2 62 17.75 27.34 1.037271 2021-06-24 15:06:03.339096 36 205 MattiaCosmicWatch 762.704169
0 69 18.79 28.20 0.518657 2021-06-24 15:06:03.857753 100 371 Cecile 763.222826
0 69 18.79 28.31 2.605615 2021-06-24 15:06:06.463368 100 372 Cecile 765.828441
1 49 15.48 27.13 1.042137 2021-06-24 15:06:07.505505 94 278 Niels 766.870578
2 60 17.43 27.34 0.956545 2021-06-24 15:06:08.462050 36 206 MattiaCosmicWatch 767.827123
0 56 16.76 27.99 0.339077 2021-06-24 15:06:08.801127 100 373 Cecile 768.1662
1 89 21.05 26.91 0.744231 2021-06-24 15:06:09.545358 94 279 Niels 768.910431
0 94 21.50 28.31 0.016903 2021-06-24 15:06:09.562261 100 374 Cecile 768.927334
1 71 19.06 27.13 0.949011 2021-06-24 15:06:10.511272 95 280 Niels 769.876345
0 110 22.78 28.31 1.075753 2021-06-24 15:06:11.587025 101 375 Cecile 770.952098
0 82 20.36 28.31 0.937632 2021-06-24 15:06:12.524657 101 376 Cecile 771.88973
0 76 19.69 28.31 0.4525 2021-06-24 15:06:12.977157 101 377 Cecile 772.34223
2 174 29.79 27.34 1.128505 2021-06-24 15:06:14.105662 36 207 MattiaCosmicWatch 773.470735
1 384 80.08 26.91 0.201515 2021-06-24 15:06:14.307177 95 281 Niels 773.67225
1 143 25.74 27.13 0.347187 2021-06-24 15:06:14.654364 95 282 Niels 774.019437
0 120 23.58 28.20 0.018035 2021-06-24 15:06:14.672399 101 378 Cecile 774.037472
0 71 19.06 28.31 2.251398 2021-06-24 15:06:16.923797 102 379 Cecile 776.28887
1 82 20.36 26.91 0.30153 2021-06-24 15:06:17.225327 96 283 Niels 776.5904
2 88 20.96 27.34 2.883995 2021-06-24 15:06:20.109322 36 208 MattiaCosmicWatch 779.474395
0 115 23.18 27.99 2.939347 2021-06-24 15:06:23.048669 102 380 Cecile 782.413742
0 62 17.75 28.10 2.950021 2021-06-24 15:06:25.998690 102 381 Cecile 785.363763
1 67 18.51 27.13 2.463227 2021-06-24 15:06:28.461917 96 284 Niels 787.82699
2 345 64.98 27.34 2.836851 2021-06-24 15:06:31.298768 36 209 MattiaCosmicWatch 790.663841
0 167 28.76 27.99 1.08802 2021-06-24 15:06:32.386788 102 382 Cecile 791.751861
0 56 16.76 28.20 1.954288 2021-06-24 15:06:34.341076 102 383 Cecile 793.706149
1 63 17.91 27.34 1.027585 2021-06-24 15:06:35.368661 96 285 Niels 794.733734
2 96 21.67 27.34 2.219979 2021-06-24 15:06:37.588640 36 210 MattiaCosmicWatch 796.953713
0 62 17.75 27.99 1.523218 2021-06-24 15:06:39.111858 102 384 Cecile 798.476931
1 56 16.76 27.34 0.14804 2021-06-24 15:06:39.259898 96 286 Niels 798.624971
0 217 37.04 28.31 1.235447 2021-06-24 15:06:40.495345 102 385 Cecile 799.860418
1 67 18.51 27.13 0.749297 2021-06-24 15:06:41.244642 96 287 Niels 800.609715
2 197 33.52 27.34 0.259723 2021-06-24 15:06:41.504365 36 211 MattiaCosmicWatch 800.869438
0 60 17.43 28.20 0.847562 2021-06-24 15:06:42.351927 102 386 Cecile 801.717
0 224 38.29 28.31 0.033776 2021-06-24 15:06:42.385703 102 387 Cecile 801.750776
0 120 23.58 28.20 1.859944 2021-06-24 15:06:44.245647 102 388 Cecile 803.61072
2 167 28.76 27.34 0.401461 2021-06-24 15:06:44.647108 36 212 MattiaCosmicWatch 804.012181
1 84 20.57 26.91 0.269252 2021-06-24 15:06:44.916360 96 288 Niels 804.281433
1 140 25.42 26.91 0.051133 2021-06-24 15:06:44.967493 96 289 Niels 804.332566
2 261 45.09 27.34 2.093501 2021-06-24 15:06:47.060994 36 213 MattiaCosmicWatch 806.426067
1 63 17.91 27.34 0.22046 2021-06-24 15:06:47.281454 96 290 Niels 806.646527
0 131 24.54 28.10 1.755701 2021-06-24 15:06:49.037155 102 389 Cecile 808.402228
0 56 16.76 28.20 0.109486 2021-06-24 15:06:49.146641 102 390 Cecile 808.511714
0 56 16.76 27.99 0.033722 2021-06-24 15:06:49.180363 102 391 Cecile 808.545436
2 56 16.76 27.34 0.302007 2021-06-24 15:06:49.482370 36 214 MattiaCosmicWatch 808.847443
0 108 22.63 28.10 1.350277 2021-06-24 15:06:50.832647 102 392 Cecile 810.19772
1 280 48.67 27.34 0.019035 2021-06-24 15:06:50.851682 96 291 Niels 810.216755
1 92 21.32 27.34 0.014749 2021-06-24 15:06:50.866431 97 292 Niels 810.231504
1 97 21.75 26.70 1.683339 2021-06-24 15:06:52.549770 97 293 Niels 811.914843
1 114 23.10 26.70 0.03371 2021-06-24 15:06:52.583480 97 294 Niels 811.948553
2 61 17.60 27.34 0.207181 2021-06-24 15:06:52.790661 36 215 MattiaCosmicWatch 812.155734
0 103 22.23 27.99 1.78782 2021-06-24 15:06:54.578481 103 393 Cecile 813.943554
1 112 22.94 27.34 3.028293 2021-06-24 15:06:57.606774 97 295 Niels 816.971847
0 60 17.43 28.20 1.248559 2021-06-24 15:06:58.855333 103 394 Cecile 818.220406
2 70 18.93 27.34 0.14016 2021-06-24 15:06:58.995493 36 216 MattiaCosmicWatch 818.360566
2 253 43.55 27.34 0.620526 2021-06-24 15:06:59.616019 36 217 MattiaCosmicWatch 818.981092
1 270 46.71 26.91 1.414706 2021-06-24 15:07:01.030725 97 296 Niels 820.395798
0 185 31.51 28.31 1.003451 2021-06-24 15:07:02.034176 103 395 Cecile 821.399249
1 63 17.91 27.34 0.038363 2021-06-24 15:07:02.072539 97 297 Niels 821.437612
1 92 21.32 27.34 2.984208 2021-06-24 15:07:05.056747 98 298 Niels 824.42182
0 88 20.96 28.31 0.016935 2021-06-24 15:07:05.073682 104 396 Cecile 824.438755
1 102 22.15 26.70 0.135516 2021-06-24 15:07:05.209198 99 299 Niels 824.574271
2 181 30.87 27.34 0.37662 2021-06-24 15:07:05.585818 36 218 MattiaCosmicWatch 824.950891
0 71 19.06 28.10 0.116423 2021-06-24 15:07:05.702241 105 397 Cecile 825.067314
0 319 57.64 28.31 0.470713 2021-06-24 15:07:06.172954 105 398 Cecile 825.538027
0 70 18.93 28.31 0.838135 2021-06-24 15:07:07.011089 105 399 Cecile 826.376162
1 231 39.55 27.34 0.346193 2021-06-24 15:07:07.357282 99 300 Niels 826.722355
1 78 19.92 27.13 0.67338 2021-06-24 15:07:08.030662 99 301 Niels 827.395735
1 79 20.03 27.24 1.820149 2021-06-24 15:07:09.850811 99 302 Niels 829.215884
0 56 16.76 27.99 1.211826 2021-06-24 15:07:11.062637 105 400 Cecile 830.42771
0 60 17.43 28.10 0.570568 2021-06-24 15:07:11.633205 105 401 Cecile 830.998278
2 63 17.91 27.34 1.159833 2021-06-24 15:07:12.793038 36 219 MattiaCosmicWatch 832.158111
2 242 41.58 27.34 0.509594 2021-06-24 15:07:13.302632 36 220 MattiaCosmicWatch 832.667705
1 63 17.91 27.34 0.030502 2021-06-24 15:07:13.333134 99 303 Niels 832.698207
0 49 15.48 28.31 2.366507 2021-06-24 15:07:15.699641 105 402 Cecile 835.064714
1 352 66.89 27.34 0.051308 2021-06-24 15:07:15.750949 100 304 Niels 835.116022
0 51 15.86 28.31 0.017941 2021-06-24 15:07:15.768890 106 403 Cecile 835.133963
2 188 32.01 27.34 0.927251 2021-06-24 15:07:16.696141 37 221 MattiaCosmicWatch 836.061214
0 60 17.43 28.10 1.152949 2021-06-24 15:07:17.849090 106 404 Cecile 837.214163
2 99 21.91 27.34 2.057704 2021-06-24 15:07:19.906794 37 222 MattiaCosmicWatch 839.271867
0 255 43.96 28.10 0.870871 2021-06-24 15:07:20.777665 106 405 Cecile 840.142738
2 97 21.75 27.34 1.976711 2021-06-24 15:07:22.754376 37 223 MattiaCosmicWatch 842.119449
1 207 35.26 27.34 0.582902 2021-06-24 15:07:23.337278 101 305 Niels 842.702351
0 50 15.67 28.20 0.017931 2021-06-24 15:07:23.355209 106 406 Cecile 842.720282
2 57 16.93 27.34 0.024924 2021-06-24 15:07:23.380133 37 224 MattiaCosmicWatch 842.745206
0 66 18.36 28.31 0.028564 2021-06-24 15:07:23.408697 107 407 Cecile 842.77377
0 112 22.94 28.31 1.499961 2021-06-24 15:07:24.908658 107 408 Cecile 844.273731
1 167 28.76 26.70 0.346839 2021-06-24 15:07:25.255497 102 306 Niels 844.62057
0 376 76.43 28.31 0.017924 2021-06-24 15:07:25.273421 107 409 Cecile 844.638494
0 195 33.17 28.10 0.015896 2021-06-24 15:07:25.289317 108 410 Cecile 844.65439
2 211 35.96 27.34 0.033133 2021-06-24 15:07:25.322450 38 225 MattiaCosmicWatch 844.687523
2 199 33.86 27.34 3.55101 2021-06-24 15:07:28.873460 39 226 MattiaCosmicWatch 848.238533
0 115 23.18 27.99 1.777822 2021-06-24 15:07:30.651282 108 411 Cecile 850.016355
0 69 18.79 27.99 0.930292 2021-06-24 15:07:31.581574 108 412 Cecile 850.946647
2 56 16.76 27.34 1.479726 2021-06-24 15:07:33.061300 39 227 MattiaCosmicWatch 852.426373
1 105 22.39 27.34 0.054983 2021-06-24 15:07:33.116283 103 307 Niels 852.481356
2 49 15.48 27.34 2.650596 2021-06-24 15:07:35.766879 40 228 MattiaCosmicWatch 855.131952
1 94 21.50 27.02 0.816118 2021-06-24 15:07:36.582997 104 308 Niels 855.94807
0 99 21.91 28.10 0.016728 2021-06-24 15:07:36.599725 108 413 Cecile 855.964798
0 110 22.78 28.31 2.236314 2021-06-24 15:07:38.836039 109 414 Cecile 858.201112
0 61 17.60 28.31 0.033702 2021-06-24 15:07:38.869741 109 415 Cecile 858.234814
1 207 35.26 27.34 0.461913 2021-06-24 15:07:39.331654 105 309 Niels 858.696727
2 410 92.53 27.34 0.259528 2021-06-24 15:07:39.591182 40 229 MattiaCosmicWatch 858.956255
0 78 19.92 28.31 0.030289 2021-06-24 15:07:39.621471 109 416 Cecile 858.986544
1 66 18.36 27.13 0.003233 2021-06-24 15:07:39.624704 105 310 Niels 858.989777
0 115 23.18 28.10 0.000155 2021-06-24 15:07:39.624859 110 417 Cecile 858.989932
2 109 22.70 27.34 0.400675 2021-06-24 15:07:40.025534 41 230 MattiaCosmicWatch 859.390607
1 156 27.28 27.34 4.247522 2021-06-24 15:07:44.273056 106 311 Niels 863.638129
0 67 18.51 28.20 0.017845 2021-06-24 15:07:44.290901 110 418 Cecile 863.655974
1 49 15.48 27.13 0.164513 2021-06-24 15:07:44.455414 107 312 Niels 863.820487
0 135 24.92 28.10 0.016887 2021-06-24 15:07:44.472301 111 419 Cecile 863.837374
1 50 15.67 27.34 0.166306 2021-06-24 15:07:44.638607 108 313 Niels 864.00368
2 518 151.06 27.34 0.174849 2021-06-24 15:07:44.813456 41 231 MattiaCosmicWatch 864.178529
0 56 16.76 27.99 0.766276 2021-06-24 15:07:45.579732 112 420 Cecile 864.944805
1 76 19.69 27.34 0.235877 2021-06-24 15:07:45.815609 108 314 Niels 865.180682
0 344 64.67 28.31 0.016631 2021-06-24 15:07:45.832240 112 421 Cecile 865.197313
0 60 17.43 27.99 0.075172 2021-06-24 15:07:45.907412 113 422 Cecile 865.272485
2 127 24.18 27.34 0.999542 2021-06-24 15:07:46.906954 41 232 MattiaCosmicWatch 866.272027
0 96 21.67 28.10 0.104828 2021-06-24 15:07:47.011782 113 423 Cecile 866.376855
0 140 25.42 28.31 0.335894 2021-06-24 15:07:47.347676 113 424 Cecile 866.712749
0 49 15.48 28.20 3.889726 2021-06-24 15:07:51.237402 113 425 Cecile 870.602475
2 96 21.67 27.34 0.306052 2021-06-24 15:07:51.543454 41 233 MattiaCosmicWatch 870.908527
2 51 15.86 27.34 3.481849 2021-06-24 15:07:55.025303 41 234 MattiaCosmicWatch 874.390376
2 60 17.43 27.34 2.15752 2021-06-24 15:07:57.182823 41 235 MattiaCosmicWatch 876.547896
0 51 15.86 27.99 1.590217 2021-06-24 15:07:58.773040 113 426 Cecile 878.138113
1 62 17.75 26.70 0.017898 2021-06-24 15:07:58.790938 109 315 Niels 878.156011
1 51 15.86 27.34 0.058376 2021-06-24 15:07:58.849314 110 316 Niels 878.214387
0 449 112.05 28.10 0.901068 2021-06-24 15:07:59.750382 114 427 Cecile 879.115455
0 156 27.28 28.31 1.099393 2021-06-24 15:08:00.849775 114 428 Cecile 880.214848
0 71 19.06 28.10 1.274264 2021-06-24 15:08:02.124039 114 429 Cecile 881.489112
1 359 69.86 27.13 0.747258 2021-06-24 15:08:02.871297 110 317 Niels 882.23637
2 287 50.23 27.34 0.963746 2021-06-24 15:08:03.835043 41 236 MattiaCosmicWatch 883.200116
2 115 23.18 27.34 2.061849 2021-06-24 15:08:05.896892 41 237 MattiaCosmicWatch 885.261965
2 240 41.21 27.34 0.408688 2021-06-24 15:08:06.305580 41 238 MattiaCosmicWatch 885.670653
1 192 32.67 27.34 1.3131 2021-06-24 15:08:07.618680 110 318 Niels 886.983753
0 60 17.43 28.31 0.017919 2021-06-24 15:08:07.636599 114 430 Cecile 887.001672
1 60 17.43 27.34 0.850396 2021-06-24 15:08:08.486995 111 319 Niels 887.852068
0 455 117.03 28.20 0.816231 2021-06-24 15:08:09.303226 115 431 Cecile 888.668299
0 185 31.51 28.20 1.09456 2021-06-24 15:08:10.397786 115 432 Cecile 889.762859
2 71 19.06 27.13 1.969728 2021-06-24 15:08:12.367514 41 239 MattiaCosmicWatch 891.732587
1 152 26.78 27.34 0.518954 2021-06-24 15:08:12.886468 111 320 Niels 892.251541
2 408 90.57 27.34 0.311002 2021-06-24 15:08:13.197470 41 240 MattiaCosmicWatch 892.562543
0 177 30.25 28.10 4.833186 2021-06-24 15:08:18.030656 115 433 Cecile 897.395729
0 248 42.69 27.99 1.614381 2021-06-24 15:08:19.645037 115 434 Cecile 899.01011
0 76 19.69 28.20 3.429956 2021-06-24 15:08:23.074993 115 435 Cecile 902.440066
0 56 16.76 28.31 1.237061 2021-06-24 15:08:24.312054 115 436 Cecile 903.677127
2 307 54.48 27.34 1.026734 2021-06-24 15:08:25.338788 41 241 MattiaCosmicWatch 904.703861
0 108 22.63 28.20 1.03192 2021-06-24 15:08:26.370708 115 437 Cecile 905.735781
0 240 41.21 28.20 1.33794 2021-06-24 15:08:27.708648 115 438 Cecile 907.073721
2 56 16.76 27.34 0.653136 2021-06-24 15:08:28.361784 41 242 MattiaCosmicWatch 907.726857
1 108 22.63 27.34 0.213892 2021-06-24 15:08:28.575676 111 321 Niels 907.940749
2 56 16.76 27.34 0.626272 2021-06-24 15:08:29.201948 41 243 MattiaCosmicWatch 908.567021
1 519 154.30 26.91 1.066775 2021-06-24 15:08:30.268723 111 322 Niels 909.633796
2 143 25.74 27.34 0.90269 2021-06-24 15:08:31.171413 41 244 MattiaCosmicWatch 910.536486
2 97 21.75 27.34 0.304664 2021-06-24 15:08:31.476077 41 245 MattiaCosmicWatch 910.84115
0 78 19.92 28.31 0.886778 2021-06-24 15:08:32.362855 115 439 Cecile 911.727928
0 57 16.93 28.31 0.136099 2021-06-24 15:08:32.498954 115 440 Cecile 911.864027
0 50 15.67 28.31 0.321195 2021-06-24 15:08:32.820149 115 441 Cecile 912.185222
2 67 18.51 27.34 0.031188 2021-06-24 15:08:32.851337 41 246 MattiaCosmicWatch 912.21641
1 166 28.62 27.34 1.114136 2021-06-24 15:08:33.965473 111 323 Niels 913.330546
0 56 16.76 28.31 0.275178 2021-06-24 15:08:34.240651 116 442 Cecile 913.605724
2 216 36.85 27.34 1.10316 2021-06-24 15:08:35.343811 42 247 MattiaCosmicWatch 914.708884
0 86 20.77 28.31 0.075637 2021-06-24 15:08:35.419448 116 443 Cecile 914.784521
0 199 33.86 28.20 0.033513 2021-06-24 15:08:35.452961 117 444 Cecile 914.818034
1 71 19.06 27.13 0.630164 2021-06-24 15:08:36.083125 111 324 Niels 915.448198
1 177 30.25 27.24 1.278367 2021-06-24 15:08:37.361492 111 325 Niels 916.726565
0 63 17.91 28.10 0.017927 2021-06-24 15:08:37.379419 117 445 Cecile 916.744492
2 277 48.09 27.34 1.538796 2021-06-24 15:08:38.918215 43 248 MattiaCosmicWatch 918.283288
0 71 19.06 28.20 0.476805 2021-06-24 15:08:39.395020 118 446 Cecile 918.760093
0 159 27.66 28.10 0.533749 2021-06-24 15:08:39.928769 118 447 Cecile 919.293842
1 62 17.75 27.24 0.795597 2021-06-24 15:08:40.724366 112 326 Niels 920.089439
0 263 45.37 28.31 0.351299 2021-06-24 15:08:41.075665 118 448 Cecile 920.440738
1 295 51.75 27.34 0.018876 2021-06-24 15:08:41.094541 112 327 Niels 920.459614
1 255 43.96 27.34 0.628631 2021-06-24 15:08:41.723172 113 328 Niels 921.088245
1 414 93.93 26.91 0.293716 2021-06-24 15:08:42.016888 113 329 Niels 921.381961
0 368 72.93 28.20 0.485996 2021-06-24 15:08:42.502884 119 449 Cecile 921.867957
1 220 37.58 27.13 0.302981 2021-06-24 15:08:42.805865 113 330 Niels 922.170938
1 71 19.06 27.34 2.689917 2021-06-24 15:08:45.495782 113 331 Niels 924.860855
2 639 249.88 27.34 1.153917 2021-06-24 15:08:46.649699 43 249 MattiaCosmicWatch 926.014772
1 281 48.90 27.34 1.093956 2021-06-24 15:08:47.743655 113 332 Niels 927.108728
2 50 15.67 27.13 0.607744 2021-06-24 15:08:48.351399 43 250 MattiaCosmicWatch 927.716472
1 147 26.19 27.13 0.48338 2021-06-24 15:08:48.834779 113 333 Niels 928.199852
1 56 16.76 26.70 0.347272 2021-06-24 15:08:49.182051 113 334 Niels 928.547124
0 115 23.18 28.20 2.11083 2021-06-24 15:08:51.292881 119 450 Cecile 930.657954
0 88 20.96 28.31 0.666505 2021-06-24 15:08:51.959386 119 451 Cecile 931.324459
0 124 23.92 28.31 1.227489 2021-06-24 15:08:53.186875 119 452 Cecile 932.551948
1 70 18.93 27.34 0.919481 2021-06-24 15:08:54.106356 113 335 Niels 933.471429
2 192 32.67 27.34 0.043478 2021-06-24 15:08:54.149834 43 251 MattiaCosmicWatch 933.514907
0 163 28.20 28.20 0.664829 2021-06-24 15:08:54.814663 119 453 Cecile 934.179736
0 369 73.42 27.99 0.327704 2021-06-24 15:08:55.142367 119 454 Cecile 934.50744
0 51 15.86 27.99 3.120766 2021-06-24 15:08:58.263133 119 455 Cecile 937.628206
0 307 54.48 28.10 0.243127 2021-06-24 15:08:58.506260 119 456 Cecile 937.871333
0 88 20.96 27.99 0.937591 2021-06-24 15:08:59.443851 119 457 Cecile 938.808924
0 71 19.06 28.31 1.194539 2021-06-24 15:09:00.638390 119 458 Cecile 940.003463
0 71 19.06 28.31 0.251948 2021-06-24 15:09:00.890338 119 459 Cecile 940.255411
0 57 16.93 28.31 1.751621 2021-06-24 15:09:02.641959 119 460 Cecile 942.007032
1 265 45.75 27.34 0.01816 2021-06-24 15:09:02.660119 114 336 Niels 942.025192
0 73 19.32 28.20 0.160078 2021-06-24 15:09:02.820197 120 461 Cecile 942.18527
0 172 29.49 28.10 0.07359 2021-06-24 15:09:02.893787 120 462 Cecile 942.25886
1 159 27.66 27.13 0.358681 2021-06-24 15:09:03.252468 115 337 Niels 942.617541
0 192 32.67 28.31 1.574517 2021-06-24 15:09:04.826985 120 463 Cecile 944.192058
0 102 22.15 28.20 1.512039 2021-06-24 15:09:06.339024 120 464 Cecile 945.704097
2 242 41.58 27.34 0.125673 2021-06-24 15:09:06.464697 44 252 MattiaCosmicWatch 945.82977
2 96 21.67 27.34 0.853637 2021-06-24 15:09:07.318334 44 253 MattiaCosmicWatch 946.683407
2 79 20.03 27.34 1.412205 2021-06-24 15:09:08.730539 44 254 MattiaCosmicWatch 948.095612
2 60 17.43 27.34 0.809115 2021-06-24 15:09:09.539654 44 255 MattiaCosmicWatch 948.904727
0 399 87.30 28.10 2.617073 2021-06-24 15:09:12.156727 120 465 Cecile 951.5218
1 103 22.23 27.34 0.804124 2021-06-24 15:09:12.960851 115 338 Niels 952.325924
0 248 42.69 28.20 0.018075 2021-06-24 15:09:12.978926 120 466 Cecile 952.343999
1 49 15.48 26.70 0.085433 2021-06-24 15:09:13.064359 116 339 Niels 952.429432
0 192 32.67 28.31 4.430042 2021-06-24 15:09:17.494401 121 467 Cecile 956.859474
0 62 17.75 27.99 0.708612 2021-06-24 15:09:18.203013 121 468 Cecile 957.568086
0 96 21.67 28.31 0.342836 2021-06-24 15:09:18.545849 121 469 Cecile 957.910922
1 63 17.91 27.13 3.269481 2021-06-24 15:09:21.815330 116 340 Niels 961.180403
0 337 62.30 28.10 0.917749 2021-06-24 15:09:22.733079 121 470 Cecile 962.098152
1 57 16.93 27.13 0.019101 2021-06-24 15:09:22.752180 116 341 Niels 962.117253
2 142 25.64 27.34 0.939198 2021-06-24 15:09:23.691378 44 256 MattiaCosmicWatch 963.056451
0 199 33.86 28.10 1.269855 2021-06-24 15:09:24.961233 122 471 Cecile 964.326306
0 113 23.02 28.31 0.343851 2021-06-24 15:09:25.305084 122 472 Cecile 964.670157
0 96 21.67 28.31 2.812927 2021-06-24 15:09:28.118011 122 473 Cecile 967.483084
1 76 19.69 27.13 0.662291 2021-06-24 15:09:28.780302 117 342 Niels 968.145375
0 81 20.25 28.31 0.016759 2021-06-24 15:09:28.797061 122 474 Cecile 968.162134
1 188 32.01 27.13 2.168407 2021-06-24 15:09:30.965468 118 343 Niels 970.330541
2 99 21.91 27.34 2.867542 2021-06-24 15:09:33.833010 44 257 MattiaCosmicWatch 973.198083
0 352 66.89 28.20 0.720866 2021-06-24 15:09:34.553876 123 475 Cecile 973.918949
2 49 15.48 27.34 0.252813 2021-06-24 15:09:34.806689 44 258 MattiaCosmicWatch 974.171762
0 455 117.03 28.10 0.029322 2021-06-24 15:09:34.836011 123 476 Cecile 974.201084
0 444 109.09 28.10 0.959663 2021-06-24 15:09:35.795674 124 477 Cecile 975.160747
0 76 19.69 28.20 0.322628 2021-06-24 15:09:36.118302 124 478 Cecile 975.483375
2 51 15.86 27.34 0.960106 2021-06-24 15:09:37.078408 45 259 MattiaCosmicWatch 976.443481
0 169 29.05 28.20 1.915073 2021-06-24 15:09:38.993481 124 479 Cecile 978.358554
2 179 30.55 27.34 0.459942 2021-06-24 15:09:39.453423 45 260 MattiaCosmicWatch 978.818496
2 467 121.56 27.34 1.107459 2021-06-24 15:09:40.560882 45 261 MattiaCosmicWatch 979.925955
0 96 21.67 27.88 0.036496 2021-06-24 15:09:40.597378 124 480 Cecile 979.962451
1 79 20.03 26.91 0.536274 2021-06-24 15:09:41.133652 118 344 Niels 980.498725
0 127 24.18 28.10 0.467611 2021-06-24 15:09:41.601263 125 481 Cecile 980.966336
1 216 36.85 26.70 0.809912 2021-06-24 15:09:42.411175 118 345 Niels 981.776248
1 271 46.93 27.34 1.491754 2021-06-24 15:09:43.902929 118 346 Niels 983.268002
0 83 20.46 27.99 3.29529 2021-06-24 15:09:47.198219 125 482 Cecile 986.563292
0 255 43.96 28.31 0.32408 2021-06-24 15:09:47.522299 125 483 Cecile 986.887372
1 79 20.03 27.13 1.434145 2021-06-24 15:09:48.956444 118 347 Niels 988.321517
1 56 16.76 27.34 0.144983 2021-06-24 15:09:49.101427 118 348 Niels 988.4665
0 179 30.55 28.10 0.857102 2021-06-24 15:09:49.958529 125 484 Cecile 989.323602
2 110 22.78 27.34 1.312126 2021-06-24 15:09:51.270655 46 262 MattiaCosmicWatch 990.635728
0 152 26.78 27.88 1.844714 2021-06-24 15:09:53.115369 125 485 Cecile 992.480442
1 103 22.23 27.34 0.622556 2021-06-24 15:09:53.737925 118 349 Niels 993.102998
2 62 17.75 27.34 0.036986 2021-06-24 15:09:53.774911 46 263 MattiaCosmicWatch 993.139984
2 51 15.86 27.34 0.537414 2021-06-24 15:09:54.312325 47 264 MattiaCosmicWatch 993.677398
0 271 46.93 28.10 0.620791 2021-06-24 15:09:54.933116 125 486 Cecile 994.298189
1 216 36.85 26.91 0.926051 2021-06-24 15:09:55.859167 119 350 Niels 995.22424
0 60 17.43 27.99 0.018993 2021-06-24 15:09:55.878160 125 487 Cecile 995.243233
0 297 52.13 28.31 1.723121 2021-06-24 15:09:57.601281 126 488 Cecile 996.966354
0 60 17.43 28.20 1.149598 2021-06-24 15:09:58.750879 126 489 Cecile 998.115952
1 166 28.62 27.13 2.991839 2021-06-24 15:10:01.742718 120 351 Niels 1001.107791
0 217 37.04 28.31 2.19818 2021-06-24 15:10:03.940898 126 490 Cecile 1003.305971
2 101 22.08 27.34 1.915112 2021-06-24 15:10:05.856010 47 265 MattiaCosmicWatch 1005.221083
0 334 61.44 28.20 1.074668 2021-06-24 15:10:06.930678 126 491 Cecile 1006.295751
0 99 21.91 28.20 1.035722 2021-06-24 15:10:07.966400 126 492 Cecile 1007.331473
0 152 26.78 28.20 0.927118 2021-06-24 15:10:08.893518 126 493 Cecile 1008.258591
0 56 16.76 28.31 0.123848 2021-06-24 15:10:09.017366 126 494 Cecile 1008.382439
0 88 20.96 28.31 0.709403 2021-06-24 15:10:09.726769 126 495 Cecile 1009.091842
1 76 19.69 26.70 1.133532 2021-06-24 15:10:10.860301 120 352 Niels 1010.225374
0 133 24.73 28.31 0.017894 2021-06-24 15:10:10.878195 126 496 Cecile 1010.243268
1 135 24.92 27.13 0.488953 2021-06-24 15:10:11.367148 121 353 Niels 1010.732221
2 96 21.67 27.34 0.398505 2021-06-24 15:10:11.765653 47 266 MattiaCosmicWatch 1011.130726
0 120 23.58 28.20 1.111772 2021-06-24 15:10:12.877425 127 497 Cecile 1012.242498
0 295 51.75 28.31 0.790288 2021-06-24 15:10:13.667713 127 498 Cecile 1013.032786
2 238 40.82 27.34 0.269309 2021-06-24 15:10:13.937022 47 267 MattiaCosmicWatch 1013.302095
0 67 18.51 28.31 2.353859 2021-06-24 15:10:16.290881 127 499 Cecile 1015.655954
0 78 19.92 28.10 0.198472 2021-06-24 15:10:16.489353 127 500 Cecile 1015.854426
1 103 22.23 27.13 1.452472 2021-06-24 15:10:17.941825 121 354 Niels 1017.306898
0 92 21.32 28.10 0.019094 2021-06-24 15:10:17.960919 127 501 Cecile 1017.325992
2 203 34.56 27.24 0.203085 2021-06-24 15:10:18.164004 47 268 MattiaCosmicWatch 1017.529077
1 101 22.08 27.34 0.722254 2021-06-24 15:10:18.886258 122 355 Niels 1018.251331
0 448 112.41 28.31 0.019033 2021-06-24 15:10:18.905291 128 502 Cecile 1018.270364
0 159 27.66 28.20 0.259129 2021-06-24 15:10:19.164420 129 503 Cecile 1018.529493
1 63 17.91 27.34 0.074695 2021-06-24 15:10:19.239115 123 356 Niels 1018.604188
0 152 26.78 28.20 1.802014 2021-06-24 15:10:21.041129 130 504 Cecile 1020.406202
0 70 18.93 28.20 0.834785 2021-06-24 15:10:21.875914 130 505 Cecile 1021.240987
0 268 46.26 28.31 0.271997 2021-06-24 15:10:22.147911 130 506 Cecile 1021.512984
0 78 19.92 28.20 0.681963 2021-06-24 15:10:22.829874 130 507 Cecile 1022.194947
1 67 18.51 27.34 2.184668 2021-06-24 15:10:25.014542 124 357 Niels 1024.379615
1 165 28.48 27.34 0.797617 2021-06-24 15:10:25.812159 124 358 Niels 1025.177232
1 50 15.67 26.70 0.716215 2021-06-24 15:10:26.528374 124 359 Niels 1025.893447
2 378 77.13 27.34 0.61328 2021-06-24 15:10:27.141654 47 269 MattiaCosmicWatch 1026.506727
0 248 42.69 27.99 0.076809 2021-06-24 15:10:27.218463 130 508 Cecile 1026.583536
0 49 15.48 28.31 0.654409 2021-06-24 15:10:27.872872 131 509 Cecile 1027.237945
0 327 59.28 28.10 0.539999 2021-06-24 15:10:28.412871 131 510 Cecile 1027.777944
1 355 68.30 27.34 5.016371 2021-06-24 15:10:33.429242 124 360 Niels 1032.794315
0 99 21.91 28.20 0.621111 2021-06-24 15:10:34.050353 131 511 Cecile 1033.415426
2 291 50.97 27.34 0.165152 2021-06-24 15:10:34.215505 48 270 MattiaCosmicWatch 1033.580578
0 179 30.55 27.99 0.933276 2021-06-24 15:10:35.148781 131 512 Cecile 1034.513854
0 67 18.51 28.10 2.102344 2021-06-24 15:10:37.251125 131 513 Cecile 1036.616198
0 167 28.76 28.20 0.322127 2021-06-24 15:10:37.573252 131 514 Cecile 1036.938325
1 67 18.51 27.34 0.020039 2021-06-24 15:10:37.593291 124 361 Niels 1036.958364
1 79 20.03 27.34 0.285328 2021-06-24 15:10:37.878619 125 362 Niels 1037.243692
0 103 22.23 28.20 1.474705 2021-06-24 15:10:39.353324 132 515 Cecile 1038.718397
2 135 24.92 27.34 1.913342 2021-06-24 15:10:41.266666 48 271 MattiaCosmicWatch 1040.631739
0 152 26.78 28.20 0.789481 2021-06-24 15:10:42.056147 132 516 Cecile 1041.42122
1 188 32.01 27.13 0.092248 2021-06-24 15:10:42.148395 125 363 Niels 1041.513468
0 92 21.32 28.20 0.01906 2021-06-24 15:10:42.167455 133 517 Cecile 1041.532528
0 287 50.23 28.31 1.064788 2021-06-24 15:10:43.232243 133 518 Cecile 1042.597316
1 71 19.06 26.91 0.478787 2021-06-24 15:10:43.711030 126 364 Niels 1043.076103
0 67 18.51 28.31 0.017819 2021-06-24 15:10:43.728849 133 519 Cecile 1043.093922
0 96 21.67 28.31 1.298869 2021-06-24 15:10:45.027718 134 520 Cecile 1044.392791
0 103 22.23 28.20 0.977647 2021-06-24 15:10:46.005365 134 521 Cecile 1045.370438
0 185 31.51 28.20 2.714639 2021-06-24 15:10:48.720004 134 522 Cecile 1048.085077
1 240 41.21 27.13 1.056818 2021-06-24 15:10:49.776822 127 365 Niels 1049.141895
1 171 29.34 27.24 0.234239 2021-06-24 15:10:50.011061 127 366 Niels 1049.376134
0 92 21.32 28.31 3.859389 2021-06-24 15:10:53.870450 134 523 Cecile 1053.235523
1 49 15.48 26.70 0.029991 2021-06-24 15:10:53.900441 127 367 Niels 1053.265514
2 231 39.55 27.34 2.474212 2021-06-24 15:10:56.374653 48 272 MattiaCosmicWatch 1055.739726
0 398 85.63 27.99 0.427908 2021-06-24 15:10:56.802561 135 524 Cecile 1056.167634
1 79 20.03 27.13 0.846446 2021-06-24 15:10:57.649007 128 368 Niels 1057.01408
1 92 21.32 27.13 0.838753 2021-06-24 15:10:58.487760 128 369 Niels 1057.852833
0 79 20.03 28.20 0.059703 2021-06-24 15:10:58.547463 135 525 Cecile 1057.912536
0 206 35.07 28.20 3.133051 2021-06-24 15:11:01.680514 136 526 Cecile 1061.045587
1 156 27.28 27.13 0.253918 2021-06-24 15:11:01.934432 129 370 Niels 1061.299505
0 207 35.26 28.31 0.049209 2021-06-24 15:11:01.983641 136 527 Cecile 1061.348714
1 133 24.73 27.34 1.571512 2021-06-24 15:11:03.555153 130 371 Niels 1062.920226
0 79 20.03 28.31 2.195547 2021-06-24 15:11:05.750700 137 528 Cecile 1065.115773
2 216 36.85 27.34 0.302951 2021-06-24 15:11:06.053651 48 273 MattiaCosmicWatch 1065.418724
0 79 20.03 28.20 0.070363 2021-06-24 15:11:06.124014 137 529 Cecile 1065.489087
0 71 19.06 28.31 0.447766 2021-06-24 15:11:06.571780 138 530 Cecile 1065.936853
2 57 16.93 27.34 1.049781 2021-06-24 15:11:07.621561 49 274 MattiaCosmicWatch 1066.986634
0 60 17.43 28.31 5.603803 2021-06-24 15:11:13.225364 138 531 Cecile 1072.590437
1 62 17.75 27.34 1.060674 2021-06-24 15:11:14.286038 130 372 Niels 1073.651111
0 241 41.39 28.31 0.018346 2021-06-24 15:11:14.304384 138 532 Cecile 1073.669457
1 71 19.06 27.13 0.197514 2021-06-24 15:11:14.501898 131 373 Niels 1073.866971
0 96 21.67 28.31 0.029975 2021-06-24 15:11:14.531873 139 533 Cecile 1073.896946
0 337 62.30 28.31 1.11418 2021-06-24 15:11:15.646053 140 534 Cecile 1075.011126
0 88 20.96 28.31 0.165843 2021-06-24 15:11:15.811896 140 535 Cecile 1075.176969
0 287 50.23 28.31 0.387213 2021-06-24 15:11:16.199109 140 536 Cecile 1075.564182
1 56 16.76 27.13 0.035705 2021-06-24 15:11:16.234814 132 374 Niels 1075.599887
1 63 17.91 26.81 0.311166 2021-06-24 15:11:16.545980 133 375 Niels 1075.911053
0 112 22.94 28.31 0.80502 2021-06-24 15:11:17.351000 141 537 Cecile 1076.716073
0 217 37.04 28.31 0.186556 2021-06-24 15:11:17.537556 141 538 Cecile 1076.902629
1 88 20.96 27.34 0.54595 2021-06-24 15:11:18.083506 133 376 Niels 1077.448579
