# layer adc volt temp timediff time detector_muon_count detector_count detector_name
0 371 73.82 28.10 0.017416 2021-06-23 18:11:20.217895 4 22 Carlo 26.804937
1 112 22.94 28.31 0.012632 2021-06-23 18:11:20.200479 4 9 Florian 26.787521
2 103 22.23 27.77 0.569024 2021-06-23 18:11:20.187847 1 7 Noor 26.774889

0 48 15.29 28.31 0.300327 2021-06-23 18:11:30.394903 5 33 Carlo 36.981945
1 316 56.81 28.85 0.013829 2021-06-23 18:11:30.408732 6 15 Florian 36.995774
2 63 17.91 27.56 0.003199 2021-06-23 18:11:30.411931 3 12 Noor 36.998973

0 184 31.36 27.99 0.024721 2021-06-23 18:12:44.676692 11 100 Carlo 111.263734
1 60 17.43 28.31 0.033603 2021-06-23 18:12:44.651819 14 50 Florian 111.238861
2 60 17.43 27.56 0.064477 2021-06-23 18:12:44.618216 12 42 Noor 111.205258

0 120 23.58 28.31 0.406459 2021-06-23 18:12:47.047152 12 103 Carlo 113.634194
1 63 17.91 28.31 0.033503 2021-06-23 18:12:47.080655 15 51 Florian 113.667697
2 60 17.43 27.56 0.034946 2021-06-23 18:12:47.115601 13 44 Noor 113.702643

0 209 35.61 27.99 0.080461 2021-06-23 18:13:32.042501 15 142 Carlo 158.629543
1 371 73.82 28.31 0.016713 2021-06-23 18:13:32.059214 19 66 Florian 158.646256
2 113 23.02 27.67 0.001308 2021-06-23 18:13:32.060522 15 57 Noor 158.647564

0 275 47.73 28.20 0.340535 2021-06-23 18:14:06.475524 20 171 Carlo 193.062566
1 71 19.06 28.31 0.016932 2021-06-23 18:14:06.492456 22 79 Florian 193.079498
2 131 24.54 27.34 0.000188 2021-06-23 18:14:06.492644 18 72 Noor 193.079686

0 88 20.96 27.99 0.008338 2021-06-23 18:14:59.534795 26 218 Carlo 246.121837
1 71 19.06 28.85 0.644864 2021-06-23 18:14:59.508453 29 107 Florian 246.095495
2 319 57.64 27.56 0.018004 2021-06-23 18:14:59.526457 22 91 Noor 246.113499

0 176 30.09 28.20 2.227717 2021-06-23 18:16:09.703777 35 272 Carlo 316.290819
1 483 132.60 28.10 0.018049 2021-06-23 18:16:09.721826 38 138 Florian 316.308868
2 62 17.75 27.56 0.039506 2021-06-23 18:16:09.761332 25 130 Noor 316.348374

0 188 32.01 28.10 1.115763 2021-06-23 18:16:18.897384 36 281 Carlo 325.484426
1 112 22.94 28.31 0.01786 2021-06-23 18:16:18.915244 39 140 Florian 325.502286
2 67 18.51 27.45 0.001277 2021-06-23 18:16:18.916521 26 135 Noor 325.503563

0 344 64.67 28.10 0.014814 2021-06-23 18:16:27.075936 38 286 Carlo 333.662978
1 167 28.76 28.31 0.003191 2021-06-23 18:16:27.079127 41 147 Florian 333.666169
2 57 16.93 27.45 0.343443 2021-06-23 18:16:27.061122 29 142 Noor 333.648164

0 227 38.83 28.20 0.014872 2021-06-23 18:16:39.562741 40 296 Carlo 346.149783
1 409 91.12 28.31 0.003172 2021-06-23 18:16:39.565913 46 156 Florian 346.152955
2 78 19.92 27.34 0.453685 2021-06-23 18:16:39.547869 35 151 Noor 346.134911

0 391 82.35 27.88 0.057635 2021-06-23 18:16:42.236648 41 298 Carlo 348.82369
1 227 38.83 28.31 0.017991 2021-06-23 18:16:42.254639 47 158 Florian 348.841681
2 99 21.91 27.56 0.001173 2021-06-23 18:16:42.255812 36 155 Noor 348.842854

0 127 24.18 28.20 0.015837 2021-06-23 18:17:10.390217 44 323 Carlo 376.977259
1 504 143.61 28.31 0.018033 2021-06-23 18:17:10.408250 50 178 Florian 376.995292
2 103 22.23 27.34 0.399554 2021-06-23 18:17:10.374380 39 168 Noor 376.961422

0 108 22.63 28.20 0.137337 2021-06-23 18:17:20.784849 48 337 Carlo 387.371891
1 63 17.91 28.31 0.018033 2021-06-23 18:17:20.802882 54 187 Florian 387.389924
2 63 17.91 27.34 0.001116 2021-06-23 18:17:20.803998 40 176 Noor 387.39104

0 137 25.12 28.20 0.014126 2021-06-23 18:18:09.920117 53 384 Carlo 436.507159
1 225 38.48 28.31 0.015873 2021-06-23 18:18:09.905991 59 207 Florian 436.493033
2 56 16.76 27.45 1.8395 2021-06-23 18:18:09.890118 43 191 Noor 436.47716

0 313 56.02 27.99 0.092824 2021-06-23 18:19:15.886741 63 449 Carlo 502.473783
1 227 38.83 28.10 0.017977 2021-06-23 18:19:15.904718 68 243 Florian 502.49176
2 384 80.08 27.45 0.01202 2021-06-23 18:19:15.916738 47 220 Noor 502.50378

0 103 22.23 27.77 0.872413 2021-06-23 18:21:04.789621 74 551 Carlo 611.376663
1 243 41.74 28.31 0.017718 2021-06-23 18:21:04.807339 80 295 Florian 611.394381
2 121 23.66 27.45 0.002332 2021-06-23 18:21:04.809671 53 265 Noor 611.396713

0 295 51.75 28.31 0.015583 2021-06-23 18:21:57.408558 80 599 Carlo 663.9956
1 79 20.03 28.31 0.011097 2021-06-23 18:21:57.419655 87 320 Florian 664.006697
2 76 19.69 27.45 0.394884 2021-06-23 18:21:57.392975 55 292 Noor 663.980017

0 755 529.80 27.67 0.410061 2021-06-23 18:22:36.824757 83 633 Carlo 703.411799
1 147 26.19 28.31 0.033426 2021-06-23 18:22:36.858183 92 337 Florian 703.445225
2 51 15.86 27.34 0.009297 2021-06-23 18:22:36.867480 58 318 Noor 703.454522

0 359 69.86 28.10 0.742083 2021-06-23 18:22:47.874322 85 643 Carlo 714.461364
1 255 43.96 28.31 0.017675 2021-06-23 18:22:47.891997 94 341 Florian 714.479039
2 124 23.92 27.34 0.002083 2021-06-23 18:22:47.894080 59 326 Noor 714.481122

0 103 22.23 27.99 0.663213 2021-06-23 18:22:53.164161 86 646 Carlo 719.751203
1 57 16.93 28.31 0.017579 2021-06-23 18:22:53.181740 95 345 Florian 719.768782
2 57 16.93 27.34 0.001328 2021-06-23 18:22:53.183068 60 329 Noor 719.77011

0 120 23.58 28.10 0.01661 2021-06-23 18:24:39.045356 101 743 Carlo 825.632398
1 166 28.62 28.31 0.828877 2021-06-23 18:24:38.988937 112 399 Florian 825.575979
2 163 28.20 27.34 0.039809 2021-06-23 18:24:39.028746 73 381 Noor 825.615788

0 184 31.36 27.88 1.895539 2021-06-23 18:25:02.690609 106 760 Carlo 849.277651
1 152 26.78 28.20 0.017724 2021-06-23 18:25:02.708333 117 414 Florian 849.295375
2 67 18.51 27.34 0.002107 2021-06-23 18:25:02.710440 78 398 Noor 849.297482

0 221 37.76 27.77 0.000152 2021-06-23 18:25:06.094794 107 766 Carlo 852.681836
1 237 40.69 28.31 0.102502 2021-06-23 18:25:06.061240 118 419 Florian 852.648282
2 71 19.06 27.34 0.033402 2021-06-23 18:25:06.094642 79 401 Noor 852.681684

0 108 22.63 27.67 2.391994 2021-06-23 18:26:55.711682 117 854 Carlo 962.298724
1 78 19.92 28.20 0.017693 2021-06-23 18:26:55.729375 127 470 Florian 962.316417
2 329 59.91 27.34 0.001136 2021-06-23 18:26:55.730511 83 452 Noor 962.317553

0 163 28.20 28.10 0.100677 2021-06-23 18:27:51.923431 122 900 Carlo 1018.510473
1 120 23.58 27.99 0.018667 2021-06-23 18:27:51.942098 132 493 Florian 1018.52914
2 300 52.79 27.34 0.014976 2021-06-23 18:27:51.957074 88 477 Noor 1018.544116

0 57 16.93 28.10 0.289417 2021-06-23 18:28:49.597874 125 954 Carlo 1076.184916
1 231 39.55 28.10 0.017653 2021-06-23 18:28:49.615527 138 516 Florian 1076.202569
2 112 22.94 27.34 0.003351 2021-06-23 18:28:49.618878 92 504 Noor 1076.20592

0 51 15.86 27.88 1.052586 2021-06-23 18:28:51.240180 126 955 Carlo 1077.827222
1 89 21.05 28.31 0.017771 2021-06-23 18:28:51.257951 139 518 Florian 1077.844993
2 143 25.74 27.34 0.010071 2021-06-23 18:28:51.268022 93 505 Noor 1077.855064

0 271 46.93 27.67 0.017604 2021-06-23 18:29:03.908034 128 963 Carlo 1090.495076
1 112 22.94 28.31 0.001183 2021-06-23 18:29:03.909217 141 520 Florian 1090.496259
2 143 25.74 27.34 0.492718 2021-06-23 18:29:03.890430 94 509 Noor 1090.477472

0 179 30.55 27.67 1.007924 2021-06-23 18:29:09.008824 129 968 Carlo 1095.595866
1 81 20.25 27.88 0.018755 2021-06-23 18:29:09.027579 142 521 Florian 1095.614621
2 56 16.76 27.34 0.001133 2021-06-23 18:29:09.028712 95 513 Noor 1095.615754

0 280 48.67 27.67 0.000174 2021-06-23 18:31:13.369463 145 1065 Carlo 1219.956505
1 152 26.78 28.10 0.509567 2021-06-23 18:31:13.348491 153 586 Florian 1219.935533
2 127 24.18 27.34 0.020798 2021-06-23 18:31:13.369289 107 574 Noor 1219.956331

0 188 32.01 27.67 0.01766 2021-06-23 18:32:02.378104 149 1100 Carlo 1268.965146
1 140 25.42 27.99 0.002203 2021-06-23 18:32:02.380307 159 611 Florian 1268.967349
2 255 43.96 27.34 0.715152 2021-06-23 18:32:02.360444 116 600 Noor 1268.947486

0 216 36.85 27.88 0.387104 2021-06-23 18:32:31.343851 153 1127 Carlo 1297.930893
1 248 42.69 28.10 0.019793 2021-06-23 18:32:31.363644 162 625 Florian 1297.950686
2 120 23.58 27.34 0.001305 2021-06-23 18:32:31.364949 120 615 Noor 1297.951991

0 415 95.00 27.67 0.449669 2021-06-23 18:33:05.547827 161 1156 Carlo 1332.134869
1 145 25.96 28.10 0.0199 2021-06-23 18:33:05.567727 168 644 Florian 1332.154769
2 60 17.43 27.34 0.001056 2021-06-23 18:33:05.568783 125 635 Noor 1332.155825

0 460 119.54 27.67 0.01762 2021-06-23 18:33:35.431035 163 1175 Carlo 1362.018077
1 327 59.28 27.88 0.003356 2021-06-23 18:33:35.434391 171 655 Florian 1362.021433
2 110 22.78 27.34 0.413304 2021-06-23 18:33:35.413415 127 645 Noor 1362.000457

0 526 158.17 27.67 0.040038 2021-06-23 18:33:55.828087 164 1193 Carlo 1382.415129
1 255 43.96 28.10 0.125861 2021-06-23 18:33:55.754137 174 668 Florian 1382.341179
2 57 16.93 27.34 0.033753 2021-06-23 18:33:55.787890 130 655 Noor 1382.374932

0 184 31.36 27.67 0.017027 2021-06-23 18:34:04.557469 166 1200 Carlo 1391.144511
1 76 19.69 27.77 0.003049 2021-06-23 18:34:04.560518 176 672 Florian 1391.14756
2 78 19.92 27.34 1.180991 2021-06-23 18:34:04.540442 131 658 Noor 1391.127484

0 167 28.76 27.67 0.033457 2021-06-23 18:35:50.058065 175 1274 Carlo 1496.645107
1 88 20.96 27.99 0.003913 2021-06-23 18:35:50.061978 186 718 Florian 1496.64902
2 57 16.93 27.34 0.876555 2021-06-23 18:35:50.024608 137 719 Noor 1496.61165

0 67 18.51 27.67 0.037759 2021-06-23 18:37:23.388310 183 1342 Carlo 1589.975352
1 138 25.22 27.77 0.016618 2021-06-23 18:37:23.350551 196 762 Florian 1589.937593
2 57 16.93 27.34 0.887378 2021-06-23 18:37:23.333933 142 763 Noor 1589.920975

0 167 28.76 27.77 0.016641 2021-06-23 18:37:59.953638 187 1372 Carlo 1626.54068
1 63 17.91 27.99 0.003012 2021-06-23 18:37:59.956650 200 780 Florian 1626.543692
2 83 20.46 27.34 0.086956 2021-06-23 18:37:59.936997 145 786 Noor 1626.524039

0 204 34.73 27.67 1.673362 2021-06-23 18:38:43.169269 194 1409 Carlo 1669.756311
1 248 42.69 27.67 0.019825 2021-06-23 18:38:43.189094 206 795 Florian 1669.776136
2 83 20.46 27.34 0.001232 2021-06-23 18:38:43.190326 149 809 Noor 1669.777368

0 156 27.28 27.67 0.016661 2021-06-23 18:38:51.920129 196 1417 Carlo 1678.507171
1 92 21.32 27.77 0.003104 2021-06-23 18:38:51.923233 208 799 Florian 1678.510275
2 83 20.46 27.34 0.135003 2021-06-23 18:38:51.903468 152 818 Noor 1678.49051

0 70 18.93 27.67 0.017643 2021-06-23 18:39:57.080909 208 1480 Carlo 1743.667951
1 220 37.58 27.67 0.001248 2021-06-23 18:39:57.082157 220 830 Florian 1743.669199
2 110 22.78 27.34 0.146434 2021-06-23 18:39:57.063266 163 852 Noor 1743.650308

0 352 66.89 27.67 0.01663 2021-06-23 18:40:52.661057 214 1529 Carlo 1799.248099
1 542 168.67 27.77 0.003178 2021-06-23 18:40:52.664235 226 856 Florian 1799.251277
2 51 15.86 27.34 0.199557 2021-06-23 18:40:52.644427 166 881 Noor 1799.231469

0 325 59.05 27.56 0.427415 2021-06-23 18:41:08.765136 217 1544 Carlo 1815.352178
1 149 26.42 27.88 0.019824 2021-06-23 18:41:08.784960 229 863 Florian 1815.372002
2 327 59.28 27.34 0.010624 2021-06-23 18:41:08.795584 167 891 Noor 1815.382626

0 490 139.21 27.67 0.016551 2021-06-23 18:41:48.086990 222 1581 Carlo 1854.674032
1 202 34.38 27.67 0.004462 2021-06-23 18:41:48.091452 232 882 Florian 1854.678494
2 88 20.96 27.34 0.081545 2021-06-23 18:41:48.070439 170 918 Noor 1854.657481

0 184 31.36 27.77 0.0177 2021-06-23 18:42:24.576793 227 1607 Carlo 1891.163835
1 419 97.20 27.88 0.002129 2021-06-23 18:42:24.578922 237 904 Florian 1891.165964
2 211 35.96 27.34 0.173506 2021-06-23 18:42:24.559093 173 936 Noor 1891.146135

0 156 27.28 27.67 0.017664 2021-06-23 18:42:48.275545 232 1621 Carlo 1914.862587
1 159 27.66 27.67 0.002249 2021-06-23 18:42:48.277794 243 921 Florian 1914.864836
2 103 22.23 27.13 0.919338 2021-06-23 18:42:48.257881 179 947 Noor 1914.844923

0 67 18.51 27.67 0.717605 2021-06-23 18:44:00.737422 238 1672 Carlo 1987.324464
1 49 15.48 27.67 0.018665 2021-06-23 18:44:00.756087 251 956 Florian 1987.343129
2 82 20.36 27.34 0.001887 2021-06-23 18:44:00.757974 182 983 Noor 1987.345016

0 81 20.25 27.67 0.057622 2021-06-23 18:44:44.391414 245 1700 Carlo 2030.978456
1 403 88.99 27.56 0.018565 2021-06-23 18:44:44.409979 259 980 Florian 2030.997021
2 76 19.69 27.34 0.002263 2021-06-23 18:44:44.412242 190 1007 Noor 2030.999284

0 135 24.92 27.67 0.00723 2021-06-23 18:45:29.366843 252 1727 Carlo 2075.953885
1 237 40.69 27.67 0.018755 2021-06-23 18:45:29.359613 264 1002 Florian 2075.946655
2 152 26.78 27.34 1.044682 2021-06-23 18:45:29.340858 195 1030 Noor 2075.9279

0 124 23.92 27.67 0.018661 2021-06-23 18:46:01.091585 254 1752 Carlo 2107.678627
1 174 29.79 27.77 0.001185 2021-06-23 18:46:01.092770 270 1017 Florian 2107.679812
2 403 88.99 27.34 0.105183 2021-06-23 18:46:01.072924 200 1046 Noor 2107.659966

0 224 38.29 27.67 0.017645 2021-06-23 18:46:47.141399 258 1781 Carlo 2153.728441
1 56 16.76 27.88 0.002218 2021-06-23 18:46:47.143617 273 1030 Florian 2153.730659
2 88 20.96 27.34 0.083188 2021-06-23 18:46:47.123754 204 1072 Noor 2153.710796

0 127 24.18 27.45 0.018631 2021-06-23 18:47:13.235828 262 1806 Carlo 2179.82287
1 81 20.25 27.67 0.001245 2021-06-23 18:47:13.237073 276 1038 Florian 2179.824115
2 103 22.23 27.34 0.208167 2021-06-23 18:47:13.217197 206 1088 Noor 2179.804239

0 56 16.76 27.67 0.090054 2021-06-23 18:47:25.812903 263 1816 Carlo 2192.399945
1 508 144.95 27.67 0.018627 2021-06-23 18:47:25.831530 277 1043 Florian 2192.418572
2 112 22.94 27.34 0.004324 2021-06-23 18:47:25.835854 207 1092 Noor 2192.422896

0 124 23.92 27.45 0.017608 2021-06-23 18:49:05.826428 275 1893 Carlo 2292.41347
1 99 21.91 27.67 0.003294 2021-06-23 18:49:05.829722 290 1087 Florian 2292.416764
2 83 20.46 27.34 0.076333 2021-06-23 18:49:05.808820 215 1133 Noor 2292.395862

0 152 26.78 27.77 0.017756 2021-06-23 18:49:58.005732 285 1939 Carlo 2344.592774
1 96 21.67 27.67 0.003147 2021-06-23 18:49:58.008879 295 1112 Florian 2344.595921
2 79 20.03 27.13 0.231987 2021-06-23 18:49:57.987976 223 1168 Noor 2344.575018

