# layer adc volt temp timediff time detector_muon_count detector_count detector_name
0 414 93.93 27.13 10 2021-06-21 17:21:23.022742 0 1 Cecile 0.564511
0 112 22.94 27.34 0.801186 2021-06-21 17:21:23.823928 0 2 Cecile 1.365697
0 78 19.92 27.34 1.023254 2021-06-21 17:21:24.847182 0 3 Cecile 2.388951
0 88 20.96 26.91 1.076937 2021-06-21 17:21:25.924119 0 4 Cecile 3.465888
0 39 13.53 27.13 1.286064 2021-06-21 17:21:27.210183 0 5 Cecile 4.751952
0 57 16.93 27.13 0.109998 2021-06-21 17:21:27.320181 0 6 Cecile 4.86195
2 127 24.18 26.05 0.155726 2021-06-21 17:21:27.475907 0 1 Niels 5.017676
2 103 22.23 25.95 0.144184 2021-06-21 17:21:27.620091 0 2 Niels 5.16186
1 115 23.18 26.05 0.013834 2021-06-21 17:21:27.633925 0 1 MattiaCosmicWatch 5.175694
0 152 26.78 26.91 0.119849 2021-06-21 17:21:27.753774 0 7 Cecile 5.295543
0 71 19.06 27.13 0.741522 2021-06-21 17:21:28.495296 0 8 Cecile 6.037065
0 108 22.63 27.34 0.332883 2021-06-21 17:21:28.828179 0 9 Cecile 6.369948
0 57 16.93 27.13 0.301429 2021-06-21 17:21:29.129608 0 10 Cecile 6.671377
0 153 26.90 27.13 0.720439 2021-06-21 17:21:29.850047 0 11 Cecile 7.391816
0 81 20.25 27.13 4.491006 2021-06-21 17:21:34.341053 0 12 Cecile 11.882822
2 44 14.51 26.05 0.419698 2021-06-21 17:21:34.760751 1 3 Niels 12.30252
0 46 14.91 26.91 0.336991 2021-06-21 17:21:35.097742 0 13 Cecile 12.639511
2 463 119.23 25.84 1.139297 2021-06-21 17:21:36.237039 1 4 Niels 13.778808
0 398 85.63 27.13 0.192332 2021-06-21 17:21:36.429371 0 14 Cecile 13.97114
0 62 17.75 26.91 0.368108 2021-06-21 17:21:36.797479 0 15 Cecile 14.339248
1 172 29.49 26.05 0.338152 2021-06-21 17:21:37.135631 1 2 MattiaCosmicWatch 14.6774
0 30 11.83 27.34 0.101279 2021-06-21 17:21:37.236910 0 16 Cecile 14.778679
0 63 17.91 27.34 0.091699 2021-06-21 17:21:37.328609 0 17 Cecile 14.870378
1 127 24.18 26.16 0.736823 2021-06-21 17:21:38.065432 1 3 MattiaCosmicWatch 15.607201
2 31 12.01 26.05 0.231476 2021-06-21 17:21:38.296908 1 5 Niels 15.838677
1 63 17.91 26.05 0.013633 2021-06-21 17:21:38.310541 1 4 MattiaCosmicWatch 15.85231
0 71 19.06 27.34 1.875571 2021-06-21 17:21:40.186112 0 18 Cecile 17.727881
0 147 26.19 26.91 1.682688 2021-06-21 17:21:41.868800 0 19 Cecile 19.410569
2 56 16.76 26.05 3.297636 2021-06-21 17:21:45.166436 2 6 Niels 22.708205
0 216 36.85 27.34 0.733569 2021-06-21 17:21:45.900005 0 20 Cecile 23.441774
0 60 17.43 26.91 0.127991 2021-06-21 17:21:46.027996 0 21 Cecile 23.569765
1 96 21.67 26.05 0.67782 2021-06-21 17:21:46.705816 2 5 MattiaCosmicWatch 24.247585
0 108 22.63 27.34 1.139116 2021-06-21 17:21:47.844932 0 22 Cecile 25.386701
0 271 46.93 26.91 0.264247 2021-06-21 17:21:48.109179 0 23 Cecile 25.650948
2 33 12.37 26.05 1.310981 2021-06-21 17:21:49.420160 2 7 Niels 26.961929
0 39 13.53 27.34 1.504893 2021-06-21 17:21:50.925053 0 24 Cecile 28.466822
0 216 36.85 26.91 2.254689 2021-06-21 17:21:53.179742 0 25 Cecile 30.721511
0 31 12.01 27.34 1.780736 2021-06-21 17:21:54.960478 0 26 Cecile 32.502247
2 39 13.53 26.05 1.462845 2021-06-21 17:21:56.423323 2 8 Niels 33.965092
0 291 50.97 27.34 0.433036 2021-06-21 17:21:56.856359 0 27 Cecile 34.398128
0 167 28.76 26.91 0.077327 2021-06-21 17:21:56.933686 0 28 Cecile 34.475455
2 39 13.53 26.05 0.913449 2021-06-21 17:21:57.847135 2 9 Niels 35.388904
0 206 35.07 26.91 0.014792 2021-06-21 17:21:57.861927 0 29 Cecile 35.403696
1 44 14.51 26.05 0.002022 2021-06-21 17:21:57.863949 2 6 MattiaCosmicWatch 35.405718
0 103 22.23 26.70 1.353853 2021-06-21 17:21:59.217802 1 30 Cecile 36.759571
0 67 18.51 26.91 0.625085 2021-06-21 17:21:59.842887 1 31 Cecile 37.384656
0 376 76.43 26.91 0.487367 2021-06-21 17:22:00.330254 1 32 Cecile 37.872023
0 88 20.96 27.24 0.580044 2021-06-21 17:22:00.910298 1 33 Cecile 38.452067
0 156 27.28 27.13 0.420061 2021-06-21 17:22:01.330359 1 34 Cecile 38.872128
1 82 20.36 26.05 2.632773 2021-06-21 17:22:03.963132 3 7 MattiaCosmicWatch 41.504901
0 49 15.48 26.91 0.45291 2021-06-21 17:22:04.416042 1 35 Cecile 41.957811
0 211 35.96 27.13 0.487696 2021-06-21 17:22:04.903738 1 36 Cecile 42.445507
0 35 12.75 27.34 1.061954 2021-06-21 17:22:05.965692 1 37 Cecile 43.507461
2 252 43.42 25.41 1.197285 2021-06-21 17:22:07.162977 3 10 Niels 44.704746
2 441 109.77 25.09 0.381247 2021-06-21 17:22:07.544224 3 11 Niels 45.085993
2 96 21.67 25.95 0.996527 2021-06-21 17:22:08.540751 3 12 Niels 46.08252
2 355 68.30 26.05 0.614998 2021-06-21 17:22:09.155749 3 13 Niels 46.697518
0 30 11.83 27.34 0.657545 2021-06-21 17:22:09.813294 1 38 Cecile 47.355063
0 227 38.83 26.91 0.707572 2021-06-21 17:22:10.520866 1 39 Cecile 48.062635
0 127 24.18 27.24 0.253118 2021-06-21 17:22:10.773984 1 40 Cecile 48.315753
2 71 19.06 26.05 0.712792 2021-06-21 17:22:11.486776 3 14 Niels 49.028545
0 124 23.92 26.91 2.545429 2021-06-21 17:22:14.032205 1 41 Cecile 51.573974
0 162 28.06 27.13 0.310863 2021-06-21 17:22:14.343068 1 42 Cecile 51.884837
0 39 13.53 27.13 3.142841 2021-06-21 17:22:17.485909 1 43 Cecile 55.027678
0 124 23.92 26.91 1.332481 2021-06-21 17:22:18.818390 1 44 Cecile 56.360159
0 135 24.92 26.91 1.124431 2021-06-21 17:22:19.942821 1 45 Cecile 57.48459
0 103 22.23 27.13 0.115889 2021-06-21 17:22:20.058710 1 46 Cecile 57.600479
0 31 12.01 27.13 0.706939 2021-06-21 17:22:20.765649 1 47 Cecile 58.307418
0 159 27.66 27.13 0.717061 2021-06-21 17:22:21.482710 1 48 Cecile 59.024479
2 31 12.01 26.05 0.017966 2021-06-21 17:22:21.500676 3 15 Niels 59.042445
0 103 22.23 27.13 0.772596 2021-06-21 17:22:22.273272 2 49 Cecile 59.815041
0 62 17.75 26.91 0.033821 2021-06-21 17:22:22.307093 2 50 Cecile 59.848862
0 110 22.78 26.81 1.758661 2021-06-21 17:22:24.065754 2 51 Cecile 61.607523
0 295 51.75 27.34 0.257068 2021-06-21 17:22:24.322822 2 52 Cecile 61.864591
0 99 21.91 26.91 0.582384 2021-06-21 17:22:24.905206 2 53 Cecile 62.446975
0 67 18.51 27.13 0.06418 2021-06-21 17:22:24.969386 2 54 Cecile 62.511155
2 300 52.79 25.52 0.37514 2021-06-21 17:22:25.344526 4 16 Niels 62.886295
1 60 17.43 26.05 0.190387 2021-06-21 17:22:25.534913 3 8 MattiaCosmicWatch 63.076682
0 62 17.75 27.13 0.593586 2021-06-21 17:22:26.128499 2 55 Cecile 63.670268
0 93 21.41 26.70 0.212453 2021-06-21 17:22:26.340952 2 56 Cecile 63.882721
0 147 26.19 26.91 2.432866 2021-06-21 17:22:28.773818 2 57 Cecile 66.315587
0 192 32.67 27.13 3.242254 2021-06-21 17:22:32.016072 2 58 Cecile 69.557841
0 31 12.01 27.13 0.033773 2021-06-21 17:22:32.049845 2 59 Cecile 69.591614
0 231 39.55 27.13 2.756862 2021-06-21 17:22:34.806707 2 60 Cecile 72.348476
0 51 15.86 26.91 1.154228 2021-06-21 17:22:35.960935 2 61 Cecile 73.502704
2 233 39.92 26.05 0.423686 2021-06-21 17:22:36.384621 4 17 Niels 73.92639
0 225 38.48 26.70 0.682762 2021-06-21 17:22:37.067383 2 62 Cecile 74.609152
0 48 15.29 26.91 0.721812 2021-06-21 17:22:37.789195 2 63 Cecile 75.330964
1 60 17.43 26.05 0.854062 2021-06-21 17:22:38.643257 3 9 MattiaCosmicWatch 76.185026
0 268 46.26 27.02 0.442248 2021-06-21 17:22:39.085505 2 64 Cecile 76.627274
0 46 14.91 27.13 0.678505 2021-06-21 17:22:39.764010 2 65 Cecile 77.305779
1 304 53.73 26.16 0.153647 2021-06-21 17:22:39.917657 3 10 MattiaCosmicWatch 77.459426
1 120 23.58 26.05 0.122036 2021-06-21 17:22:40.039693 3 11 MattiaCosmicWatch 77.581462
0 255 43.96 26.91 1.95819 2021-06-21 17:22:41.997883 2 66 Cecile 79.539652
2 48 15.29 25.41 0.728048 2021-06-21 17:22:42.725931 4 18 Niels 80.2677
0 62 17.75 27.13 0.1505 2021-06-21 17:22:42.876431 2 67 Cecile 80.4182
2 31 12.01 25.73 0.216766 2021-06-21 17:22:43.093197 4 19 Niels 80.634966
2 71 19.06 25.95 0.11682 2021-06-21 17:22:43.210017 4 20 Niels 80.751786
0 527 155.96 26.70 0.019205 2021-06-21 17:22:43.229222 2 68 Cecile 80.770991
0 163 28.20 26.91 0.994905 2021-06-21 17:22:44.224127 3 69 Cecile 81.765896
0 70 18.93 26.70 0.26769 2021-06-21 17:22:44.491817 3 70 Cecile 82.033586
0 289 50.47 27.13 0.784582 2021-06-21 17:22:45.276399 3 71 Cecile 82.818168
0 38 13.33 26.91 2.01099 2021-06-21 17:22:47.287389 3 72 Cecile 84.829158
1 31 12.01 26.05 0.433588 2021-06-21 17:22:47.720977 3 12 MattiaCosmicWatch 85.262746
1 38 13.33 26.05 2.062245 2021-06-21 17:22:49.783222 3 13 MattiaCosmicWatch 87.324991
0 31 12.01 27.13 3.325802 2021-06-21 17:22:53.109024 3 73 Cecile 90.650793
0 41 13.92 27.34 0.143264 2021-06-21 17:22:53.252288 3 74 Cecile 90.794057
0 176 30.09 27.34 0.6306 2021-06-21 17:22:53.882888 3 75 Cecile 91.424657
0 332 61.17 27.13 2.301337 2021-06-21 17:22:56.184225 3 76 Cecile 93.725994
0 307 54.48 27.34 0.68316 2021-06-21 17:22:56.867385 3 77 Cecile 94.409154
0 71 19.06 26.91 0.279815 2021-06-21 17:22:57.147200 3 78 Cecile 94.688969
1 48 15.29 26.05 0.606453 2021-06-21 17:22:57.753653 3 14 MattiaCosmicWatch 95.295422
1 49 15.48 26.16 0.159629 2021-06-21 17:22:57.913282 3 15 MattiaCosmicWatch 95.455051
0 291 50.97 26.70 0.3446 2021-06-21 17:22:58.257882 3 79 Cecile 95.799651
1 35 12.75 26.05 0.588617 2021-06-21 17:22:58.846499 3 16 MattiaCosmicWatch 96.388268
0 143 25.74 27.34 0.092228 2021-06-21 17:22:58.938727 3 80 Cecile 96.480496
0 174 29.79 26.91 0.209902 2021-06-21 17:22:59.148629 4 81 Cecile 96.690398
1 57 16.93 26.05 1.856633 2021-06-21 17:23:01.005262 4 17 MattiaCosmicWatch 98.547031
0 145 25.96 27.13 1.045045 2021-06-21 17:23:02.050307 4 82 Cecile 99.592076
0 179 30.55 27.13 0.977514 2021-06-21 17:23:03.027821 4 83 Cecile 100.56959
2 92 21.32 26.05 0.17917 2021-06-21 17:23:03.206991 5 21 Niels 100.74876
0 177 30.25 27.13 0.019764 2021-06-21 17:23:03.226755 4 84 Cecile 100.768524
2 79 20.03 26.05 0.3655 2021-06-21 17:23:03.592255 6 22 Niels 101.134024
0 255 43.96 27.13 0.797061 2021-06-21 17:23:04.389316 5 85 Cecile 101.931085
0 201 34.22 27.34 2.39139 2021-06-21 17:23:06.780706 5 86 Cecile 104.322475
2 63 17.91 25.95 0.908075 2021-06-21 17:23:07.688781 6 23 Niels 105.23055
0 78 19.92 27.02 1.242239 2021-06-21 17:23:08.931020 5 87 Cecile 106.472789
2 81 20.25 25.95 0.843262 2021-06-21 17:23:09.774282 6 24 Niels 107.316051
0 31 12.01 27.34 0.108207 2021-06-21 17:23:09.882489 5 88 Cecile 107.424258
2 50 15.67 26.05 1.579845 2021-06-21 17:23:11.462334 6 25 Niels 109.004103
0 280 48.67 27.34 3.816037 2021-06-21 17:23:15.278371 5 89 Cecile 112.82014
0 51 15.86 27.34 1.597954 2021-06-21 17:23:16.876325 5 90 Cecile 114.418094
1 217 37.04 26.05 0.018018 2021-06-21 17:23:16.894343 4 18 MattiaCosmicWatch 114.436112
0 39 13.53 26.91 2.124101 2021-06-21 17:23:19.018444 6 91 Cecile 116.560213
0 153 26.90 27.34 0.44732 2021-06-21 17:23:19.465764 6 92 Cecile 117.007533
0 78 19.92 27.34 1.817882 2021-06-21 17:23:21.283646 6 93 Cecile 118.825415
0 216 36.85 27.24 2.253367 2021-06-21 17:23:23.537013 6 94 Cecile 121.078782
0 236 40.44 27.34 0.468108 2021-06-21 17:23:24.005121 6 95 Cecile 121.54689
0 96 21.67 27.34 0.190889 2021-06-21 17:23:24.196010 6 96 Cecile 121.737779
0 96 21.67 27.34 0.19693 2021-06-21 17:23:24.392940 6 97 Cecile 121.934709
0 207 35.26 27.13 0.867433 2021-06-21 17:23:25.260373 6 98 Cecile 122.802142
2 101 22.08 24.87 0.019024 2021-06-21 17:23:25.279397 6 26 Niels 122.821166
2 319 57.64 25.95 1.001117 2021-06-21 17:23:26.280514 7 27 Niels 123.822283
0 263 45.37 27.13 1.816791 2021-06-21 17:23:28.097305 7 99 Cecile 125.639074
2 380 78.12 26.05 2.052315 2021-06-21 17:23:30.149620 7 28 Niels 127.691389
0 56 16.76 26.91 2.912417 2021-06-21 17:23:33.062037 7 100 Cecile 130.603806
0 448 112.41 26.70 2.728228 2021-06-21 17:23:35.790265 7 101 Cecile 133.332034
0 44 14.51 27.34 0.335514 2021-06-21 17:23:36.125779 7 102 Cecile 133.667548
1 78 19.92 26.16 0.044973 2021-06-21 17:23:36.170752 5 19 MattiaCosmicWatch 133.712521
0 177 30.25 27.13 1.368517 2021-06-21 17:23:37.539269 8 103 Cecile 135.081038
0 61 17.60 26.91 2.712609 2021-06-21 17:23:40.251878 8 104 Cecile 137.793647
0 108 22.63 27.34 0.140741 2021-06-21 17:23:40.392619 8 105 Cecile 137.934388
0 448 112.41 26.91 0.463282 2021-06-21 17:23:40.855901 8 106 Cecile 138.39767
0 105 22.39 27.13 1.455369 2021-06-21 17:23:42.311270 8 107 Cecile 139.853039
0 262 45.24 27.34 0.986747 2021-06-21 17:23:43.298017 8 108 Cecile 140.839786
0 48 15.29 27.34 0.232481 2021-06-21 17:23:43.530498 8 109 Cecile 141.072267
1 50 15.67 26.27 1.150151 2021-06-21 17:23:44.680649 6 20 MattiaCosmicWatch 142.222418
1 44 14.51 26.16 0.847527 2021-06-21 17:23:45.528176 6 21 MattiaCosmicWatch 143.069945
2 50 15.67 25.63 0.029427 2021-06-21 17:23:45.557603 7 29 Niels 143.099372
0 96 21.67 27.34 0.000244 2021-06-21 17:23:45.557847 8 110 Cecile 143.099616
0 126 24.09 26.70 0.197028 2021-06-21 17:23:45.754875 9 111 Cecile 143.296644
0 63 17.91 27.13 0.303894 2021-06-21 17:23:46.058769 9 112 Cecile 143.600538
0 60 17.43 27.34 0.275353 2021-06-21 17:23:46.334122 9 113 Cecile 143.875891
0 113 23.02 27.13 0.519253 2021-06-21 17:23:46.853375 9 114 Cecile 144.395144
0 83 20.46 27.13 0.112258 2021-06-21 17:23:46.965633 9 115 Cecile 144.507402
1 46 14.91 26.05 1.516178 2021-06-21 17:23:48.481811 7 22 MattiaCosmicWatch 146.02358
1 53 16.22 26.05 0.405927 2021-06-21 17:23:48.887738 7 23 MattiaCosmicWatch 146.429507
0 112 22.94 27.34 0.02937 2021-06-21 17:23:48.917108 9 116 Cecile 146.458877
0 31 12.01 26.91 1.028766 2021-06-21 17:23:49.945874 10 117 Cecile 147.487643
0 263 45.37 26.91 0.305151 2021-06-21 17:23:50.251025 10 118 Cecile 147.792794
2 31 12.01 25.52 0.292967 2021-06-21 17:23:50.543992 8 30 Niels 148.085761
0 121 23.66 27.13 0.016887 2021-06-21 17:23:50.560879 10 119 Cecile 148.102648
0 39 13.53 27.34 0.475129 2021-06-21 17:23:51.036008 11 120 Cecile 148.577777
0 210 35.78 26.91 3.217481 2021-06-21 17:23:54.253489 11 121 Cecile 151.795258
0 57 16.93 27.34 1.953775 2021-06-21 17:23:56.207264 11 122 Cecile 153.749033
0 236 40.44 27.34 2.094856 2021-06-21 17:23:58.302120 11 123 Cecile 155.843889
0 81 20.25 27.13 3.68631 2021-06-21 17:24:01.988430 11 124 Cecile 159.530199
2 48 15.29 26.05 1.209025 2021-06-21 17:24:03.197455 9 31 Niels 160.739224
1 59 17.27 26.05 0.548696 2021-06-21 17:24:03.746151 8 24 MattiaCosmicWatch 161.28792
0 97 21.75 27.34 2.581917 2021-06-21 17:24:06.328068 11 125 Cecile 163.869837
0 48 15.29 27.34 0.1382 2021-06-21 17:24:06.466268 11 126 Cecile 164.008037
0 69 18.79 27.34 1.476932 2021-06-21 17:24:07.943200 11 127 Cecile 165.484969
0 316 56.81 27.34 1.076752 2021-06-21 17:24:09.019952 11 128 Cecile 166.561721
0 62 17.75 27.13 0.03372 2021-06-21 17:24:09.053672 11 129 Cecile 166.595441
0 348 65.64 27.13 0.132033 2021-06-21 17:24:09.185705 11 130 Cecile 166.727474
2 31 12.01 26.05 0.864291 2021-06-21 17:24:10.049996 9 32 Niels 167.591765
0 67 18.51 27.34 0.432635 2021-06-21 17:24:10.482631 11 131 Cecile 168.0244
0 399 87.30 27.34 0.033718 2021-06-21 17:24:10.516349 11 132 Cecile 168.058118
2 44 14.51 26.05 1.541816 2021-06-21 17:24:12.058165 9 33 Niels 169.599934
1 103 22.23 26.05 1.178204 2021-06-21 17:24:13.236369 8 25 MattiaCosmicWatch 170.778138
1 301 53.09 26.05 0.816485 2021-06-21 17:24:14.052854 8 26 MattiaCosmicWatch 171.594623
0 76 19.69 27.13 0.129787 2021-06-21 17:24:14.182641 11 133 Cecile 171.72441
2 49 15.48 25.84 0.124005 2021-06-21 17:24:14.306646 9 34 Niels 171.848415
0 56 16.76 27.13 1.12378 2021-06-21 17:24:15.430426 11 134 Cecile 172.972195
0 102 22.15 27.34 1.628709 2021-06-21 17:24:17.059135 11 135 Cecile 174.600904
0 50 15.67 27.34 0.901131 2021-06-21 17:24:17.960266 11 136 Cecile 175.502035
0 44 14.51 27.34 0.350628 2021-06-21 17:24:18.310894 11 137 Cecile 175.852663
0 61 17.60 27.13 0.165865 2021-06-21 17:24:18.476759 11 138 Cecile 176.018528
1 62 17.75 26.16 0.661189 2021-06-21 17:24:19.137948 8 27 MattiaCosmicWatch 176.679717
0 48 15.29 27.34 0.126947 2021-06-21 17:24:19.264895 11 139 Cecile 176.806664
2 31 12.01 25.84 0.797874 2021-06-21 17:24:20.062769 9 35 Niels 177.604538
0 327 59.28 26.91 0.83127 2021-06-21 17:24:20.894039 11 140 Cecile 178.435808
1 42 14.12 26.05 1.289709 2021-06-21 17:24:22.183748 8 28 MattiaCosmicWatch 179.725517
0 199 33.86 27.13 0.255066 2021-06-21 17:24:22.438814 11 141 Cecile 179.980583
2 88 20.96 25.73 0.301809 2021-06-21 17:24:22.740623 9 36 Niels 180.282392
0 295 51.75 27.13 1.145258 2021-06-21 17:24:23.885881 11 142 Cecile 181.42765
0 271 46.93 27.34 0.158898 2021-06-21 17:24:24.044779 11 143 Cecile 181.586548
0 96 21.67 27.34 0.884643 2021-06-21 17:24:24.929422 11 144 Cecile 182.471191
0 39 13.53 27.13 0.033805 2021-06-21 17:24:24.963227 11 145 Cecile 182.504996
0 316 56.81 27.34 0.577809 2021-06-21 17:24:25.541036 11 146 Cecile 183.082805
0 49 15.48 27.34 2.430967 2021-06-21 17:24:27.972003 11 147 Cecile 185.513772
0 67 18.51 27.34 0.292748 2021-06-21 17:24:28.264751 11 148 Cecile 185.80652
0 39 13.53 27.34 0.129067 2021-06-21 17:24:28.393818 11 149 Cecile 185.935587
0 211 35.96 27.34 0.128439 2021-06-21 17:24:28.522257 11 150 Cecile 186.064026
1 38 13.33 26.05 0.020086 2021-06-21 17:24:28.542343 8 29 MattiaCosmicWatch 186.084112
2 39 13.53 25.95 1.744989 2021-06-21 17:24:30.287332 9 37 Niels 187.829101
1 71 19.06 26.05 0.457136 2021-06-21 17:24:30.744468 9 30 MattiaCosmicWatch 188.286237
0 280 48.67 27.34 0.233548 2021-06-21 17:24:30.978016 12 151 Cecile 188.519785
0 97 21.75 27.34 1.77717 2021-06-21 17:24:32.755186 12 152 Cecile 190.296955
0 96 21.67 27.13 0.454864 2021-06-21 17:24:33.210050 12 153 Cecile 190.751819
0 198 33.69 27.34 0.653142 2021-06-21 17:24:33.863192 12 154 Cecile 191.404961
0 455 117.03 26.91 0.118292 2021-06-21 17:24:33.981484 12 155 Cecile 191.523253
0 263 45.37 27.34 0.776225 2021-06-21 17:24:34.757709 12 156 Cecile 192.299478
0 248 42.69 27.13 1.541071 2021-06-21 17:24:36.298780 12 157 Cecile 193.840549
0 88 20.96 27.13 0.618686 2021-06-21 17:24:36.917466 12 158 Cecile 194.459235
0 39 13.53 27.34 0.263882 2021-06-21 17:24:37.181348 12 159 Cecile 194.723117
0 192 32.67 27.34 0.584443 2021-06-21 17:24:37.765791 12 160 Cecile 195.30756
0 195 33.17 27.13 2.191809 2021-06-21 17:24:39.957600 12 161 Cecile 197.499369
1 384 80.08 26.05 0.182206 2021-06-21 17:24:40.139806 9 31 MattiaCosmicWatch 197.681575
0 448 112.41 27.13 0.857191 2021-06-21 17:24:40.996997 12 162 Cecile 198.538766
0 63 17.91 27.34 3.044475 2021-06-21 17:24:44.041472 12 163 Cecile 201.583241
0 444 109.09 26.91 1.159203 2021-06-21 17:24:45.200675 12 164 Cecile 202.742444
1 70 18.93 26.05 5.869754 2021-06-21 17:24:51.070429 9 32 MattiaCosmicWatch 208.612198
0 188 32.01 27.24 0.457356 2021-06-21 17:24:51.527785 12 165 Cecile 209.069554
2 51 15.86 26.05 0.427813 2021-06-21 17:24:51.955598 9 38 Niels 209.497367
0 127 24.18 27.13 0.016963 2021-06-21 17:24:51.972561 12 166 Cecile 209.51433
1 66 18.36 26.16 1.618159 2021-06-21 17:24:53.590720 9 33 MattiaCosmicWatch 211.132489
0 216 36.85 27.34 0.193627 2021-06-21 17:24:53.784347 13 167 Cecile 211.326116
2 57 16.93 25.84 2.423627 2021-06-21 17:24:56.207974 10 39 Niels 213.749743
0 48 15.29 27.34 1.048263 2021-06-21 17:24:57.256237 13 168 Cecile 214.798006
0 163 28.20 27.13 0.033825 2021-06-21 17:24:57.290062 13 169 Cecile 214.831831
0 30 11.83 27.34 0.88533 2021-06-21 17:24:58.175392 13 170 Cecile 215.717161
0 158 27.53 27.13 1.101708 2021-06-21 17:24:59.277100 13 171 Cecile 216.818869
0 30 11.83 27.13 1.135661 2021-06-21 17:25:00.412761 13 172 Cecile 217.95453
0 307 54.48 27.13 0.655882 2021-06-21 17:25:01.068643 13 173 Cecile 218.610412
0 158 27.53 27.34 1.383234 2021-06-21 17:25:02.451877 13 174 Cecile 219.993646
0 92 21.32 27.13 1.4345 2021-06-21 17:25:03.886377 13 175 Cecile 221.428146
2 57 16.93 25.95 0.711459 2021-06-21 17:25:04.597836 10 40 Niels 222.139605
0 318 57.28 27.34 1.493676 2021-06-21 17:25:06.091512 13 176 Cecile 223.633281
0 38 13.33 27.34 1.350863 2021-06-21 17:25:07.442375 13 177 Cecile 224.984144
2 33 12.37 25.84 0.097813 2021-06-21 17:25:07.540188 10 41 Niels 225.081957
1 63 17.91 26.05 0.395906 2021-06-21 17:25:07.936094 9 34 MattiaCosmicWatch 225.477863
2 268 46.26 25.95 0.029475 2021-06-21 17:25:07.965569 11 42 Niels 225.507338
1 204 34.73 26.05 0.093194 2021-06-21 17:25:08.058763 10 35 MattiaCosmicWatch 225.600532
2 46 14.91 26.05 0.030531 2021-06-21 17:25:08.089294 12 43 Niels 225.631063
0 108 22.63 27.34 2.140396 2021-06-21 17:25:10.229690 14 178 Cecile 227.771459
0 159 27.66 27.34 0.763033 2021-06-21 17:25:10.992723 14 179 Cecile 228.534492
0 115 23.18 27.34 0.245032 2021-06-21 17:25:11.237755 14 180 Cecile 228.779524
0 99 21.91 27.13 0.148947 2021-06-21 17:25:11.386702 14 181 Cecile 228.928471
0 51 15.86 27.34 0.141055 2021-06-21 17:25:11.527757 14 182 Cecile 229.069526
0 185 31.51 27.34 6.377297 2021-06-21 17:25:17.905054 14 183 Cecile 235.446823
2 39 13.53 26.05 1.673038 2021-06-21 17:25:19.578092 12 44 Niels 237.119861
0 73 19.32 27.34 0.217205 2021-06-21 17:25:19.795297 14 184 Cecile 237.337066
0 163 28.20 27.34 0.218574 2021-06-21 17:25:20.013871 14 185 Cecile 237.55564
0 217 37.04 27.13 0.326396 2021-06-21 17:25:20.340267 14 186 Cecile 237.882036
0 49 15.48 27.34 0.833542 2021-06-21 17:25:21.173809 14 187 Cecile 238.715578
2 211 35.96 26.05 0.025895 2021-06-21 17:25:21.199704 12 45 Niels 238.741473
0 323 58.48 27.34 0.221408 2021-06-21 17:25:21.421112 15 188 Cecile 238.962881
2 252 43.42 25.73 1.587504 2021-06-21 17:25:23.008616 13 46 Niels 240.550385
1 487 132.65 26.05 0.453521 2021-06-21 17:25:23.462137 10 36 MattiaCosmicWatch 241.003906
1 49 15.48 26.27 0.309994 2021-06-21 17:25:23.772131 10 37 MattiaCosmicWatch 241.3139
0 176 30.09 27.34 3.565013 2021-06-21 17:25:27.337144 15 189 Cecile 244.878913
2 44 14.51 25.95 1.060473 2021-06-21 17:25:28.397617 13 47 Niels 245.939386
0 167 28.76 27.34 0.441689 2021-06-21 17:25:28.839306 15 190 Cecile 246.381075
1 83 20.46 26.27 0.020096 2021-06-21 17:25:28.859402 10 38 MattiaCosmicWatch 246.401171
0 281 48.90 27.34 1.200905 2021-06-21 17:25:30.060307 16 191 Cecile 247.602076
0 135 24.92 27.34 0.484468 2021-06-21 17:25:30.544775 16 192 Cecile 248.086544
0 101 22.08 27.24 0.320278 2021-06-21 17:25:30.865053 16 193 Cecile 248.406822
0 39 13.53 27.34 1.147451 2021-06-21 17:25:32.012504 16 194 Cecile 249.554273
0 62 17.75 27.34 0.822436 2021-06-21 17:25:32.834940 16 195 Cecile 250.376709
0 368 72.93 27.34 0.089564 2021-06-21 17:25:32.924504 16 196 Cecile 250.466273
0 63 17.91 27.34 0.4477 2021-06-21 17:25:33.372204 16 197 Cecile 250.913973
0 48 15.29 27.13 1.154429 2021-06-21 17:25:34.526633 16 198 Cecile 252.068402
0 188 32.01 27.13 0.300984 2021-06-21 17:25:34.827617 16 199 Cecile 252.369386
1 31 12.01 26.05 0.020158 2021-06-21 17:25:34.847775 11 39 MattiaCosmicWatch 252.389544
0 92 21.32 27.34 0.305347 2021-06-21 17:25:35.153122 17 200 Cecile 252.694891
2 88 20.96 25.52 0.08757 2021-06-21 17:25:35.240692 13 48 Niels 252.782461
2 92 21.32 26.05 0.033771 2021-06-21 17:25:35.274463 14 49 Niels 252.816232
2 370 73.62 26.05 1.317932 2021-06-21 17:25:36.592395 14 50 Niels 254.134164
0 76 19.69 27.34 2.637989 2021-06-21 17:25:39.230384 18 201 Cecile 256.772153
0 243 41.74 27.34 0.535873 2021-06-21 17:25:39.766257 18 202 Cecile 257.308026
0 300 52.79 27.34 1.468442 2021-06-21 17:25:41.234699 18 203 Cecile 258.776468
0 31 12.01 27.34 0.899417 2021-06-21 17:25:42.134116 18 204 Cecile 259.675885
0 207 35.26 27.13 0.338371 2021-06-21 17:25:42.472487 18 205 Cecile 260.014256
2 38 13.33 25.73 2.939207 2021-06-21 17:25:45.411694 14 51 Niels 262.953463
1 31 12.01 26.05 0.016999 2021-06-21 17:25:45.428693 12 40 MattiaCosmicWatch 262.970462
0 462 120.87 27.34 0.796377 2021-06-21 17:25:46.225070 18 206 Cecile 263.766839
1 70 18.93 26.05 0.47343 2021-06-21 17:25:46.698500 13 41 MattiaCosmicWatch 264.240269
1 30 11.83 26.05 1.830755 2021-06-21 17:25:48.529255 13 42 MattiaCosmicWatch 266.071024
0 156 27.28 27.34 2.279379 2021-06-21 17:25:50.808634 18 207 Cecile 268.350403
0 46 14.91 27.24 0.266311 2021-06-21 17:25:51.074945 18 208 Cecile 268.616714
1 83 20.46 26.16 3.298796 2021-06-21 17:25:54.373741 13 43 MattiaCosmicWatch 271.91551
0 671 277.06 26.70 0.461568 2021-06-21 17:25:54.835309 18 209 Cecile 272.377078
0 31 12.01 27.34 0.033796 2021-06-21 17:25:54.869105 18 210 Cecile 272.410874
0 102 22.15 27.34 0.486706 2021-06-21 17:25:55.355811 18 211 Cecile 272.89758
1 448 112.41 26.05 0.411354 2021-06-21 17:25:55.767165 13 44 MattiaCosmicWatch 273.308934
0 241 41.39 27.13 1.105096 2021-06-21 17:25:56.872261 18 212 Cecile 274.41403
1 195 33.17 26.27 0.782953 2021-06-21 17:25:57.655214 13 45 MattiaCosmicWatch 275.196983
0 112 22.94 27.34 4.54516 2021-06-21 17:26:02.200374 18 213 Cecile 279.742143
0 444 109.09 27.34 0.332319 2021-06-21 17:26:02.532693 18 214 Cecile 280.074462
1 61 17.60 26.16 0.033703 2021-06-21 17:26:02.566396 13 46 MattiaCosmicWatch 280.108165
2 31 12.01 25.84 0.024427 2021-06-21 17:26:02.590823 15 52 Niels 280.132592
0 236 40.44 27.34 0.000152 2021-06-21 17:26:02.590975 19 215 Cecile 280.132744
2 71 19.06 26.05 0.376633 2021-06-21 17:26:02.967608 16 53 Niels 280.509377
2 224 38.29 25.84 0.655552 2021-06-21 17:26:03.623160 16 54 Niels 281.164929
1 120 23.58 26.16 0.158976 2021-06-21 17:26:03.782136 14 47 MattiaCosmicWatch 281.323905
0 179 30.55 27.34 0.995163 2021-06-21 17:26:04.777299 19 216 Cecile 282.319068
1 410 92.53 26.05 3.354028 2021-06-21 17:26:08.131327 14 48 MattiaCosmicWatch 285.673096
2 78 19.92 26.05 0.030605 2021-06-21 17:26:08.161932 16 55 Niels 285.703701
0 56 16.76 27.34 0.271187 2021-06-21 17:26:08.433119 19 217 Cecile 285.974888
0 295 51.75 27.34 0.404692 2021-06-21 17:26:08.837811 19 218 Cecile 286.37958
0 126 24.09 27.34 0.097063 2021-06-21 17:26:08.934874 19 219 Cecile 286.476643
0 67 18.51 27.34 0.546066 2021-06-21 17:26:09.480940 19 220 Cecile 287.022709
0 79 20.03 27.13 0.397678 2021-06-21 17:26:09.878618 19 221 Cecile 287.420387
0 199 33.86 27.34 1.08941 2021-06-21 17:26:10.968028 19 222 Cecile 288.509797
0 371 73.82 27.34 0.256175 2021-06-21 17:26:11.224203 19 223 Cecile 288.765972
0 83 20.46 27.34 0.123546 2021-06-21 17:26:11.347749 19 224 Cecile 288.889518
0 44 14.51 27.13 0.09055 2021-06-21 17:26:11.438299 19 225 Cecile 288.980068
0 88 20.96 27.34 0.544575 2021-06-21 17:26:11.982874 19 226 Cecile 289.524643
1 204 34.73 26.16 1.639076 2021-06-21 17:26:13.621950 15 49 MattiaCosmicWatch 291.163719
0 304 53.73 27.24 0.150365 2021-06-21 17:26:13.772315 19 227 Cecile 291.314084
0 159 27.66 27.13 2.702876 2021-06-21 17:26:16.475191 19 228 Cecile 294.01696
0 44 14.51 27.34 0.529178 2021-06-21 17:26:17.004369 19 229 Cecile 294.546138
0 76 19.69 27.34 0.349324 2021-06-21 17:26:17.353693 19 230 Cecile 294.895462
0 51 15.86 27.34 0.65111 2021-06-21 17:26:18.004803 19 231 Cecile 295.546572
0 127 24.18 27.24 0.068312 2021-06-21 17:26:18.073115 19 232 Cecile 295.614884
0 31 12.01 27.34 0.116702 2021-06-21 17:26:18.189817 19 233 Cecile 295.731586
0 127 24.18 27.34 0.132453 2021-06-21 17:26:18.322270 19 234 Cecile 295.864039
2 53 16.22 26.05 0.280591 2021-06-21 17:26:18.602861 17 56 Niels 296.14463
1 39 13.53 26.05 0.016985 2021-06-21 17:26:18.619846 15 50 MattiaCosmicWatch 296.161615
0 71 19.06 27.34 1.368458 2021-06-21 17:26:19.988304 19 235 Cecile 297.530073
2 359 69.86 26.05 1.284563 2021-06-21 17:26:21.272867 18 57 Niels 298.814636
0 184 31.36 27.34 0.222617 2021-06-21 17:26:21.495484 19 236 Cecile 299.037253
0 39 13.53 27.34 1.50652 2021-06-21 17:26:23.002004 19 237 Cecile 300.543773
0 35 12.75 27.34 0.327611 2021-06-21 17:26:23.329615 19 238 Cecile 300.871384
0 275 47.73 27.34 0.082995 2021-06-21 17:26:23.412610 19 239 Cecile 300.954379
0 38 13.33 27.13 0.093082 2021-06-21 17:26:23.505692 19 240 Cecile 301.047461
0 192 32.67 27.34 0.370059 2021-06-21 17:26:23.875751 19 241 Cecile 301.41752
0 135 24.92 27.13 0.305549 2021-06-21 17:26:24.181300 19 242 Cecile 301.723069
0 60 17.43 27.34 0.649199 2021-06-21 17:26:24.830499 19 243 Cecile 302.372268
0 284 49.41 27.34 0.334768 2021-06-21 17:26:25.165267 19 244 Cecile 302.707036
1 127 24.18 26.27 0.323092 2021-06-21 17:26:25.488359 16 51 MattiaCosmicWatch 303.030128
2 83 20.46 26.05 1.138764 2021-06-21 17:26:26.627123 18 58 Niels 304.168892
0 217 37.04 27.34 0.931814 2021-06-21 17:26:27.558937 19 245 Cecile 305.100706
0 103 22.23 27.34 0.231367 2021-06-21 17:26:27.790304 19 246 Cecile 305.332073
0 62 17.75 27.24 0.081746 2021-06-21 17:26:27.872050 19 247 Cecile 305.413819
0 30 11.83 27.34 1.918064 2021-06-21 17:26:29.790114 19 248 Cecile 307.331883
0 67 18.51 27.34 0.117753 2021-06-21 17:26:29.907867 19 249 Cecile 307.449636
0 158 27.53 27.13 0.622894 2021-06-21 17:26:30.530761 19 250 Cecile 308.07253
0 39 13.53 27.34 0.453866 2021-06-21 17:26:30.984627 19 251 Cecile 308.526396
0 48 15.29 27.34 0.064191 2021-06-21 17:26:31.048818 19 252 Cecile 308.590587
1 76 19.69 26.05 2.590156 2021-06-21 17:26:33.638974 16 52 MattiaCosmicWatch 311.180743
0 30 11.83 27.34 0.472029 2021-06-21 17:26:34.111003 19 253 Cecile 311.652772
0 83 20.46 27.34 1.852616 2021-06-21 17:26:35.963619 19 254 Cecile 313.505388
0 184 31.36 27.34 1.121429 2021-06-21 17:26:37.085048 19 255 Cecile 314.626817
0 229 39.22 27.34 1.391432 2021-06-21 17:26:38.476480 19 256 Cecile 316.018249
0 193 32.84 27.13 1.355773 2021-06-21 17:26:39.832253 19 257 Cecile 317.374022
0 51 15.86 27.34 0.511616 2021-06-21 17:26:40.343869 19 258 Cecile 317.885638
2 96 21.67 25.95 0.074519 2021-06-21 17:26:40.418388 18 59 Niels 317.960157
0 313 56.02 27.34 0.710715 2021-06-21 17:26:41.129103 20 259 Cecile 318.670872
0 135 24.92 27.34 0.269877 2021-06-21 17:26:41.398980 20 260 Cecile 318.940749
1 62 17.75 26.05 1.240138 2021-06-21 17:26:42.639118 16 53 MattiaCosmicWatch 320.180887
0 184 31.36 27.34 3.172484 2021-06-21 17:26:45.811602 20 261 Cecile 323.353371
0 147 26.19 27.34 4.09999 2021-06-21 17:26:49.911592 20 262 Cecile 327.453361
0 31 12.01 27.34 0.158998 2021-06-21 17:26:50.070590 20 263 Cecile 327.612359
0 48 15.29 27.34 0.316076 2021-06-21 17:26:50.386666 20 264 Cecile 327.928435
0 199 33.86 27.34 2.737729 2021-06-21 17:26:53.124395 20 265 Cecile 330.666164
2 31 12.01 26.05 0.020084 2021-06-21 17:26:53.144479 19 60 Niels 330.686248
0 51 15.86 27.34 0.235688 2021-06-21 17:26:53.380167 21 266 Cecile 330.921936
0 120 23.58 27.34 0.620553 2021-06-21 17:26:54.000720 21 267 Cecile 331.542489
2 44 14.51 26.05 0.183538 2021-06-21 17:26:54.184258 20 61 Niels 331.726027
2 46 14.91 26.05 0.124157 2021-06-21 17:26:54.308415 20 62 Niels 331.850184
1 326 59.13 26.38 0.285562 2021-06-21 17:26:54.593977 16 54 MattiaCosmicWatch 332.135746
0 50 15.67 27.34 1.436874 2021-06-21 17:26:56.030851 21 268 Cecile 333.57262
1 79 20.03 26.16 1.624763 2021-06-21 17:26:57.655614 16 55 MattiaCosmicWatch 335.197383
0 50 15.67 27.34 1.754778 2021-06-21 17:26:59.410392 21 269 Cecile 336.952161
2 60 17.43 26.05 1.738472 2021-06-21 17:27:01.148864 20 63 Niels 338.690633
1 157 27.40 26.16 0.659438 2021-06-21 17:27:01.808302 16 56 MattiaCosmicWatch 339.350071
0 33 12.37 27.34 0.030545 2021-06-21 17:27:01.838847 21 270 Cecile 339.380616
0 31 12.01 27.34 0.419627 2021-06-21 17:27:02.258474 22 271 Cecile 339.800243
0 126 24.09 27.34 0.033786 2021-06-21 17:27:02.292260 22 272 Cecile 339.834029
0 176 30.09 27.34 0.610364 2021-06-21 17:27:02.902624 22 273 Cecile 340.444393
2 53 16.22 26.05 1.508982 2021-06-21 17:27:04.411606 20 64 Niels 341.953375
1 51 15.86 26.16 0.241702 2021-06-21 17:27:04.653308 17 57 MattiaCosmicWatch 342.195077
0 63 17.91 27.34 0.433169 2021-06-21 17:27:05.086477 22 274 Cecile 342.628246
