# layer adc volt temp timediff time detector_muon_count detector_count detector_name
2 88 20.96 27.34 10 2021-06-24 15:47:43.027815 0 1 MattiaCosmicWatch 2.959531
2 159 27.66 27.34 0.081855 2021-06-24 15:47:43.109670 0 2 MattiaCosmicWatch 3.041386
0 166 28.62 28.31 1.720724 2021-06-24 15:47:44.830394 0 1 Cecile 4.76211
0 121 23.66 28.31 0.130731 2021-06-24 15:47:44.961125 0 2 Cecile 4.892841
1 56 16.76 27.34 0.33565 2021-06-24 15:47:45.296775 0 1 Niels 5.228491
1 124 23.92 27.34 0.071114 2021-06-24 15:47:45.367889 0 2 Niels 5.299605
0 76 19.69 28.31 0.476466 2021-06-24 15:47:45.844355 0 3 Cecile 5.776071
1 63 17.91 27.34 0.081183 2021-06-24 15:47:45.925538 0 3 Niels 5.857254
1 94 21.50 27.34 1.025634 2021-06-24 15:47:46.951172 1 4 Niels 6.882888
0 103 22.23 28.20 0.659674 2021-06-24 15:47:47.610846 1 4 Cecile 7.542562
1 49 15.48 27.34 0.55629 2021-06-24 15:47:48.167136 1 5 Niels 8.098852
2 67 18.51 27.34 0.450676 2021-06-24 15:47:48.617812 0 3 MattiaCosmicWatch 8.549528
0 396 85.28 28.31 0.024162 2021-06-24 15:47:48.641974 1 5 Cecile 8.57369
0 231 39.55 28.31 0.304216 2021-06-24 15:47:48.946190 2 6 Cecile 8.877906
0 57 16.93 28.31 0.761505 2021-06-24 15:47:49.707695 2 7 Cecile 9.639411
1 334 61.44 27.34 0.580661 2021-06-24 15:47:50.288356 1 6 Niels 10.220072
2 62 17.75 27.34 2.541854 2021-06-24 15:47:52.830210 1 4 MattiaCosmicWatch 12.761926
0 81 20.25 28.31 0.517283 2021-06-24 15:47:53.347493 2 8 Cecile 13.279209
2 304 53.73 27.34 1.565997 2021-06-24 15:47:54.913490 1 5 MattiaCosmicWatch 14.845206
0 79 20.03 28.31 2.347996 2021-06-24 15:47:57.261486 2 9 Cecile 17.193202
1 66 18.36 27.34 0.01446 2021-06-24 15:47:57.275946 1 7 Niels 17.207662
0 280 48.67 28.31 4.054897 2021-06-24 15:48:01.330843 3 10 Cecile 21.262559
0 120 23.58 28.20 0.422022 2021-06-24 15:48:01.752865 3 11 Cecile 21.684581
0 67 18.51 28.20 0.756331 2021-06-24 15:48:02.509196 3 12 Cecile 22.440912
2 222 37.96 27.34 0.868184 2021-06-24 15:48:03.377380 1 6 MattiaCosmicWatch 23.309096
0 60 17.43 28.31 0.336733 2021-06-24 15:48:03.714113 3 13 Cecile 23.645829
2 69 18.79 27.34 0.597252 2021-06-24 15:48:04.311365 1 7 MattiaCosmicWatch 24.243081
2 291 50.97 27.34 3.249672 2021-06-24 15:48:07.561037 1 8 MattiaCosmicWatch 27.492753
0 79 20.03 28.31 1.029066 2021-06-24 15:48:08.590103 3 14 Cecile 28.521819
1 103 22.23 27.34 2.488032 2021-06-24 15:48:11.078135 2 8 Niels 31.009851
0 60 17.43 28.31 0.013494 2021-06-24 15:48:11.091629 3 15 Cecile 31.023345
0 216 36.85 28.31 1.166314 2021-06-24 15:48:12.257943 4 16 Cecile 32.189659
0 88 20.96 28.31 0.767702 2021-06-24 15:48:13.025645 4 17 Cecile 32.957361
0 287 50.23 28.31 0.480071 2021-06-24 15:48:13.505716 4 18 Cecile 33.437432
2 275 47.73 27.34 0.291742 2021-06-24 15:48:13.797458 1 9 MattiaCosmicWatch 33.729174
0 227 38.83 28.31 0.06784 2021-06-24 15:48:13.865298 4 19 Cecile 33.797014
1 56 16.76 27.13 0.373562 2021-06-24 15:48:14.238860 3 9 Niels 34.170576
2 115 23.18 27.34 3.447949 2021-06-24 15:48:17.686809 2 10 MattiaCosmicWatch 37.618525
2 391 82.35 27.34 2.258562 2021-06-24 15:48:19.945371 2 11 MattiaCosmicWatch 39.877087
0 444 109.09 28.31 0.970703 2021-06-24 15:48:20.916074 5 20 Cecile 40.84779
2 113 23.02 27.34 0.28297 2021-06-24 15:48:21.199044 2 12 MattiaCosmicWatch 41.13076
0 76 19.69 28.31 0.124991 2021-06-24 15:48:21.324035 5 21 Cecile 41.255751
1 51 15.86 27.34 0.289373 2021-06-24 15:48:21.613408 3 10 Niels 41.545124
0 51 15.86 28.31 0.743082 2021-06-24 15:48:22.356490 5 22 Cecile 42.288206
2 60 17.43 27.34 0.066512 2021-06-24 15:48:22.423002 2 13 MattiaCosmicWatch 42.354718
0 96 21.67 28.31 0.03344 2021-06-24 15:48:22.456442 6 23 Cecile 42.388158
1 96 21.67 27.34 0.000165 2021-06-24 15:48:22.456607 3 11 Niels 42.388323
2 79 20.03 27.34 0.000152 2021-06-24 15:48:22.456759 3 14 MattiaCosmicWatch 42.388475
1 204 34.73 27.34 0.127113 2021-06-24 15:48:22.583872 4 12 Niels 42.515588
2 92 21.32 27.34 0.527252 2021-06-24 15:48:23.111124 3 15 MattiaCosmicWatch 43.04284
2 71 19.06 27.34 2.000414 2021-06-24 15:48:25.111538 3 16 MattiaCosmicWatch 45.043254
0 142 25.64 28.31 0.163498 2021-06-24 15:48:25.275036 6 24 Cecile 45.206752
1 98 21.83 27.34 0.029835 2021-06-24 15:48:25.304871 4 13 Niels 45.236587
2 323 58.48 27.34 0.035887 2021-06-24 15:48:25.340758 3 17 MattiaCosmicWatch 45.272474
2 575 187.30 27.34 4.717851 2021-06-24 15:48:30.058609 4 18 MattiaCosmicWatch 49.990325
2 89 21.05 27.34 0.849094 2021-06-24 15:48:30.907703 4 19 MattiaCosmicWatch 50.839419
0 255 43.96 28.31 0.350956 2021-06-24 15:48:31.258659 7 25 Cecile 51.190375
2 101 22.08 27.34 0.743361 2021-06-24 15:48:32.002020 4 20 MattiaCosmicWatch 51.933736
0 51 15.86 28.31 0.069091 2021-06-24 15:48:32.071111 7 26 Cecile 52.002827
2 67 18.51 27.34 2.536867 2021-06-24 15:48:34.607978 5 21 MattiaCosmicWatch 54.539694
2 338 62.67 27.34 1.039381 2021-06-24 15:48:35.647359 5 22 MattiaCosmicWatch 55.579075
1 172 29.49 27.34 1.176806 2021-06-24 15:48:36.824165 5 14 Niels 56.755881
0 56 16.76 28.31 0.547905 2021-06-24 15:48:37.372070 8 27 Cecile 57.303786
1 184 31.36 27.34 0.038179 2021-06-24 15:48:37.410249 5 15 Niels 57.341965
0 92 21.32 28.31 1.263571 2021-06-24 15:48:38.673820 9 28 Cecile 58.605536
1 415 95.00 27.34 0.074461 2021-06-24 15:48:38.748281 6 16 Niels 58.679997
1 108 22.63 27.34 0.603498 2021-06-24 15:48:39.351779 7 17 Niels 59.283495
0 103 22.23 28.31 0.014399 2021-06-24 15:48:39.366178 10 29 Cecile 59.297894
0 71 19.06 28.31 2.515636 2021-06-24 15:48:41.881814 11 30 Cecile 61.81353
0 79 20.03 28.31 0.841438 2021-06-24 15:48:42.723252 11 31 Cecile 62.654968
0 167 28.76 28.31 2.757489 2021-06-24 15:48:45.480741 11 32 Cecile 65.412457
0 304 53.73 28.31 0.663123 2021-06-24 15:48:46.143864 11 33 Cecile 66.07558
1 63 17.91 27.34 1.720329 2021-06-24 15:48:47.864193 8 18 Niels 67.795909
0 67 18.51 28.31 0.013447 2021-06-24 15:48:47.877640 11 34 Cecile 67.809356
0 275 47.73 28.31 1.420264 2021-06-24 15:48:49.297904 12 35 Cecile 69.22962
0 88 20.96 28.31 0.033401 2021-06-24 15:48:49.331305 12 36 Cecile 69.263021
1 153 26.90 27.34 0.027953 2021-06-24 15:48:49.359258 9 19 Niels 69.290974
2 103 22.23 27.34 0.611845 2021-06-24 15:48:49.971103 5 23 MattiaCosmicWatch 69.902819
1 71 19.06 27.34 1.102312 2021-06-24 15:48:51.073415 10 20 Niels 71.005131
2 92 21.32 27.34 0.026075 2021-06-24 15:48:51.099490 5 24 MattiaCosmicWatch 71.031206
2 60 17.43 27.34 0.29534 2021-06-24 15:48:51.394830 6 25 MattiaCosmicWatch 71.326546
0 291 50.97 28.31 0.134281 2021-06-24 15:48:51.529111 13 37 Cecile 71.460827
1 462 120.87 27.34 0.093854 2021-06-24 15:48:51.622965 11 21 Niels 71.554681
2 236 40.44 27.34 0.104803 2021-06-24 15:48:51.727768 6 26 MattiaCosmicWatch 71.659484
0 192 32.67 28.31 0.748111 2021-06-24 15:48:52.475879 14 38 Cecile 72.407595
0 115 23.18 28.31 0.203604 2021-06-24 15:48:52.679483 14 39 Cecile 72.611199
2 281 48.90 27.34 0.111344 2021-06-24 15:48:52.790827 6 27 MattiaCosmicWatch 72.722543
2 124 23.92 27.34 0.629382 2021-06-24 15:48:53.420209 6 28 MattiaCosmicWatch 73.351925
1 51 15.86 27.34 1.265167 2021-06-24 15:48:54.685376 12 22 Niels 74.617092
0 152 26.78 28.31 1.386208 2021-06-24 15:48:56.071584 14 40 Cecile 76.0033
1 142 25.64 27.34 0.015635 2021-06-24 15:48:56.087219 12 23 Niels 76.018935
1 57 16.93 27.34 1.513609 2021-06-24 15:48:57.600828 13 24 Niels 77.532544
2 141 25.53 27.34 0.998444 2021-06-24 15:48:58.599272 6 29 MattiaCosmicWatch 78.530988
0 81 20.25 28.31 3.745877 2021-06-24 15:49:02.345149 15 41 Cecile 82.276865
2 231 39.55 27.34 0.03985 2021-06-24 15:49:02.384999 6 30 MattiaCosmicWatch 82.316715
2 344 64.67 27.34 0.433558 2021-06-24 15:49:02.818557 7 31 MattiaCosmicWatch 82.750273
2 270 46.71 27.34 1.052814 2021-06-24 15:49:03.871371 7 32 MattiaCosmicWatch 83.803087
1 60 17.43 27.34 1.20411 2021-06-24 15:49:05.075481 13 25 Niels 85.007197
0 88 20.96 28.31 0.013447 2021-06-24 15:49:05.088928 16 42 Cecile 85.020644
1 476 129.76 27.34 0.375165 2021-06-24 15:49:05.464093 14 26 Niels 85.395809
0 167 28.76 28.31 0.638565 2021-06-24 15:49:06.102658 17 43 Cecile 86.034374
2 668 291.28 27.34 0.51945 2021-06-24 15:49:06.622108 7 33 MattiaCosmicWatch 86.553824
1 56 16.76 27.34 0.600723 2021-06-24 15:49:07.222831 14 27 Niels 87.154547
2 192 32.67 27.34 0.224869 2021-06-24 15:49:07.447700 7 34 MattiaCosmicWatch 87.379416
0 103 22.23 28.31 0.572029 2021-06-24 15:49:08.019729 17 44 Cecile 87.951445
0 216 36.85 28.31 0.942459 2021-06-24 15:49:08.962188 17 45 Cecile 88.893904
2 81 20.25 27.34 0.759289 2021-06-24 15:49:09.721477 7 35 MattiaCosmicWatch 89.653193
2 371 73.82 27.34 0.258627 2021-06-24 15:49:09.980104 7 36 MattiaCosmicWatch 89.91182
2 53 16.22 27.34 2.350164 2021-06-24 15:49:12.330268 7 37 MattiaCosmicWatch 92.261984
2 259 44.69 27.34 0.274103 2021-06-24 15:49:12.604371 7 38 MattiaCosmicWatch 92.536087
0 50 15.67 28.31 1.025365 2021-06-24 15:49:13.629736 17 46 Cecile 93.561452
0 67 18.51 28.31 0.730119 2021-06-24 15:49:14.359855 17 47 Cecile 94.291571
0 121 23.66 28.31 1.930886 2021-06-24 15:49:16.290741 17 48 Cecile 96.222457
0 89 21.05 28.31 1.52814 2021-06-24 15:49:17.818881 17 49 Cecile 97.750597
2 224 38.29 27.34 0.015723 2021-06-24 15:49:17.834604 7 39 MattiaCosmicWatch 97.76632
0 227 38.83 28.31 0.407133 2021-06-24 15:49:18.241737 18 50 Cecile 98.173453
1 82 20.36 27.34 0.448095 2021-06-24 15:49:18.689832 14 28 Niels 98.621548
2 94 21.50 27.34 0.978191 2021-06-24 15:49:19.668023 8 40 MattiaCosmicWatch 99.599739
1 62 17.75 27.34 0.923523 2021-06-24 15:49:20.591546 14 29 Niels 100.523262
0 71 19.06 28.31 0.875572 2021-06-24 15:49:21.467118 18 51 Cecile 101.398834
1 255 43.96 27.34 0.440653 2021-06-24 15:49:21.907771 14 30 Niels 101.839487
0 159 27.66 28.31 0.015631 2021-06-24 15:49:21.923402 18 52 Cecile 101.855118
0 280 48.67 28.31 0.892481 2021-06-24 15:49:22.815883 19 53 Cecile 102.747599
0 88 20.96 28.31 0.110557 2021-06-24 15:49:22.926440 19 54 Cecile 102.858156
0 167 28.76 28.20 0.977948 2021-06-24 15:49:23.904388 19 55 Cecile 103.836104
0 79 20.03 28.31 1.268046 2021-06-24 15:49:25.172434 19 56 Cecile 105.10415
2 70 18.93 27.34 0.482221 2021-06-24 15:49:25.654655 8 41 MattiaCosmicWatch 105.586371
0 174 29.79 28.31 0.885002 2021-06-24 15:49:26.539657 19 57 Cecile 106.471373
1 112 22.94 27.34 0.016698 2021-06-24 15:49:26.556355 15 31 Niels 106.488071
0 135 24.92 28.31 0.714976 2021-06-24 15:49:27.271331 20 58 Cecile 107.203047
0 51 15.86 28.20 0.033389 2021-06-24 15:49:27.304720 20 59 Cecile 107.236436
0 225 38.48 28.31 0.851102 2021-06-24 15:49:28.155822 20 60 Cecile 108.087538
2 125 24.00 27.34 0.365065 2021-06-24 15:49:28.520887 8 42 MattiaCosmicWatch 108.452603
0 79 20.03 28.31 2.292371 2021-06-24 15:49:30.813258 20 61 Cecile 110.744974
2 71 19.06 27.34 0.082987 2021-06-24 15:49:30.896245 8 43 MattiaCosmicWatch 110.827961
2 163 28.20 27.34 1.209729 2021-06-24 15:49:32.105974 9 44 MattiaCosmicWatch 112.03769
0 184 31.36 28.31 0.201667 2021-06-24 15:49:32.307641 21 62 Cecile 112.239357
2 112 22.94 27.34 0.644136 2021-06-24 15:49:32.951777 9 45 MattiaCosmicWatch 112.883493
2 211 35.96 27.34 0.300927 2021-06-24 15:49:33.252704 9 46 MattiaCosmicWatch 113.18442
1 124 23.92 27.34 2.684776 2021-06-24 15:49:35.937480 16 32 Niels 115.869196
2 216 36.85 27.34 0.073469 2021-06-24 15:49:36.010949 9 47 MattiaCosmicWatch 115.942665
2 99 21.91 27.34 0.749277 2021-06-24 15:49:36.760226 10 48 MattiaCosmicWatch 116.691942
2 444 109.09 27.34 1.979636 2021-06-24 15:49:38.739862 10 49 MattiaCosmicWatch 118.671578
1 67 18.51 27.34 1.823203 2021-06-24 15:49:40.563065 17 33 Niels 120.494781
1 124 23.92 27.34 1.03723 2021-06-24 15:49:41.600295 17 34 Niels 121.532011
0 66 18.36 28.31 0.015427 2021-06-24 15:49:41.615722 21 63 Cecile 121.547438
2 312 55.68 27.34 0.98462 2021-06-24 15:49:42.600342 10 50 MattiaCosmicWatch 122.532058
2 127 24.18 27.34 0.555935 2021-06-24 15:49:43.156277 10 51 MattiaCosmicWatch 123.087993
0 312 55.68 28.31 1.625873 2021-06-24 15:49:44.782150 22 64 Cecile 124.713866
0 51 15.86 28.31 1.859711 2021-06-24 15:49:46.641861 22 65 Cecile 126.573577
2 271 46.93 27.34 0.614908 2021-06-24 15:49:47.256769 10 52 MattiaCosmicWatch 127.188485
0 92 21.32 28.31 0.326519 2021-06-24 15:49:47.583288 22 66 Cecile 127.515004
1 227 38.83 27.34 0.167196 2021-06-24 15:49:47.750484 18 35 Niels 127.6822
0 99 21.91 28.31 0.379179 2021-06-24 15:49:48.129663 22 67 Cecile 128.061379
2 56 16.76 27.34 0.583005 2021-06-24 15:49:48.712668 10 53 MattiaCosmicWatch 128.644384
2 61 17.60 27.34 0.567188 2021-06-24 15:49:49.279856 10 54 MattiaCosmicWatch 129.211572
1 280 48.67 27.34 1.498638 2021-06-24 15:49:50.778494 18 36 Niels 130.71021
1 56 16.76 27.34 0.23492 2021-06-24 15:49:51.013414 18 37 Niels 130.94513
1 188 32.01 27.34 0.375329 2021-06-24 15:49:51.388743 18 38 Niels 131.320459
0 56 16.76 28.31 0.858868 2021-06-24 15:49:52.247611 22 68 Cecile 132.179327
0 79 20.03 28.31 0.108382 2021-06-24 15:49:52.355993 22 69 Cecile 132.287709
2 255 43.96 27.34 0.0666 2021-06-24 15:49:52.422593 10 55 MattiaCosmicWatch 132.354309
2 49 15.48 27.34 0.323705 2021-06-24 15:49:52.746298 11 56 MattiaCosmicWatch 132.678014
2 81 20.25 27.34 0.178977 2021-06-24 15:49:52.925275 11 57 MattiaCosmicWatch 132.856991
0 89 21.05 28.31 0.190365 2021-06-24 15:49:53.115640 23 70 Cecile 133.047356
0 115 23.18 28.31 0.105912 2021-06-24 15:49:53.221552 23 71 Cecile 133.153268
0 63 17.91 28.31 1.758162 2021-06-24 15:49:54.979714 23 72 Cecile 134.91143
0 113 23.02 28.20 1.826071 2021-06-24 15:49:56.805785 23 73 Cecile 136.737501
2 63 17.91 27.34 0.559423 2021-06-24 15:49:57.365208 11 58 MattiaCosmicWatch 137.296924
2 94 21.50 27.34 0.13674 2021-06-24 15:49:57.501948 11 59 MattiaCosmicWatch 137.433664
0 88 20.96 28.31 0.735371 2021-06-24 15:49:58.237319 23 74 Cecile 138.169035
0 63 17.91 28.31 1.728794 2021-06-24 15:49:59.966113 23 75 Cecile 139.897829
2 108 22.63 27.34 0.170266 2021-06-24 15:50:00.136379 11 60 MattiaCosmicWatch 140.068095
2 56 16.76 27.34 0.156628 2021-06-24 15:50:00.293007 11 61 MattiaCosmicWatch 140.224723
1 70 18.93 27.34 0.348936 2021-06-24 15:50:00.641943 18 39 Niels 140.573659
0 71 19.06 28.31 0.014487 2021-06-24 15:50:00.656430 23 76 Cecile 140.588146
2 149 26.42 27.34 1.428961 2021-06-24 15:50:02.085391 11 62 MattiaCosmicWatch 142.017107
1 185 31.51 27.13 0.067612 2021-06-24 15:50:02.153003 19 40 Niels 142.084719
0 127 24.18 28.31 0.254308 2021-06-24 15:50:02.407311 24 77 Cecile 142.339027
1 61 17.60 27.34 0.016604 2021-06-24 15:50:02.423915 20 41 Niels 142.355631
0 195 33.17 28.31 2.189615 2021-06-24 15:50:04.613530 25 78 Cecile 144.545246
0 63 17.91 28.31 0.484845 2021-06-24 15:50:05.098375 25 79 Cecile 145.030091
1 62 17.75 27.34 1.852032 2021-06-24 15:50:06.950407 21 42 Niels 146.882123
2 76 19.69 27.34 0.285543 2021-06-24 15:50:07.235950 12 63 MattiaCosmicWatch 147.167666
2 536 160.18 27.34 0.033427 2021-06-24 15:50:07.269377 12 64 MattiaCosmicWatch 147.201093
1 120 23.58 27.34 0.142185 2021-06-24 15:50:07.411562 21 43 Niels 147.343278
0 112 22.94 28.31 0.943586 2021-06-24 15:50:08.355148 25 80 Cecile 148.286864
0 280 48.67 28.31 0.033366 2021-06-24 15:50:08.388514 25 81 Cecile 148.32023
1 110 22.78 27.34 0.637789 2021-06-24 15:50:09.026303 21 44 Niels 148.958019
0 120 23.58 28.31 1.89203 2021-06-24 15:50:10.918333 25 82 Cecile 150.850049
0 56 16.76 28.31 0.484856 2021-06-24 15:50:11.403189 25 83 Cecile 151.334905
2 127 24.18 27.34 3.034644 2021-06-24 15:50:14.437833 12 65 MattiaCosmicWatch 154.369549
0 172 29.49 28.31 3.64614 2021-06-24 15:50:18.083973 25 84 Cecile 158.015689
2 79 20.03 27.34 0.694633 2021-06-24 15:50:18.778606 12 66 MattiaCosmicWatch 158.710322
1 71 19.06 27.34 0.455374 2021-06-24 15:50:19.233980 21 45 Niels 159.165696
0 66 18.36 28.31 1.561314 2021-06-24 15:50:20.795294 25 85 Cecile 160.72701
0 48 15.29 28.31 0.241111 2021-06-24 15:50:21.036405 25 86 Cecile 160.968121
2 69 18.79 27.34 0.015485 2021-06-24 15:50:21.051890 12 67 MattiaCosmicWatch 160.983606
1 263 45.37 27.34 0.659369 2021-06-24 15:50:21.711259 21 46 Niels 161.642975
0 62 17.75 28.31 1.16861 2021-06-24 15:50:22.879869 26 87 Cecile 162.811585
0 88 20.96 28.31 0.345692 2021-06-24 15:50:23.225561 26 88 Cecile 163.157277
1 96 21.67 27.34 0.015569 2021-06-24 15:50:23.241130 21 47 Niels 163.172846
0 67 18.51 28.31 1.550185 2021-06-24 15:50:24.791315 27 89 Cecile 164.723031
2 57 16.93 27.34 2.797477 2021-06-24 15:50:27.588792 13 68 MattiaCosmicWatch 167.520508
0 51 15.86 28.31 0.2881 2021-06-24 15:50:27.876892 27 90 Cecile 167.808608
0 188 32.01 28.31 0.233356 2021-06-24 15:50:28.110248 27 91 Cecile 168.041964
1 61 17.60 27.34 0.576111 2021-06-24 15:50:28.686359 22 48 Niels 168.618075
2 102 22.15 27.34 0.876405 2021-06-24 15:50:29.562764 13 69 MattiaCosmicWatch 169.49448
1 255 43.96 27.34 0.431308 2021-06-24 15:50:29.994072 22 49 Niels 169.925788
0 231 39.55 28.31 0.015654 2021-06-24 15:50:30.009726 27 92 Cecile 169.941442
0 159 27.66 28.31 0.930111 2021-06-24 15:50:30.939837 28 93 Cecile 170.871553
1 141 25.53 27.34 0.01659 2021-06-24 15:50:30.956427 23 50 Niels 170.888143
2 231 39.55 27.34 1.237314 2021-06-24 15:50:32.193741 13 70 MattiaCosmicWatch 172.125457
1 83 20.46 27.34 0.090966 2021-06-24 15:50:32.284707 24 51 Niels 172.216423
0 61 17.60 28.31 1.971315 2021-06-24 15:50:34.256022 29 94 Cecile 174.187738
1 512 144.44 27.34 0.304847 2021-06-24 15:50:34.560869 25 52 Niels 174.492585
0 83 20.46 28.31 5.190018 2021-06-24 15:50:39.750887 29 95 Cecile 179.682603
1 56 16.76 27.34 0.230646 2021-06-24 15:50:39.981533 25 53 Niels 179.913249
1 92 21.32 27.34 1.54196 2021-06-24 15:50:41.523493 25 54 Niels 181.455209
2 88 20.96 27.34 0.279683 2021-06-24 15:50:41.803176 14 71 MattiaCosmicWatch 181.734892
1 60 17.43 27.34 0.202603 2021-06-24 15:50:42.005779 25 55 Niels 181.937495
0 176 30.09 28.31 2.278576 2021-06-24 15:50:44.284355 29 96 Cecile 184.216071
2 316 56.81 27.34 0.077645 2021-06-24 15:50:44.362000 14 72 MattiaCosmicWatch 184.293716
2 263 45.37 27.34 0.244989 2021-06-24 15:50:44.606989 15 73 MattiaCosmicWatch 184.538705
0 224 38.29 28.31 0.462459 2021-06-24 15:50:45.069448 30 97 Cecile 185.001164
0 67 18.51 28.31 0.502137 2021-06-24 15:50:45.571585 30 98 Cecile 185.503301
1 57 16.93 27.34 0.086624 2021-06-24 15:50:45.658209 25 56 Niels 185.589925
2 255 43.96 27.34 0.01452 2021-06-24 15:50:45.672729 15 74 MattiaCosmicWatch 185.604445
1 188 32.01 27.34 0.919898 2021-06-24 15:50:46.592627 26 57 Niels 186.524343
2 172 29.49 27.34 0.20117 2021-06-24 15:50:46.793797 16 75 MattiaCosmicWatch 186.725513
0 167 28.76 28.31 2.496703 2021-06-24 15:50:49.290500 31 99 Cecile 189.222216
0 78 19.92 28.31 0.325945 2021-06-24 15:50:49.616445 31 100 Cecile 189.548161
2 78 19.92 27.34 1.437946 2021-06-24 15:50:51.054391 16 76 MattiaCosmicWatch 190.986107
0 167 28.76 28.31 0.344063 2021-06-24 15:50:51.398454 31 101 Cecile 191.33017
0 50 15.67 28.31 0.267991 2021-06-24 15:50:51.666445 31 102 Cecile 191.598161
2 66 18.36 27.34 0.17205 2021-06-24 15:50:51.838495 16 77 MattiaCosmicWatch 191.770211
1 93 21.41 27.34 0.216002 2021-06-24 15:50:52.054497 26 58 Niels 191.986213
2 56 16.76 27.34 1.619655 2021-06-24 15:50:53.674152 16 78 MattiaCosmicWatch 193.605868
0 291 50.97 28.31 1.067524 2021-06-24 15:50:54.741676 31 103 Cecile 194.673392
0 81 20.25 28.31 3.233823 2021-06-24 15:50:57.975499 31 104 Cecile 197.907215
2 112 22.94 27.34 0.086318 2021-06-24 15:50:58.061817 16 79 MattiaCosmicWatch 197.993533
0 62 17.75 28.31 0.076867 2021-06-24 15:50:58.138684 32 105 Cecile 198.0704
0 112 22.94 28.31 1.85464 2021-06-24 15:50:59.993324 32 106 Cecile 199.92504
1 255 43.96 27.34 0.250524 2021-06-24 15:51:00.243848 26 59 Niels 200.175564
0 207 35.26 28.31 2.718439 2021-06-24 15:51:02.962287 32 107 Cecile 202.894003
1 66 18.36 27.34 0.410805 2021-06-24 15:51:03.373092 26 60 Niels 203.304808
2 85 20.67 27.34 0.434988 2021-06-24 15:51:03.808080 17 80 MattiaCosmicWatch 203.739796
0 92 21.32 28.31 0.384096 2021-06-24 15:51:04.192176 32 108 Cecile 204.123892
0 83 20.46 28.31 0.728858 2021-06-24 15:51:04.921034 32 109 Cecile 204.85275
2 319 57.64 27.34 0.211305 2021-06-24 15:51:05.132339 17 81 MattiaCosmicWatch 205.064055
2 70 18.93 27.34 0.793238 2021-06-24 15:51:05.925577 17 82 MattiaCosmicWatch 205.857293
1 79 20.03 27.34 2.020446 2021-06-24 15:51:07.946023 26 61 Niels 207.877739
1 57 16.93 27.34 0.377149 2021-06-24 15:51:08.323172 26 62 Niels 208.254888
1 56 16.76 27.34 0.67032 2021-06-24 15:51:08.993492 26 63 Niels 208.925208
1 152 26.78 27.34 1.905234 2021-06-24 15:51:10.898726 26 64 Niels 210.830442
1 159 27.66 27.34 0.240952 2021-06-24 15:51:11.139678 26 65 Niels 211.071394
0 230 39.39 28.31 0.015619 2021-06-24 15:51:11.155297 32 110 Cecile 211.087013
0 99 21.91 28.31 0.270241 2021-06-24 15:51:11.425538 33 111 Cecile 211.357254
1 355 68.30 27.34 1.572469 2021-06-24 15:51:12.998007 27 66 Niels 212.929723
0 159 27.66 28.31 1.665481 2021-06-24 15:51:14.663488 33 112 Cecile 214.595204
0 192 32.67 28.31 0.355902 2021-06-24 15:51:15.019390 33 113 Cecile 214.951106
1 332 61.17 27.34 0.146895 2021-06-24 15:51:15.166285 27 67 Niels 215.098001
2 481 129.57 27.34 0.019411 2021-06-24 15:51:15.185696 17 83 MattiaCosmicWatch 215.117412
0 51 15.86 28.31 2.103268 2021-06-24 15:51:17.288964 33 114 Cecile 217.22068
1 85 20.67 27.34 1.239018 2021-06-24 15:51:18.527982 28 68 Niels 218.459698
2 181 30.87 27.34 1.91776 2021-06-24 15:51:20.445742 18 84 MattiaCosmicWatch 220.377458
0 82 20.36 28.31 0.556737 2021-06-24 15:51:21.002479 33 115 Cecile 220.934195
0 63 17.91 28.31 0.553472 2021-06-24 15:51:21.555951 33 116 Cecile 221.487667
0 312 55.68 28.31 0.634148 2021-06-24 15:51:22.190099 33 117 Cecile 222.121815
2 79 20.03 27.34 0.270144 2021-06-24 15:51:22.460243 18 85 MattiaCosmicWatch 222.391959
0 147 26.19 28.31 0.134465 2021-06-24 15:51:22.594708 33 118 Cecile 222.526424
0 57 16.93 28.31 0.840617 2021-06-24 15:51:23.435325 33 119 Cecile 223.367041
0 88 20.96 28.31 0.158576 2021-06-24 15:51:23.593901 33 120 Cecile 223.525617
1 158 27.53 27.34 1.440146 2021-06-24 15:51:25.034047 28 69 Niels 224.965763
0 158 27.53 28.31 3.833778 2021-06-24 15:51:28.867825 33 121 Cecile 228.799541
1 198 33.69 27.34 0.017788 2021-06-24 15:51:28.885613 28 70 Niels 228.817329
1 152 26.78 27.34 1.248541 2021-06-24 15:51:30.134154 29 71 Niels 230.06587
0 57 16.93 28.31 1.843563 2021-06-24 15:51:31.977717 34 122 Cecile 231.909433
2 110 22.78 27.34 1.391438 2021-06-24 15:51:33.369155 18 86 MattiaCosmicWatch 233.300871
0 113 23.02 28.31 0.704509 2021-06-24 15:51:34.073664 34 123 Cecile 234.00538
1 71 19.06 27.34 0.230874 2021-06-24 15:51:34.304538 29 72 Niels 234.236254
0 67 18.51 28.31 0.014435 2021-06-24 15:51:34.318973 34 124 Cecile 234.250689
0 304 53.73 28.31 1.21471 2021-06-24 15:51:35.533683 35 125 Cecile 235.465399
1 127 24.18 27.34 0.017794 2021-06-24 15:51:35.551477 30 73 Niels 235.483193
1 248 42.69 27.34 0.144204 2021-06-24 15:51:35.695681 31 74 Niels 235.627397
0 147 26.19 28.31 0.350127 2021-06-24 15:51:36.045808 36 126 Cecile 235.977524
2 448 112.41 27.34 0.540957 2021-06-24 15:51:36.586765 18 87 MattiaCosmicWatch 236.518481
0 51 15.86 28.31 0.311266 2021-06-24 15:51:36.898031 36 127 Cecile 236.829747
2 261 45.09 27.34 1.218206 2021-06-24 15:51:38.116237 18 88 MattiaCosmicWatch 238.047953
0 94 21.50 28.31 0.028041 2021-06-24 15:51:38.144278 36 128 Cecile 238.075994
0 152 26.78 28.31 2.184214 2021-06-24 15:51:40.328492 37 129 Cecile 240.260208
1 403 88.99 27.34 0.017658 2021-06-24 15:51:40.346150 31 75 Niels 240.277866
2 149 26.42 27.34 0.000152 2021-06-24 15:51:40.346302 19 89 MattiaCosmicWatch 240.278018
1 255 43.96 27.34 0.98317 2021-06-24 15:51:41.329472 32 76 Niels 241.261188
2 71 19.06 27.34 0.926016 2021-06-24 15:51:42.255488 20 90 MattiaCosmicWatch 242.187204
0 63 17.91 28.31 0.821727 2021-06-24 15:51:43.077215 38 130 Cecile 243.008931
2 199 33.86 27.34 0.691141 2021-06-24 15:51:43.768356 20 91 MattiaCosmicWatch 243.700072
0 231 39.55 28.31 0.028114 2021-06-24 15:51:43.796470 38 131 Cecile 243.728186
0 211 35.96 28.31 0.514697 2021-06-24 15:51:44.311167 39 132 Cecile 244.242883
0 67 18.51 28.31 0.083693 2021-06-24 15:51:44.394860 39 133 Cecile 244.326576
1 79 20.03 27.13 0.137972 2021-06-24 15:51:44.532832 32 77 Niels 244.464548
0 94 21.50 28.31 0.089013 2021-06-24 15:51:44.621845 39 134 Cecile 244.553561
1 57 16.93 27.34 0.016671 2021-06-24 15:51:44.638516 33 78 Niels 244.570232
1 153 26.90 27.34 0.927401 2021-06-24 15:51:45.565917 33 79 Niels 245.497633
0 76 19.69 28.31 1.10302 2021-06-24 15:51:46.668937 40 135 Cecile 246.600653
1 98 21.83 27.34 2.315618 2021-06-24 15:51:48.984555 33 80 Niels 248.916271
1 103 22.23 27.34 1.161544 2021-06-24 15:51:50.146099 33 81 Niels 250.077815
0 163 28.20 28.31 0.01555 2021-06-24 15:51:50.161649 40 136 Cecile 250.093365
0 76 19.69 28.31 0.520603 2021-06-24 15:51:50.682252 41 137 Cecile 250.613968
1 67 18.51 27.34 0.016716 2021-06-24 15:51:50.698968 34 82 Niels 250.630684
0 211 35.96 28.31 0.587778 2021-06-24 15:51:51.286746 42 138 Cecile 251.218462
0 57 16.93 28.31 0.349676 2021-06-24 15:51:51.636422 42 139 Cecile 251.568138
2 153 26.90 27.34 1.663577 2021-06-24 15:51:53.299999 21 92 MattiaCosmicWatch 253.231715
1 77 19.81 27.34 0.377228 2021-06-24 15:51:53.677227 35 83 Niels 253.608943
0 192 32.67 28.31 0.088329 2021-06-24 15:51:53.765556 42 140 Cecile 253.697272
0 140 25.42 28.31 0.235089 2021-06-24 15:51:54.000645 43 141 Cecile 253.932361
0 193 32.84 28.31 1.051408 2021-06-24 15:51:55.052053 43 142 Cecile 254.983769
1 143 25.74 27.34 0.017614 2021-06-24 15:51:55.069667 36 84 Niels 255.001383
1 69 18.79 27.34 0.038195 2021-06-24 15:51:55.107862 37 85 Niels 255.039578
0 101 22.08 28.31 0.825841 2021-06-24 15:51:55.933703 44 143 Cecile 255.865419
0 108 22.63 28.31 2.120693 2021-06-24 15:51:58.054396 44 144 Cecile 257.986112
2 312 55.68 27.34 0.834521 2021-06-24 15:51:58.888917 21 93 MattiaCosmicWatch 258.820633
1 51 15.86 27.34 2.255364 2021-06-24 15:52:01.144281 37 86 Niels 261.075997
1 248 42.69 27.34 1.227387 2021-06-24 15:52:02.371668 37 87 Niels 262.303384
0 112 22.94 28.31 0.017418 2021-06-24 15:52:02.389086 44 145 Cecile 262.320802
0 327 59.28 28.31 0.671112 2021-06-24 15:52:03.060198 45 146 Cecile 262.991914
2 192 32.67 27.34 1.960249 2021-06-24 15:52:05.020447 21 94 MattiaCosmicWatch 264.952163
0 63 17.91 28.31 0.804152 2021-06-24 15:52:05.824599 45 147 Cecile 265.756315
2 79 20.03 27.34 5.224639 2021-06-24 15:52:11.049238 21 95 MattiaCosmicWatch 270.980954
2 66 18.36 27.34 3.861874 2021-06-24 15:52:14.911112 21 96 MattiaCosmicWatch 274.842828
1 56 16.76 27.34 0.213621 2021-06-24 15:52:15.124733 38 88 Niels 275.056449
0 199 33.86 28.31 0.014635 2021-06-24 15:52:15.139368 45 148 Cecile 275.071084
1 71 19.06 27.34 0.088413 2021-06-24 15:52:15.227781 39 89 Niels 275.159497
0 142 25.64 28.31 4.36168 2021-06-24 15:52:19.589461 46 149 Cecile 279.521177
1 178 30.40 27.34 0.455993 2021-06-24 15:52:20.045454 39 90 Niels 279.97717
0 304 53.73 28.31 0.015681 2021-06-24 15:52:20.061135 46 150 Cecile 279.992851
0 79 20.03 28.31 3.143923 2021-06-24 15:52:23.205058 47 151 Cecile 283.136774
0 51 15.86 28.31 1.500449 2021-06-24 15:52:24.705507 47 152 Cecile 284.637223
1 63 17.91 27.34 0.016549 2021-06-24 15:52:24.722056 40 91 Niels 284.653772
0 140 25.42 28.31 0.598838 2021-06-24 15:52:25.320894 48 153 Cecile 285.25261
2 113 23.02 27.34 0.153335 2021-06-24 15:52:25.474229 21 97 MattiaCosmicWatch 285.405945
0 51 15.86 28.31 0.776504 2021-06-24 15:52:26.250733 48 154 Cecile 286.182449
1 57 16.93 27.34 0.016825 2021-06-24 15:52:26.267558 41 92 Niels 286.199274
0 204 34.73 28.31 0.725835 2021-06-24 15:52:26.993393 49 155 Cecile 286.925109
1 96 21.67 27.34 0.300493 2021-06-24 15:52:27.293886 42 93 Niels 287.225602
2 60 17.43 27.34 0.179722 2021-06-24 15:52:27.473608 21 98 MattiaCosmicWatch 287.405324
1 56 16.76 27.34 1.34537 2021-06-24 15:52:28.818978 42 94 Niels 288.750694
1 88 20.96 27.34 0.138073 2021-06-24 15:52:28.957051 42 95 Niels 288.888767
0 71 19.06 28.31 0.448913 2021-06-24 15:52:29.405964 49 156 Cecile 289.33768
2 78 19.92 27.34 0.128881 2021-06-24 15:52:29.534845 21 99 MattiaCosmicWatch 289.466561
1 240 41.21 27.34 1.034107 2021-06-24 15:52:30.568952 42 96 Niels 290.500668
0 60 17.43 28.31 0.188896 2021-06-24 15:52:30.757848 49 157 Cecile 290.689564
2 71 19.06 27.34 0.585911 2021-06-24 15:52:31.343759 21 100 MattiaCosmicWatch 291.275475
0 56 16.76 28.31 0.166712 2021-06-24 15:52:31.510471 49 158 Cecile 291.442187
0 184 31.36 28.31 1.237649 2021-06-24 15:52:32.748120 49 159 Cecile 292.679836
1 352 66.89 27.13 0.442783 2021-06-24 15:52:33.190903 42 97 Niels 293.122619
0 108 22.63 28.31 0.099685 2021-06-24 15:52:33.290588 49 160 Cecile 293.222304
1 97 21.75 27.34 3.704404 2021-06-24 15:52:36.994992 43 98 Niels 296.926708
0 167 28.76 28.31 0.014607 2021-06-24 15:52:37.009599 50 161 Cecile 296.941315
1 67 18.51 27.34 1.929293 2021-06-24 15:52:38.938892 44 99 Niels 298.870608
1 67 18.51 27.34 0.356703 2021-06-24 15:52:39.295595 44 100 Niels 299.227311
0 177 30.25 28.31 2.086145 2021-06-24 15:52:41.381740 51 162 Cecile 301.313456
1 83 20.46 27.34 0.0929 2021-06-24 15:52:41.474640 44 101 Niels 301.406356
1 99 21.91 27.34 1.468158 2021-06-24 15:52:42.942798 45 102 Niels 302.874514
2 63 17.91 27.34 0.757985 2021-06-24 15:52:43.700783 21 101 MattiaCosmicWatch 303.632499
0 193 32.84 28.31 2.572391 2021-06-24 15:52:46.273174 52 163 Cecile 306.20489
2 89 21.05 27.34 0.024356 2021-06-24 15:52:46.297530 21 102 MattiaCosmicWatch 306.229246
0 302 53.30 28.31 0.874216 2021-06-24 15:52:47.171746 53 164 Cecile 307.103462
0 63 17.91 28.31 0.562828 2021-06-24 15:52:47.734574 53 165 Cecile 307.66629
2 487 132.65 27.34 0.875338 2021-06-24 15:52:48.609912 22 103 MattiaCosmicWatch 308.541628
2 60 17.43 27.34 0.498184 2021-06-24 15:52:49.108096 22 104 MattiaCosmicWatch 309.039812
2 403 88.99 27.34 1.149862 2021-06-24 15:52:50.257958 22 105 MattiaCosmicWatch 310.189674
0 92 21.32 28.31 0.24636 2021-06-24 15:52:50.504318 53 166 Cecile 310.436034
1 176 30.09 27.34 0.687426 2021-06-24 15:52:51.191744 45 103 Niels 311.12346
1 96 21.67 27.34 2.93005 2021-06-24 15:52:54.121794 45 104 Niels 314.05351
0 71 19.06 28.31 1.537842 2021-06-24 15:52:55.659636 53 167 Cecile 315.591352
0 88 20.96 28.31 0.503091 2021-06-24 15:52:56.162727 53 168 Cecile 316.094443
2 56 16.76 27.34 0.682182 2021-06-24 15:52:56.844909 22 106 MattiaCosmicWatch 316.776625
0 50 15.67 28.31 0.872547 2021-06-24 15:52:57.717456 53 169 Cecile 317.649172
1 57 16.93 27.34 1.345154 2021-06-24 15:52:59.062610 45 105 Niels 318.994326
1 188 32.01 27.34 0.962122 2021-06-24 15:53:00.024732 45 106 Niels 319.956448
1 51 15.86 27.34 4.923074 2021-06-24 15:53:04.947806 45 107 Niels 324.879522
0 327 59.28 28.31 0.984613 2021-06-24 15:53:05.932419 53 170 Cecile 325.864135
2 71 19.06 27.34 1.102966 2021-06-24 15:53:07.035385 22 107 MattiaCosmicWatch 326.967101
1 82 20.36 27.34 1.95122 2021-06-24 15:53:08.986605 45 108 Niels 328.918321
2 501 142.90 27.34 0.472288 2021-06-24 15:53:09.458893 22 108 MattiaCosmicWatch 329.390609
0 88 20.96 28.31 0.455347 2021-06-24 15:53:09.914240 53 171 Cecile 329.845956
1 103 22.23 27.34 0.286802 2021-06-24 15:53:10.201042 45 109 Niels 330.132758
0 79 20.03 28.31 0.125997 2021-06-24 15:53:10.327039 53 172 Cecile 330.258755
2 112 22.94 27.34 0.629804 2021-06-24 15:53:10.956843 22 109 MattiaCosmicWatch 330.888559
0 145 25.96 28.31 0.628756 2021-06-24 15:53:11.585599 53 173 Cecile 331.517315
1 51 15.86 27.34 1.315338 2021-06-24 15:53:12.900937 45 110 Niels 332.832653
0 240 41.21 28.31 0.514243 2021-06-24 15:53:13.415180 53 174 Cecile 333.346896
0 56 16.76 28.31 0.033501 2021-06-24 15:53:13.448681 53 175 Cecile 333.380397
0 302 53.30 28.31 1.626273 2021-06-24 15:53:15.074954 53 176 Cecile 335.00667
0 273 47.25 28.31 0.342894 2021-06-24 15:53:15.417848 53 177 Cecile 335.349564
0 114 23.10 28.31 1.499475 2021-06-24 15:53:16.917323 53 178 Cecile 336.849039
2 89 21.05 27.34 0.488945 2021-06-24 15:53:17.406268 22 110 MattiaCosmicWatch 337.337984
0 79 20.03 28.31 0.825056 2021-06-24 15:53:18.231324 53 179 Cecile 338.16304
0 67 18.51 28.31 0.104542 2021-06-24 15:53:18.335866 53 180 Cecile 338.267582
2 70 18.93 27.34 0.749486 2021-06-24 15:53:19.085352 22 111 MattiaCosmicWatch 339.017068
2 57 16.93 27.34 0.729745 2021-06-24 15:53:19.815097 22 112 MattiaCosmicWatch 339.746813
2 76 19.69 27.34 0.657016 2021-06-24 15:53:20.472113 22 113 MattiaCosmicWatch 340.403829
0 227 38.83 28.31 1.750199 2021-06-24 15:53:22.222312 53 181 Cecile 342.154028
2 51 15.86 27.34 0.06878 2021-06-24 15:53:22.291092 22 114 MattiaCosmicWatch 342.222808
1 71 19.06 27.34 0.087852 2021-06-24 15:53:22.378944 45 111 Niels 342.31066
2 61 17.60 27.34 0.015644 2021-06-24 15:53:22.394588 23 115 MattiaCosmicWatch 342.326304
0 63 17.91 28.31 0.012466 2021-06-24 15:53:22.407054 54 182 Cecile 342.33877
0 96 21.67 28.31 1.723618 2021-06-24 15:53:24.130672 54 183 Cecile 344.062388
1 231 39.55 27.34 0.336216 2021-06-24 15:53:24.466888 46 112 Niels 344.398604
2 76 19.69 27.34 0.340219 2021-06-24 15:53:24.807107 23 116 MattiaCosmicWatch 344.738823
0 231 39.55 28.31 0.810756 2021-06-24 15:53:25.617863 54 184 Cecile 345.549579
0 79 20.03 28.31 0.988814 2021-06-24 15:53:26.606677 54 185 Cecile 346.538393
0 79 20.03 28.31 0.529184 2021-06-24 15:53:27.135861 54 186 Cecile 347.067577
1 83 20.46 27.34 0.048256 2021-06-24 15:53:27.184117 46 113 Niels 347.115833
0 188 32.01 28.31 0.139606 2021-06-24 15:53:27.323723 55 187 Cecile 347.255439
2 199 33.86 27.34 3.172151 2021-06-24 15:53:30.495874 23 117 MattiaCosmicWatch 350.42759
0 348 65.64 28.31 0.430456 2021-06-24 15:53:30.926330 55 188 Cecile 350.858046
1 60 17.43 27.34 1.48977 2021-06-24 15:53:32.416100 47 114 Niels 352.347816
0 88 20.96 28.31 1.247592 2021-06-24 15:53:33.663692 55 189 Cecile 353.595408
1 432 101.61 27.34 1.651388 2021-06-24 15:53:35.315080 47 115 Niels 355.246796
1 249 42.85 27.34 0.541365 2021-06-24 15:53:35.856445 47 116 Niels 355.788161
0 121 23.66 28.31 0.380276 2021-06-24 15:53:36.236721 55 190 Cecile 356.168437
0 56 16.76 28.31 0.294141 2021-06-24 15:53:36.530862 55 191 Cecile 356.462578
1 224 38.29 27.34 1.240305 2021-06-24 15:53:37.771167 47 117 Niels 357.702883
0 112 22.94 28.31 1.993651 2021-06-24 15:53:39.764818 55 192 Cecile 359.696534
2 371 73.82 27.34 2.384274 2021-06-24 15:53:42.149092 23 118 MattiaCosmicWatch 362.080808
1 88 20.96 27.34 0.594412 2021-06-24 15:53:42.743504 47 118 Niels 362.67522
0 120 23.58 28.31 0.015618 2021-06-24 15:53:42.759122 55 193 Cecile 362.690838
0 216 36.85 28.31 0.216676 2021-06-24 15:53:42.975798 56 194 Cecile 362.907514
2 284 49.41 27.34 0.039892 2021-06-24 15:53:43.015690 23 119 MattiaCosmicWatch 362.947406
2 540 166.11 27.34 0.6834 2021-06-24 15:53:43.699090 24 120 MattiaCosmicWatch 363.630806
2 97 21.75 27.34 0.074412 2021-06-24 15:53:43.773502 24 121 MattiaCosmicWatch 363.705218
1 152 26.78 27.34 0.20901 2021-06-24 15:53:43.982512 48 119 Niels 363.914228
0 112 22.94 28.31 0.168787 2021-06-24 15:53:44.151299 57 195 Cecile 364.083015
2 117 23.34 27.34 2.063706 2021-06-24 15:53:46.215005 24 122 MattiaCosmicWatch 366.146721
1 359 69.86 27.34 1.449834 2021-06-24 15:53:47.664839 48 120 Niels 367.596555
2 540 166.11 27.34 0.11752 2021-06-24 15:53:47.782359 24 123 MattiaCosmicWatch 367.714075
1 102 22.15 27.34 0.149194 2021-06-24 15:53:47.931553 48 121 Niels 367.863269
0 184 31.36 28.31 1.492409 2021-06-24 15:53:49.423962 57 196 Cecile 369.355678
1 172 29.49 27.34 1.425645 2021-06-24 15:53:50.849607 48 122 Niels 370.781323
2 152 26.78 27.34 1.464704 2021-06-24 15:53:52.314311 24 124 MattiaCosmicWatch 372.246027
0 97 21.75 28.31 0.875141 2021-06-24 15:53:53.189452 57 197 Cecile 373.121168
0 391 82.35 28.31 3.986811 2021-06-24 15:53:57.176263 57 198 Cecile 377.107979
1 79 20.03 27.34 2.300132 2021-06-24 15:53:59.476395 48 123 Niels 379.408111
0 112 22.94 28.31 0.300824 2021-06-24 15:53:59.777219 57 199 Cecile 379.708935
2 112 22.94 27.34 0.920879 2021-06-24 15:54:00.698098 24 125 MattiaCosmicWatch 380.629814
0 147 26.19 28.31 0.029266 2021-06-24 15:54:00.727364 57 200 Cecile 380.65908
1 249 42.85 27.34 0.000193 2021-06-24 15:54:00.727557 48 124 Niels 380.659273
1 262 45.24 27.34 0.818507 2021-06-24 15:54:01.546064 49 125 Niels 381.47778
0 92 21.32 28.31 1.275173 2021-06-24 15:54:02.821237 58 201 Cecile 382.752953
1 142 25.64 27.34 0.017709 2021-06-24 15:54:02.838946 49 126 Niels 382.770662
0 57 16.93 28.31 4.328354 2021-06-24 15:54:07.167300 59 202 Cecile 387.099016
1 167 28.76 27.34 0.622005 2021-06-24 15:54:07.789305 50 127 Niels 387.721021
1 192 32.67 27.34 2.772746 2021-06-24 15:54:10.562051 50 128 Niels 390.493767
1 240 41.21 27.34 1.356793 2021-06-24 15:54:11.918844 50 129 Niels 391.85056
2 89 21.05 27.34 0.331874 2021-06-24 15:54:12.250718 25 126 MattiaCosmicWatch 392.182434
0 112 22.94 28.31 0.325835 2021-06-24 15:54:12.576553 59 203 Cecile 392.508269
1 184 31.36 27.34 0.357537 2021-06-24 15:54:12.934090 50 130 Niels 392.865806
1 377 76.28 27.34 1.035598 2021-06-24 15:54:13.969688 50 131 Niels 393.901404
2 69 18.79 27.34 2.183001 2021-06-24 15:54:16.152689 25 127 MattiaCosmicWatch 396.084405
0 103 22.23 28.31 0.875642 2021-06-24 15:54:17.028331 59 204 Cecile 396.960047
2 71 19.06 27.34 0.05114 2021-06-24 15:54:17.079471 25 128 MattiaCosmicWatch 397.011187
2 66 18.36 27.34 0.167368 2021-06-24 15:54:17.246839 26 129 MattiaCosmicWatch 397.178555
0 167 28.76 28.31 1.878958 2021-06-24 15:54:19.125797 60 205 Cecile 399.057513
0 51 15.86 28.31 0.646418 2021-06-24 15:54:19.772215 60 206 Cecile 399.703931
2 63 17.91 27.34 1.391537 2021-06-24 15:54:21.163752 26 130 MattiaCosmicWatch 401.095468
1 206 35.07 27.34 0.05385 2021-06-24 15:54:21.217602 50 132 Niels 401.149318
1 60 17.43 27.34 0.254004 2021-06-24 15:54:21.471606 51 133 Niels 401.403322
1 204 34.73 27.34 0.376672 2021-06-24 15:54:21.848278 51 134 Niels 401.779994
0 96 21.67 28.31 0.085187 2021-06-24 15:54:21.933465 60 207 Cecile 401.865181
0 89 21.05 28.31 0.305046 2021-06-24 15:54:22.238511 61 208 Cecile 402.170227
0 50 15.67 28.31 1.106475 2021-06-24 15:54:23.344986 61 209 Cecile 403.276702
0 48 15.29 28.31 1.520856 2021-06-24 15:54:24.865842 61 210 Cecile 404.797558
0 319 57.64 28.31 0.699047 2021-06-24 15:54:25.564889 61 211 Cecile 405.496605
0 339 62.98 28.31 1.2977 2021-06-24 15:54:26.862589 61 212 Cecile 406.794305
0 99 21.91 28.31 0.991005 2021-06-24 15:54:27.853594 61 213 Cecile 407.78531
1 88 20.96 27.34 1.084287 2021-06-24 15:54:28.937881 52 135 Niels 408.869597
2 131 24.54 27.34 3.170653 2021-06-24 15:54:32.108534 27 131 MattiaCosmicWatch 412.04025
1 67 18.51 27.34 2.888304 2021-06-24 15:54:34.996838 52 136 Niels 414.928554
1 60 17.43 27.34 0.39125 2021-06-24 15:54:35.388088 52 137 Niels 415.319804
0 56 16.76 28.31 1.075221 2021-06-24 15:54:36.463309 61 214 Cecile 416.395025
1 249 42.85 27.34 0.017748 2021-06-24 15:54:36.481057 52 138 Niels 416.412773
1 199 33.86 27.34 1.300253 2021-06-24 15:54:37.781310 53 139 Niels 417.713026
0 73 19.32 28.31 0.01669 2021-06-24 15:54:37.798000 62 215 Cecile 417.729716
0 103 22.23 28.31 3.665679 2021-06-24 15:54:41.463679 63 216 Cecile 421.395395
1 263 45.37 27.34 0.018651 2021-06-24 15:54:41.482330 54 140 Niels 421.414046
0 78 19.92 28.31 0.648222 2021-06-24 15:54:42.130552 64 217 Cecile 422.062268
2 48 15.29 27.34 5.556904 2021-06-24 15:54:47.687456 27 132 MattiaCosmicWatch 427.619172
