# layer adc volt temp timediff time detector_muon_count detector_count detector_name
2 71 19.06 24.44 10 2021-06-23 13:57:30.157022 0 1 Noor 0.78962
2 359 69.86 25.84 0.142938 2021-06-23 13:57:30.299960 0 1 Carlo 0.932558
2 51 15.86 24.44 0.158248 2021-06-23 13:57:30.458208 0 2 Noor 1.090806
2 167 28.76 25.84 1.690629 2021-06-23 13:57:32.148837 0 2 Carlo 2.781435
2 96 21.67 24.44 0.262604 2021-06-23 13:57:32.411441 0 3 Noor 3.044039
2 231 39.55 26.05 0.40692 2021-06-23 13:57:32.818361 0 3 Carlo 3.450959
2 71 19.06 24.98 0.011721 2021-06-23 13:57:32.830082 0 4 Noor 3.46268
2 140 25.42 24.98 0.78944 2021-06-23 13:57:33.619522 0 4 Carlo 4.25212
2 227 38.83 26.05 0.774309 2021-06-23 13:57:34.393831 0 5 Carlo 5.026429
2 99 21.91 26.05 0.981024 2021-06-23 13:57:35.374855 0 6 Carlo 6.007453
2 113 23.02 26.05 1.561505 2021-06-23 13:57:36.936360 0 7 Carlo 7.568958
2 92 21.32 24.44 0.065157 2021-06-23 13:57:37.001517 0 5 Noor 7.634115
2 195 33.17 26.05 0.95303 2021-06-23 13:57:37.954547 0 8 Carlo 8.587145
2 51 15.86 24.44 0.048792 2021-06-23 13:57:38.003339 0 6 Noor 8.635937
2 159 27.66 24.44 0.791409 2021-06-23 13:57:38.794748 0 7 Noor 9.427346
2 69 18.79 25.95 0.012723 2021-06-23 13:57:38.807471 0 9 Carlo 9.440069
2 89 21.05 24.66 0.599707 2021-06-23 13:57:39.407178 0 8 Noor 10.039776
2 207 35.26 26.05 2.608424 2021-06-23 13:57:42.015602 0 10 Carlo 12.6482
2 56 16.76 25.84 0.7376 2021-06-23 13:57:42.753202 0 11 Carlo 13.3858
2 57 16.93 26.05 0.185262 2021-06-23 13:57:42.938464 0 12 Carlo 13.571062
2 67 18.51 26.05 0.271765 2021-06-23 13:57:43.210229 0 13 Carlo 13.842827
2 165 28.48 26.05 0.272545 2021-06-23 13:57:43.482774 0 14 Carlo 14.115372
2 199 33.86 24.66 0.635612 2021-06-23 13:57:44.118386 0 9 Noor 14.750984
2 229 39.22 26.05 0.744741 2021-06-23 13:57:44.863127 0 15 Carlo 15.495725
2 193 32.84 24.44 0.349127 2021-06-23 13:57:45.212254 0 10 Noor 15.844852
2 71 19.06 24.87 0.693272 2021-06-23 13:57:45.905526 0 11 Noor 16.538124
2 71 19.06 26.05 0.178623 2021-06-23 13:57:46.084149 0 16 Carlo 16.716747
2 103 22.23 25.73 0.307102 2021-06-23 13:57:46.391251 0 17 Carlo 17.023849
2 97 21.75 26.05 0.172186 2021-06-23 13:57:46.563437 0 18 Carlo 17.196035
2 287 50.23 26.05 0.665056 2021-06-23 13:57:47.228493 0 19 Carlo 17.861091
2 70 18.93 24.44 0.014922 2021-06-23 13:57:47.243415 0 12 Noor 17.876013
2 71 19.06 26.05 0.153603 2021-06-23 13:57:47.397018 0 20 Carlo 18.029616
2 48 15.29 26.05 0.765913 2021-06-23 13:57:48.162931 0 21 Carlo 18.795529
2 63 17.91 24.66 0.963328 2021-06-23 13:57:49.126259 0 13 Noor 19.758857
2 352 66.89 26.05 3.214629 2021-06-23 13:57:52.340888 0 22 Carlo 22.973486
2 63 17.91 24.44 1.656866 2021-06-23 13:57:53.997754 0 14 Noor 24.630352
2 88 20.96 25.95 0.20355 2021-06-23 13:57:54.201304 0 23 Carlo 24.833902
2 51 15.86 24.66 0.346082 2021-06-23 13:57:54.547386 0 15 Noor 25.179984
2 97 21.75 26.05 2.032138 2021-06-23 13:57:56.579524 0 24 Carlo 27.212122
2 243 41.74 26.05 0.639382 2021-06-23 13:57:57.218906 0 25 Carlo 27.851504
2 103 22.23 26.05 4.629145 2021-06-23 13:58:01.848051 0 26 Carlo 32.480649
