# layer adc volt temp timediff time detector_muon_count detector_count detector_name
2 350 66.46 26.48 10 2021-06-18 11:46:55.199748 0 1 CarloCosmicWatch 0.127077
2 56 16.76 26.48 6.358223 2021-06-18 11:47:01.557971 0 2 CarloCosmicWatch 6.4853
2 79 20.03 26.70 0.574859 2021-06-18 11:47:02.132830 0 3 CarloCosmicWatch 7.060159
2 67 18.51 26.70 0.655404 2021-06-18 11:47:02.788234 0 4 CarloCosmicWatch 7.715563
2 103 22.23 26.48 1.955539 2021-06-18 11:47:04.743773 0 5 CarloCosmicWatch 9.671102
2 297 52.13 26.70 0.532745 2021-06-18 11:47:05.276518 0 6 CarloCosmicWatch 10.203847
2 63 17.91 26.38 0.185945 2021-06-18 11:47:05.462463 0 7 CarloCosmicWatch 10.389792
2 71 19.06 26.27 3.628485 2021-06-18 11:47:09.090948 0 8 CarloCosmicWatch 14.018277
2 94 21.50 26.27 2.317516 2021-06-18 11:47:11.408464 0 9 CarloCosmicWatch 16.335793
2 172 29.49 26.48 0.131489 2021-06-18 11:47:11.539953 0 10 CarloCosmicWatch 16.467282
2 89 21.05 26.48 1.857278 2021-06-18 11:47:13.397231 0 11 CarloCosmicWatch 18.32456
2 240 41.21 26.70 0.122065 2021-06-18 11:47:13.519296 0 12 CarloCosmicWatch 18.446625
2 48 15.29 26.70 0.41493 2021-06-18 11:47:13.934226 0 13 CarloCosmicWatch 18.861555
2 76 19.69 26.48 0.944231 2021-06-18 11:47:14.878457 0 14 CarloCosmicWatch 19.805786
2 89 21.05 26.70 0.668534 2021-06-18 11:47:15.546991 0 15 CarloCosmicWatch 20.47432
2 62 17.75 26.59 5.337651 2021-06-18 11:47:20.884642 0 16 CarloCosmicWatch 25.811971
2 79 20.03 26.05 0.39058 2021-06-18 11:47:21.275222 0 17 CarloCosmicWatch 26.202551
2 63 17.91 26.48 1.429018 2021-06-18 11:47:22.704240 0 18 CarloCosmicWatch 27.631569
2 83 20.46 26.48 1.207821 2021-06-18 11:47:23.912061 0 19 CarloCosmicWatch 28.83939
2 108 22.63 26.38 0.775253 2021-06-18 11:47:24.687314 0 20 CarloCosmicWatch 29.614643
2 147 26.19 26.59 0.75017 2021-06-18 11:47:25.437484 0 21 CarloCosmicWatch 30.364813
2 508 144.95 26.05 5.7831 2021-06-18 11:47:31.220584 0 22 CarloCosmicWatch 36.147913
2 70 18.93 26.48 2.201233 2021-06-18 11:47:33.421817 0 23 CarloCosmicWatch 38.349146
2 112 22.94 26.70 2.095921 2021-06-18 11:47:35.517738 0 24 CarloCosmicWatch 40.445067
2 79 20.03 26.70 3.006889 2021-06-18 11:47:38.524627 0 25 CarloCosmicWatch 43.451956
2 83 20.46 26.70 0.29339 2021-06-18 11:47:38.818017 0 26 CarloCosmicWatch 43.745346
2 71 19.06 26.27 3.94186 2021-06-18 11:47:42.759877 0 27 CarloCosmicWatch 47.687206
2 335 61.77 26.70 0.57373 2021-06-18 11:47:43.333607 0 28 CarloCosmicWatch 48.260936
2 93 21.41 26.70 0.46116 2021-06-18 11:47:43.794767 0 29 CarloCosmicWatch 48.722096
2 63 17.91 26.48 0.26799 2021-06-18 11:47:44.062757 0 30 CarloCosmicWatch 48.990086
2 113 23.02 26.70 1.68655 2021-06-18 11:47:45.749307 0 31 CarloCosmicWatch 50.676636
2 92 21.32 26.70 0.0723 2021-06-18 11:47:45.821607 0 32 CarloCosmicWatch 50.748936
2 99 21.91 26.91 1.178783 2021-06-18 11:47:47.000390 0 33 CarloCosmicWatch 51.927719
2 120 23.58 26.48 1.413249 2021-06-18 11:47:48.413639 0 34 CarloCosmicWatch 53.340968
2 98 21.83 26.70 0.878486 2021-06-18 11:47:49.292125 0 35 CarloCosmicWatch 54.219454
2 51 15.86 26.48 1.264997 2021-06-18 11:47:50.557122 0 36 CarloCosmicWatch 55.484451
2 96 21.67 26.70 0.540976 2021-06-18 11:47:51.098098 0 37 CarloCosmicWatch 56.025427
2 78 19.92 26.70 3.974454 2021-06-18 11:47:55.072552 0 38 CarloCosmicWatch 59.999881
2 57 16.93 26.70 0.747986 2021-06-18 11:47:55.820538 0 39 CarloCosmicWatch 60.747867
2 176 30.09 26.27 9.593042 2021-06-18 11:48:05.413580 0 40 CarloCosmicWatch 70.340909
2 73 19.32 26.59 0.734178 2021-06-18 11:48:06.147758 0 41 CarloCosmicWatch 71.075087
2 121 23.66 26.70 3.321818 2021-06-18 11:48:09.469576 0 42 CarloCosmicWatch 74.396905
2 142 25.64 26.48 0.375331 2021-06-18 11:48:09.844907 0 43 CarloCosmicWatch 74.772236
