# layer adc volt temp timediff time detector_muon_count detector_count detector_name
2 263 45.37 26.05 10 2021-06-18 19:20:49.111773 0 1 CarloCosmicWatch 0.738302
2 300 52.79 26.05 0.371294 2021-06-18 19:20:49.483067 0 2 CarloCosmicWatch 1.109596
2 103 22.23 24.44 4.173195 2021-06-18 19:20:53.656262 0 1 M 5.282791
2 481 129.57 26.05 0.212796 2021-06-18 19:20:53.869058 0 3 CarloCosmicWatch 5.495587
2 79 20.03 26.05 1.31862 2021-06-18 19:20:55.187678 0 4 CarloCosmicWatch 6.814207
2 199 33.86 26.05 0.108203 2021-06-18 19:20:55.295881 0 5 CarloCosmicWatch 6.92241
2 96 21.67 24.44 0.799649 2021-06-18 19:20:56.095530 0 2 M 7.722059
2 179 30.55 26.05 0.126302 2021-06-18 19:20:56.221832 0 6 CarloCosmicWatch 7.848361
2 89 21.05 24.44 0.28923 2021-06-18 19:20:56.511062 0 3 M 8.137591
2 89 21.05 24.44 0.033771 2021-06-18 19:20:56.544833 0 4 M 8.171362
2 63 17.91 26.05 0.280617 2021-06-18 19:20:56.825450 0 7 CarloCosmicWatch 8.451979
2 89 21.05 24.44 0.515987 2021-06-18 19:20:57.341437 0 5 M 8.967966
2 67 18.51 26.05 0.501103 2021-06-18 19:20:57.842540 0 8 CarloCosmicWatch 9.469069
2 60 17.43 24.44 0.442083 2021-06-18 19:20:58.284623 0 6 M 9.911152
2 185 31.51 26.05 0.232705 2021-06-18 19:20:58.517328 0 9 CarloCosmicWatch 10.143857
2 652 262.10 26.05 1.420346 2021-06-18 19:20:59.937674 0 10 CarloCosmicWatch 11.564203
2 313 56.02 24.44 1.517282 2021-06-18 19:21:01.454956 0 7 M 13.081485
2 71 19.06 26.05 0.900813 2021-06-18 19:21:02.355769 0 11 CarloCosmicWatch 13.982298
2 79 20.03 26.05 0.292779 2021-06-18 19:21:02.648548 0 12 CarloCosmicWatch 14.275077
2 83 20.46 24.44 0.241844 2021-06-18 19:21:02.890392 0 8 M 14.516921
2 67 18.51 26.05 0.256521 2021-06-18 19:21:03.146913 0 13 CarloCosmicWatch 14.773442
2 79 20.03 24.44 1.742817 2021-06-18 19:21:04.889730 0 9 M 16.516259
2 169 29.05 24.44 2.820378 2021-06-18 19:21:07.710108 0 10 M 19.336637
2 188 32.01 26.05 0.26402 2021-06-18 19:21:07.974128 0 14 CarloCosmicWatch 19.600657
2 206 35.07 24.44 0.202424 2021-06-18 19:21:08.176552 0 11 M 19.803081
2 88 20.96 26.05 0.946462 2021-06-18 19:21:09.123014 0 15 CarloCosmicWatch 20.749543
2 243 41.74 24.44 0.061612 2021-06-18 19:21:09.184626 0 12 M 20.811155
2 199 33.86 26.05 0.754023 2021-06-18 19:21:09.938649 0 16 CarloCosmicWatch 21.565178
2 152 26.78 24.44 1.169511 2021-06-18 19:21:11.108160 0 13 M 22.734689
2 103 22.23 26.05 0.581859 2021-06-18 19:21:11.690019 0 17 CarloCosmicWatch 23.316548
2 56 16.76 26.05 0.033683 2021-06-18 19:21:11.723702 0 18 CarloCosmicWatch 23.350231
2 167 28.76 26.27 0.447927 2021-06-18 19:21:12.171629 0 19 CarloCosmicWatch 23.798158
2 199 33.86 26.05 0.426723 2021-06-18 19:21:12.598352 0 20 CarloCosmicWatch 24.224881
2 92 21.32 26.05 2.100564 2021-06-18 19:21:14.698916 0 21 CarloCosmicWatch 26.325445
2 135 24.92 26.05 1.542024 2021-06-18 19:21:16.240940 0 22 CarloCosmicWatch 27.867469
2 185 31.51 26.05 0.540804 2021-06-18 19:21:16.781744 0 23 CarloCosmicWatch 28.408273
2 49 15.48 24.44 0.820618 2021-06-18 19:21:17.602362 0 14 M 29.228891
2 332 61.17 26.05 0.366517 2021-06-18 19:21:17.968879 0 24 CarloCosmicWatch 29.595408
2 73 19.32 24.44 1.746702 2021-06-18 19:21:19.715581 0 15 M 31.34211
2 50 15.67 26.05 2.638973 2021-06-18 19:21:22.354554 0 25 CarloCosmicWatch 33.981083
2 115 23.18 24.44 0.559188 2021-06-18 19:21:22.913742 0 16 M 34.540271
2 88 20.96 26.05 0.799883 2021-06-18 19:21:23.713625 0 26 CarloCosmicWatch 35.340154
2 124 23.92 26.05 0.497256 2021-06-18 19:21:24.210881 0 27 CarloCosmicWatch 35.83741
2 67 18.51 24.44 1.008266 2021-06-18 19:21:25.219147 0 17 M 36.845676
2 271 46.93 26.05 1.11771 2021-06-18 19:21:26.336857 0 28 CarloCosmicWatch 37.963386
2 83 20.46 24.44 3.852278 2021-06-18 19:21:30.189135 0 18 M 41.815664
