# layer adc volt temp timediff time detector_muon_count detector_count detector_name
0 115 23.18 28.31 0.014604 2021-06-24 15:12:18.616755 3 18 Cecile 27.982345
1 60 17.43 26.91 0.412867 2021-06-24 15:12:18.589715 1 6 Niels 27.955305
2 135 24.92 27.34 0.012436 2021-06-24 15:12:18.602151 3 11 MattiaCosmicWatch 27.967741

0 79 20.03 28.20 2.559678 2021-06-24 15:13:29.251010 11 49 Cecile 98.6166
1 62 17.75 27.34 0.027999 2021-06-24 15:13:29.363656 11 27 Niels 98.729246
2 69 18.79 27.34 0.084647 2021-06-24 15:13:29.335657 8 41 MattiaCosmicWatch 98.701247

0 71 19.06 28.10 0.020693 2021-06-24 15:16:15.230984 31 123 Cecile 264.596574
1 51 15.86 27.13 0.026959 2021-06-24 15:16:15.210291 30 74 Niels 264.575881
2 85 20.67 27.34 0.312354 2021-06-24 15:16:15.183332 12 79 MattiaCosmicWatch 264.548922

0 60 17.43 28.31 0.028042 2021-06-24 15:17:33.323730 38 158 Cecile 342.68932
1 77 19.81 27.34 0.000167 2021-06-24 15:17:33.323897 37 99 Niels 342.689487
2 103 22.23 27.34 0.214442 2021-06-24 15:17:33.295688 13 98 MattiaCosmicWatch 342.661278

0 295 51.75 28.31 0.632749 2021-06-24 15:17:46.376173 41 164 Cecile 355.741763
1 146 26.08 27.13 0.018781 2021-06-24 15:17:46.394954 40 105 Niels 355.760544
2 85 20.67 27.34 0.044525 2021-06-24 15:17:46.439479 14 101 MattiaCosmicWatch 355.805069

0 195 33.17 28.31 1.556976 2021-06-24 15:19:00.977987 53 200 Cecile 430.343577
1 193 32.84 27.13 0.065527 2021-06-24 15:19:01.071330 52 132 Niels 430.43692
2 229 39.22 27.34 0.027816 2021-06-24 15:19:01.005803 19 126 MattiaCosmicWatch 430.371393

0 49 15.48 28.20 0.015582 2021-06-24 15:20:08.351104 59 238 Cecile 497.716694
1 51 15.86 27.13 0.606176 2021-06-24 15:20:08.335522 59 155 Niels 497.701112
2 115 23.18 27.34 0.014606 2021-06-24 15:20:08.365710 21 140 MattiaCosmicWatch 497.7313

0 76 19.69 28.31 0.025589 2021-06-24 15:23:44.491611 78 334 Cecile 713.857201
1 50 15.67 27.34 0.265813 2021-06-24 15:23:44.449152 78 222 Niels 713.814742
2 63 17.91 27.34 0.01687 2021-06-24 15:23:44.466022 30 196 MattiaCosmicWatch 713.831612

0 192 32.67 28.31 0.087068 2021-06-24 15:25:35.775777 94 386 Cecile 825.141367
1 60 17.43 27.34 0.019096 2021-06-24 15:25:35.794873 96 267 Niels 825.160463
2 56 16.76 27.34 0.52933 2021-06-24 15:25:35.688709 35 212 MattiaCosmicWatch 825.054299

0 156 27.28 28.31 0.993468 2021-06-24 15:28:52.597526 116 492 Cecile 1021.963116
1 89 21.05 27.34 0.056876 2021-06-24 15:28:52.686405 116 332 Niels 1022.051995
2 63 17.91 27.34 0.032003 2021-06-24 15:28:52.629529 38 266 MattiaCosmicWatch 1021.995119

0 92 21.32 28.31 0.263352 2021-06-24 15:30:08.919794 121 526 Cecile 1098.285384
1 63 17.91 27.34 0.018828 2021-06-24 15:30:08.938622 121 347 Niels 1098.304212
2 71 19.06 27.34 0.056696 2021-06-24 15:30:08.995318 41 286 MattiaCosmicWatch 1098.360908

0 120 23.58 28.31 0.031271 2021-06-24 15:30:32.677249 124 536 Cecile 1122.042839
1 108 22.63 27.34 0.027797 2021-06-24 15:30:32.705046 123 357 Niels 1122.070636
2 155 27.15 27.34 1.098576 2021-06-24 15:30:32.645978 43 296 MattiaCosmicWatch 1122.011568

0 56 16.76 28.10 0.031214 2021-06-24 15:31:42.576940 133 568 Cecile 1191.94253
1 67 18.51 27.13 0.000165 2021-06-24 15:31:42.577105 134 388 Niels 1191.942695
2 147 26.19 27.34 0.364353 2021-06-24 15:31:42.545726 48 313 MattiaCosmicWatch 1191.911316

0 99 21.91 28.10 0.804462 2021-06-24 15:32:53.618893 138 599 Cecile 1262.984483
1 124 23.92 27.34 0.033418 2021-06-24 15:32:53.652311 139 408 Niels 1263.017901
2 83 20.46 27.34 0.000169 2021-06-24 15:32:53.652480 49 336 MattiaCosmicWatch 1263.01807

0 67 18.51 28.20 0.871568 2021-06-24 15:33:16.725432 143 606 Cecile 1286.091022
1 89 21.05 27.13 0.030273 2021-06-24 15:33:16.755705 142 417 Niels 1286.121295
2 231 39.55 27.34 0.069119 2021-06-24 15:33:16.824824 52 343 MattiaCosmicWatch 1286.190414

0 163 28.20 28.31 0.352578 2021-06-24 15:34:02.797539 149 630 Cecile 1332.163129
1 158 27.53 27.34 0.077793 2021-06-24 15:34:02.911795 147 432 Niels 1332.277385
2 94 21.50 27.34 0.036463 2021-06-24 15:34:02.834002 54 354 MattiaCosmicWatch 1332.199592

0 51 15.86 28.31 2.594168 2021-06-24 15:35:08.164118 159 659 Cecile 1397.529708
1 60 17.43 27.34 0.018749 2021-06-24 15:35:08.182867 161 460 Niels 1397.548457
2 403 88.99 27.34 0.000165 2021-06-24 15:35:08.183032 59 369 MattiaCosmicWatch 1397.548622

0 248 42.69 28.10 0.017965 2021-06-24 15:41:04.273981 209 847 Cecile 1753.639571
1 48 15.29 27.34 0.04725 2021-06-24 15:41:04.256016 206 576 Niels 1753.621606
2 88 20.96 27.34 1.554102 2021-06-24 15:41:04.208766 73 474 MattiaCosmicWatch 1753.574356

0 79 20.03 28.31 0.941813 2021-06-24 15:41:18.003671 212 855 Cecile 1767.369261
1 56 16.76 27.34 0.033729 2021-06-24 15:41:18.037400 209 584 Niels 1767.40299
2 317 56.91 27.34 0.007178 2021-06-24 15:41:18.044578 74 476 MattiaCosmicWatch 1767.410168

0 50 15.67 28.31 0.385464 2021-06-24 15:42:08.010995 218 877 Cecile 1817.376585
1 51 15.86 27.34 0.019032 2021-06-24 15:42:08.030027 215 599 Niels 1817.395617
2 71 19.06 27.34 0.074937 2021-06-24 15:42:08.104964 77 489 MattiaCosmicWatch 1817.470554

0 94 21.50 28.31 0.998133 2021-06-24 15:44:19.645339 231 940 Cecile 1949.010929
1 51 15.86 27.34 0.018892 2021-06-24 15:44:19.664231 226 640 Niels 1949.029821
2 216 36.85 27.34 0.090669 2021-06-24 15:44:19.754900 84 526 MattiaCosmicWatch 1949.12049

