# layer adc volt temp timediff time detector_muon_count detector_count detector_name
0 79 20.03 26.05 10 2021-06-18 20:15:51.210905 0 1 CarloCosmicWatch 1.506397
0 112 22.94 26.05 0.844369 2021-06-18 20:15:52.055274 0 2 CarloCosmicWatch 2.350766
0 88 20.96 26.05 0.720879 2021-06-18 20:15:52.776153 0 3 CarloCosmicWatch 3.071645
0 127 24.18 26.05 0.991047 2021-06-18 20:15:53.767200 0 4 CarloCosmicWatch 4.062692
0 57 16.93 26.05 3.542117 2021-06-18 20:15:57.309317 0 5 CarloCosmicWatch 7.604809
0 153 26.90 26.05 0.2911 2021-06-18 20:15:57.600417 0 6 CarloCosmicWatch 7.895909
0 92 21.32 26.05 0.199221 2021-06-18 20:15:57.799638 0 7 CarloCosmicWatch 8.09513
0 71 19.06 26.05 1.88556 2021-06-18 20:15:59.685198 0 8 CarloCosmicWatch 9.98069
0 231 39.55 26.05 0.033702 2021-06-18 20:15:59.718900 0 9 CarloCosmicWatch 10.014392
2 56 16.76 24.23 0.050878 2021-06-18 20:15:59.769778 0 1 Niels 10.06527
0 243 41.74 26.05 0.471791 2021-06-18 20:16:00.241569 0 10 CarloCosmicWatch 10.537061
0 476 129.76 26.05 1.801164 2021-06-18 20:16:02.042733 0 11 CarloCosmicWatch 12.338225
0 53 16.22 26.05 1.701633 2021-06-18 20:16:03.744366 0 12 CarloCosmicWatch 14.039858
0 176 30.09 26.05 0.033757 2021-06-18 20:16:03.778123 0 13 CarloCosmicWatch 14.073615
0 146 26.08 26.05 0.235744 2021-06-18 20:16:04.013867 0 14 CarloCosmicWatch 14.309359
0 76 19.69 26.05 0.596202 2021-06-18 20:16:04.610069 0 15 CarloCosmicWatch 14.905561
0 76 19.69 26.05 2.259378 2021-06-18 20:16:06.869447 0 16 CarloCosmicWatch 17.164939
0 113 23.02 26.05 1.46055 2021-06-18 20:16:08.329997 0 17 CarloCosmicWatch 18.625489
0 56 16.76 26.05 0.536113 2021-06-18 20:16:08.866110 0 18 CarloCosmicWatch 19.161602
0 626 224.75 26.05 1.550775 2021-06-18 20:16:10.416885 0 19 CarloCosmicWatch 20.712377
0 271 46.93 26.05 1.693399 2021-06-18 20:16:12.110284 0 20 CarloCosmicWatch 22.405776
0 199 33.86 26.05 0.033669 2021-06-18 20:16:12.143953 0 21 CarloCosmicWatch 22.439445
0 207 35.26 26.05 0.343403 2021-06-18 20:16:12.487356 0 22 CarloCosmicWatch 22.782848
0 62 17.75 26.05 0.262184 2021-06-18 20:16:12.749540 0 23 CarloCosmicWatch 23.045032
0 48 15.29 26.05 2.158529 2021-06-18 20:16:14.908069 0 24 CarloCosmicWatch 25.203561
0 167 28.76 26.05 3.14094 2021-06-18 20:16:18.049009 0 25 CarloCosmicWatch 28.344501
0 611 211.89 26.05 0.17206 2021-06-18 20:16:18.221069 0 26 CarloCosmicWatch 28.516561
0 415 95.00 26.05 0.658194 2021-06-18 20:16:18.879263 0 27 CarloCosmicWatch 29.174755
0 74 19.44 26.05 2.191322 2021-06-18 20:16:21.070585 0 28 CarloCosmicWatch 31.366077
0 99 21.91 26.05 0.266398 2021-06-18 20:16:21.336983 0 29 CarloCosmicWatch 31.632475
0 53 16.22 26.05 1.147885 2021-06-18 20:16:22.484868 0 30 CarloCosmicWatch 32.78036
0 240 41.21 26.05 0.733644 2021-06-18 20:16:23.218512 0 31 CarloCosmicWatch 33.514004
0 210 35.78 26.05 2.022678 2021-06-18 20:16:25.241190 0 32 CarloCosmicWatch 35.536682
0 146 26.08 26.05 0.989933 2021-06-18 20:16:26.231123 0 33 CarloCosmicWatch 36.526615
0 243 41.74 26.05 0.515223 2021-06-18 20:16:26.746346 0 34 CarloCosmicWatch 37.041838
0 99 21.91 26.05 0.341621 2021-06-18 20:16:27.087967 0 35 CarloCosmicWatch 37.383459
0 56 16.76 26.05 4.123408 2021-06-18 20:16:31.211375 0 36 CarloCosmicWatch 41.506867
0 428 101.58 26.05 0.249925 2021-06-18 20:16:31.461300 0 37 CarloCosmicWatch 41.756792
0 209 35.61 26.05 0.428353 2021-06-18 20:16:31.889653 0 38 CarloCosmicWatch 42.185145
0 384 80.08 26.05 0.065343 2021-06-18 20:16:31.954996 0 39 CarloCosmicWatch 42.250488
0 353 67.64 26.05 1.706313 2021-06-18 20:16:33.661309 0 40 CarloCosmicWatch 43.956801
0 152 26.78 26.05 0.763674 2021-06-18 20:16:34.424983 0 41 CarloCosmicWatch 44.720475
0 188 32.01 26.05 0.356411 2021-06-18 20:16:34.781394 0 42 CarloCosmicWatch 45.076886
1 83 20.46 24.12 0.027375 2021-06-18 20:16:34.808769 0 1 MattiaCosmicWatch 45.104261
0 252 43.42 26.05 1.09283 2021-06-18 20:16:35.901599 1 43 CarloCosmicWatch 46.197091
0 249 42.85 26.05 1.005692 2021-06-18 20:16:36.907291 0 1 Franko 47.202783
0 252 43.42 26.05 0.017014 2021-06-18 20:16:36.924305 1 44 CarloCosmicWatch 47.219797
0 75 19.57 26.05 0.953763 2021-06-18 20:16:37.878068 0 2 Franko 48.17356
0 121 23.66 26.05 0.015816 2021-06-18 20:16:37.893884 1 45 CarloCosmicWatch 48.189376
0 63 17.91 26.27 1.758182 2021-06-18 20:16:39.652066 1 46 CarloCosmicWatch 49.947558
0 57 16.93 26.05 6.439002 2021-06-18 20:16:46.091068 1 47 CarloCosmicWatch 56.38656
0 63 17.91 26.05 0.53446 2021-06-18 20:16:46.625528 1 48 CarloCosmicWatch 56.92102
0 172 29.49 26.05 1.776635 2021-06-18 20:16:48.402163 1 49 CarloCosmicWatch 58.697655
0 69 18.79 26.38 3.243006 2021-06-18 20:16:51.645169 1 50 CarloCosmicWatch 61.940661
0 57 16.93 26.16 0.443325 2021-06-18 20:16:52.088494 1 51 CarloCosmicWatch 62.383986
