# layer adc volt temp timediff time detector_muon_count detector_count detector_name
2 110 22.78 24.87 10 2021-06-18 12:45:45.141708 0 1 CarloCosmicWatch 2.141656
2 195 33.17 24.87 0.334805 2021-06-18 12:45:45.476513 0 2 CarloCosmicWatch 2.476461
2 147 26.19 25.63 0.10378 2021-06-18 12:45:45.580293 0 3 CarloCosmicWatch 2.580241
2 89 21.05 25.63 2.76886 2021-06-18 12:45:48.349153 0 4 CarloCosmicWatch 5.349101
2 51 15.86 25.09 1.476137 2021-06-18 12:45:49.825290 0 5 CarloCosmicWatch 6.825238
2 147 26.19 25.41 1.139598 2021-06-18 12:45:50.964888 0 6 CarloCosmicWatch 7.964836
2 115 23.18 24.87 1.086152 2021-06-18 12:45:52.051040 0 7 CarloCosmicWatch 9.050988
2 79 20.03 25.09 1.190689 2021-06-18 12:45:53.241729 0 8 CarloCosmicWatch 10.241677
2 179 30.55 25.20 3.450156 2021-06-18 12:45:56.691885 0 9 CarloCosmicWatch 13.691833
2 83 20.46 25.52 0.168356 2021-06-18 12:45:56.860241 0 10 CarloCosmicWatch 13.860189
2 270 46.71 25.41 1.455827 2021-06-18 12:45:58.316068 0 11 CarloCosmicWatch 15.316016
2 152 26.78 25.09 1.359655 2021-06-18 12:45:59.675723 0 12 CarloCosmicWatch 16.675671
2 199 33.86 25.30 0.088989 2021-06-18 12:45:59.764712 0 13 CarloCosmicWatch 16.76466
2 48 15.29 25.63 3.468737 2021-06-18 12:46:03.233449 0 14 CarloCosmicWatch 20.233397
2 51 15.86 25.52 2.100864 2021-06-18 12:46:05.334313 0 15 CarloCosmicWatch 22.334261
2 145 25.96 25.52 0.667609 2021-06-18 12:46:06.001922 0 16 CarloCosmicWatch 23.00187
2 519 154.30 25.30 9.292514 2021-06-18 12:46:15.294436 0 17 CarloCosmicWatch 32.294384
2 92 21.32 25.09 2.391905 2021-06-18 12:46:17.686341 0 18 CarloCosmicWatch 34.686289
2 57 16.93 25.41 4.051544 2021-06-18 12:46:21.737885 0 19 CarloCosmicWatch 38.737833
2 97 21.75 25.84 3.090976 2021-06-18 12:46:24.828861 0 20 CarloCosmicWatch 41.828809
2 76 19.69 25.63 1.792251 2021-06-18 12:46:26.621112 0 21 CarloCosmicWatch 43.62106
2 263 45.37 26.05 0.390205 2021-06-18 12:46:27.011317 0 22 CarloCosmicWatch 44.011265
2 156 27.28 26.05 2.784701 2021-06-18 12:46:29.796018 0 23 CarloCosmicWatch 46.795966
2 207 35.26 26.05 2.855108 2021-06-18 12:46:32.651126 0 24 CarloCosmicWatch 49.651074
2 163 28.20 26.05 2.450298 2021-06-18 12:46:35.101424 0 25 CarloCosmicWatch 52.101372
2 204 34.73 26.05 0.437246 2021-06-18 12:46:35.538670 0 26 CarloCosmicWatch 52.538618
2 224 38.29 26.05 0.43496 2021-06-18 12:46:35.973630 0 27 CarloCosmicWatch 52.973578
2 121 23.66 26.05 3.592362 2021-06-18 12:46:39.565992 0 28 CarloCosmicWatch 56.56594
2 103 22.23 26.05 1.181734 2021-06-18 12:46:40.747726 0 29 CarloCosmicWatch 57.747674
2 62 17.75 25.73 2.023088 2021-06-18 12:46:42.770814 0 30 CarloCosmicWatch 59.770762
2 69 18.79 26.05 0.342235 2021-06-18 12:46:43.113049 0 31 CarloCosmicWatch 60.112997
2 83 20.46 26.05 2.935466 2021-06-18 12:46:46.048515 0 32 CarloCosmicWatch 63.048463
2 94 21.50 26.05 0.993503 2021-06-18 12:46:47.042018 0 33 CarloCosmicWatch 64.041966
2 77 19.81 26.05 1.279128 2021-06-18 12:46:48.321146 0 34 CarloCosmicWatch 65.321094
2 112 22.94 26.05 0.85532 2021-06-18 12:46:49.176466 0 35 CarloCosmicWatch 66.176414
2 63 17.91 26.05 0.187577 2021-06-18 12:46:49.364043 0 36 CarloCosmicWatch 66.363991
2 163 28.20 26.05 0.920088 2021-06-18 12:46:50.284131 0 37 CarloCosmicWatch 67.284079
2 143 25.74 26.05 0.618974 2021-06-18 12:46:50.903105 0 38 CarloCosmicWatch 67.903053
2 51 15.86 26.05 0.033748 2021-06-18 12:46:50.936853 0 39 CarloCosmicWatch 67.936801
2 174 29.79 26.05 2.162481 2021-06-18 12:46:53.099334 0 40 CarloCosmicWatch 70.099282
2 112 22.94 26.05 0.506506 2021-06-18 12:46:53.605840 0 41 CarloCosmicWatch 70.605788
2 159 27.66 26.05 0.078856 2021-06-18 12:46:53.684696 0 42 CarloCosmicWatch 70.684644
2 63 17.91 26.05 0.963926 2021-06-18 12:46:54.648622 0 43 CarloCosmicWatch 71.64857
2 67 18.51 26.05 0.159689 2021-06-18 12:46:54.808311 0 44 CarloCosmicWatch 71.808259
2 271 46.93 26.05 1.869869 2021-06-18 12:46:56.678180 0 45 CarloCosmicWatch 73.678128
2 102 22.15 26.05 2.687862 2021-06-18 12:46:59.366042 0 46 CarloCosmicWatch 76.36599
2 231 39.55 26.05 2.896835 2021-06-18 12:47:02.262877 0 47 CarloCosmicWatch 79.262825
2 140 25.42 26.05 2.561962 2021-06-18 12:47:04.824839 0 48 CarloCosmicWatch 81.824787
2 412 92.93 26.05 0.119657 2021-06-18 12:47:04.944496 0 49 CarloCosmicWatch 81.944444
2 192 32.67 26.05 3.625709 2021-06-18 12:47:08.570205 0 50 CarloCosmicWatch 85.570153
2 369 73.42 26.05 2.70961 2021-06-18 12:47:11.279815 0 51 CarloCosmicWatch 88.279763
2 71 19.06 26.05 0.084291 2021-06-18 12:47:11.364106 0 52 CarloCosmicWatch 88.364054
2 172 29.49 26.05 0.591897 2021-06-18 12:47:11.956003 0 53 CarloCosmicWatch 88.955951
2 489 138.11 26.05 1.221794 2021-06-18 12:47:13.177797 0 54 CarloCosmicWatch 90.177745
2 211 35.96 26.05 7.918114 2021-06-18 12:47:21.095911 0 55 CarloCosmicWatch 98.095859
2 262 45.24 26.05 0.95182 2021-06-18 12:47:22.047731 0 56 CarloCosmicWatch 99.047679
2 167 28.76 26.05 0.741347 2021-06-18 12:47:22.789078 0 57 CarloCosmicWatch 99.789026
2 97 21.75 26.05 2.367937 2021-06-18 12:47:25.157015 0 58 CarloCosmicWatch 102.156963
2 184 31.36 26.05 2.24671 2021-06-18 12:47:27.403725 0 59 CarloCosmicWatch 104.403673
2 192 32.67 26.05 0.455162 2021-06-18 12:47:27.858887 0 60 CarloCosmicWatch 104.858835
2 63 17.91 26.05 0.417253 2021-06-18 12:47:28.276140 0 61 CarloCosmicWatch 105.276088
2 56 16.76 26.05 3.131352 2021-06-18 12:47:31.407492 0 62 CarloCosmicWatch 108.40744
2 101 22.08 26.05 3.18618 2021-06-18 12:47:34.593672 0 63 CarloCosmicWatch 111.59362
2 71 19.06 26.05 1.018865 2021-06-18 12:47:35.612537 0 64 CarloCosmicWatch 112.612485
2 49 15.48 26.05 0.033699 2021-06-18 12:47:35.646236 0 65 CarloCosmicWatch 112.646184
2 108 22.63 26.05 1.218843 2021-06-18 12:47:36.865079 0 66 CarloCosmicWatch 113.865027
2 63 17.91 26.05 6.669173 2021-06-18 12:47:43.534252 0 67 CarloCosmicWatch 120.5342
2 70 18.93 26.05 0.506009 2021-06-18 12:47:44.040261 0 68 CarloCosmicWatch 121.040209
2 131 24.54 26.05 0.080531 2021-06-18 12:47:44.120792 0 69 CarloCosmicWatch 121.12074
2 96 21.67 26.05 3.830974 2021-06-18 12:47:47.951766 0 70 CarloCosmicWatch 124.951714
2 243 41.74 26.05 6.693355 2021-06-18 12:47:54.645121 0 71 CarloCosmicWatch 131.645069
2 71 19.06 26.05 2.920894 2021-06-18 12:47:57.566015 0 72 CarloCosmicWatch 134.565963
2 263 45.37 26.05 5.293761 2021-06-18 12:48:02.859776 0 73 CarloCosmicWatch 139.859724
2 51 15.86 26.05 0.337082 2021-06-18 12:48:03.196858 0 74 CarloCosmicWatch 140.196806
2 49 15.48 26.05 1.244434 2021-06-18 12:48:04.441292 0 75 CarloCosmicWatch 141.44124
2 345 64.98 26.05 0.496494 2021-06-18 12:48:04.937786 0 76 CarloCosmicWatch 141.937734
2 126 24.09 26.05 3.375577 2021-06-18 12:48:08.313363 0 77 CarloCosmicWatch 145.313311
2 56 16.76 26.05 0.370033 2021-06-18 12:48:08.683396 0 78 CarloCosmicWatch 145.683344
2 56 16.76 26.05 0.136874 2021-06-18 12:48:08.820270 0 79 CarloCosmicWatch 145.820218
2 69 18.79 26.05 1.237349 2021-06-18 12:48:10.057619 0 80 CarloCosmicWatch 147.057567
2 109 22.70 26.05 1.207666 2021-06-18 12:48:11.265285 0 81 CarloCosmicWatch 148.265233
2 60 17.43 26.05 5.768756 2021-06-18 12:48:17.034041 0 82 CarloCosmicWatch 154.033989
2 268 46.26 26.05 4.23024 2021-06-18 12:48:21.264281 0 83 CarloCosmicWatch 158.264229
2 49 15.48 26.05 0.399496 2021-06-18 12:48:21.663777 0 84 CarloCosmicWatch 158.663725
2 51 15.86 26.05 0.486995 2021-06-18 12:48:22.150772 0 85 CarloCosmicWatch 159.15072
2 109 22.70 26.05 0.446433 2021-06-18 12:48:22.597205 0 86 CarloCosmicWatch 159.597153
2 96 21.67 26.05 0.384892 2021-06-18 12:48:22.982097 0 87 CarloCosmicWatch 159.982045
2 159 27.66 26.05 5.615781 2021-06-18 12:48:28.597878 0 88 CarloCosmicWatch 165.597826
2 425 99.48 26.05 0.511001 2021-06-18 12:48:29.108879 0 89 CarloCosmicWatch 166.108827
2 206 35.07 26.05 1.232527 2021-06-18 12:48:30.341406 0 90 CarloCosmicWatch 167.341354
2 167 28.76 26.05 2.707616 2021-06-18 12:48:33.049022 0 91 CarloCosmicWatch 170.04897
2 83 20.46 26.05 0.942259 2021-06-18 12:48:33.991281 0 92 CarloCosmicWatch 170.991229
2 76 19.69 26.05 0.964419 2021-06-18 12:48:34.955700 0 93 CarloCosmicWatch 171.955648
2 159 27.66 26.05 0.755879 2021-06-18 12:48:35.711579 0 94 CarloCosmicWatch 172.711527
2 69 18.79 26.05 0.579258 2021-06-18 12:48:36.290837 0 95 CarloCosmicWatch 173.290785
2 96 21.67 26.05 1.123993 2021-06-18 12:48:37.414830 0 96 CarloCosmicWatch 174.414778
2 76 19.69 26.05 0.090489 2021-06-18 12:48:37.505319 0 97 CarloCosmicWatch 174.505267
2 66 18.36 26.05 0.344981 2021-06-18 12:48:37.850300 0 98 CarloCosmicWatch 174.850248
2 159 27.66 26.05 0.243819 2021-06-18 12:48:38.094119 0 99 CarloCosmicWatch 175.094067
2 96 21.67 26.05 0.186295 2021-06-18 12:48:38.280414 0 100 CarloCosmicWatch 175.280362
2 108 22.63 26.05 1.547314 2021-06-18 12:48:39.827728 0 101 CarloCosmicWatch 176.827676
2 135 24.92 26.05 3.864159 2021-06-18 12:48:43.691887 0 102 CarloCosmicWatch 180.691835
2 83 20.46 26.05 2.411262 2021-06-18 12:48:46.103149 0 103 CarloCosmicWatch 183.103097
2 63 17.91 26.05 2.139073 2021-06-18 12:48:48.242222 0 104 CarloCosmicWatch 185.24217
2 391 82.35 26.05 0.395367 2021-06-18 12:48:48.637589 0 105 CarloCosmicWatch 185.637537
2 67 18.51 26.05 1.069311 2021-06-18 12:48:49.706900 0 106 CarloCosmicWatch 186.706848
2 71 19.06 26.05 5.702935 2021-06-18 12:48:55.409835 0 107 CarloCosmicWatch 192.409783
2 193 32.84 26.05 2.041535 2021-06-18 12:48:57.451370 0 108 CarloCosmicWatch 194.451318
2 78 19.92 26.05 0.193802 2021-06-18 12:48:57.645172 0 109 CarloCosmicWatch 194.64512
2 217 37.04 26.05 0.033857 2021-06-18 12:48:57.679029 0 110 CarloCosmicWatch 194.678977
2 56 16.76 26.05 0.066448 2021-06-18 12:48:57.745477 0 111 CarloCosmicWatch 194.745425
2 57 16.93 26.05 2.156879 2021-06-18 12:48:59.902356 0 112 CarloCosmicWatch 196.902304
2 61 17.60 26.05 3.126444 2021-06-18 12:49:03.028800 0 113 CarloCosmicWatch 200.028748
2 158 27.53 26.05 3.074676 2021-06-18 12:49:06.103476 0 114 CarloCosmicWatch 203.103424
2 159 27.66 26.05 0.033717 2021-06-18 12:49:06.137193 0 115 CarloCosmicWatch 203.137141
2 78 19.92 26.05 0.548248 2021-06-18 12:49:06.685441 0 116 CarloCosmicWatch 203.685389
2 48 15.29 26.05 6.475204 2021-06-18 12:49:13.160645 0 117 CarloCosmicWatch 210.160593
2 108 22.63 26.05 0.739543 2021-06-18 12:49:13.900188 0 118 CarloCosmicWatch 210.900136
2 63 17.91 26.05 0.454274 2021-06-18 12:49:14.354462 0 119 CarloCosmicWatch 211.35441
2 92 21.32 26.16 0.880251 2021-06-18 12:49:15.234713 0 120 CarloCosmicWatch 212.234661
2 184 31.36 26.05 6.168752 2021-06-18 12:49:21.403465 0 121 CarloCosmicWatch 218.403413
2 78 19.92 26.27 3.74577 2021-06-18 12:49:25.149235 0 122 CarloCosmicWatch 222.149183
2 291 50.97 26.05 2.877779 2021-06-18 12:49:28.027014 0 123 CarloCosmicWatch 225.026962
2 216 36.85 26.05 1.967864 2021-06-18 12:49:29.994878 0 124 CarloCosmicWatch 226.994826
2 195 33.17 26.05 5.197545 2021-06-18 12:49:35.192423 0 125 CarloCosmicWatch 232.192371
2 364 71.71 26.05 3.999802 2021-06-18 12:49:39.192225 0 126 CarloCosmicWatch 236.192173
2 391 82.35 26.05 1.480572 2021-06-18 12:49:40.672797 0 127 CarloCosmicWatch 237.672745
2 74 19.44 26.05 0.550971 2021-06-18 12:49:41.223768 0 128 CarloCosmicWatch 238.223716
2 79 20.03 26.05 1.655607 2021-06-18 12:49:42.879375 0 129 CarloCosmicWatch 239.879323
2 71 19.06 26.05 0.918128 2021-06-18 12:49:43.797503 0 130 CarloCosmicWatch 240.797451
2 176 30.09 26.05 0.593299 2021-06-18 12:49:44.390802 0 131 CarloCosmicWatch 241.39075
2 140 25.42 26.05 3.938783 2021-06-18 12:49:48.329585 0 132 CarloCosmicWatch 245.329533
2 185 31.51 26.05 0.332611 2021-06-18 12:49:48.662196 0 133 CarloCosmicWatch 245.662144
2 271 46.93 26.05 1.309741 2021-06-18 12:49:49.971937 0 134 CarloCosmicWatch 246.971885
2 57 16.93 26.05 0.341189 2021-06-18 12:49:50.313126 0 135 CarloCosmicWatch 247.313074
2 163 28.20 26.05 4.337771 2021-06-18 12:49:54.650897 0 136 CarloCosmicWatch 251.650845
2 371 73.82 26.05 0.098124 2021-06-18 12:49:54.749021 0 137 CarloCosmicWatch 251.748969
2 92 21.32 26.05 3.216796 2021-06-18 12:49:57.965817 0 138 CarloCosmicWatch 254.965765
2 51 15.86 26.05 1.398774 2021-06-18 12:49:59.364591 0 139 CarloCosmicWatch 256.364539
2 158 27.53 26.05 3.357483 2021-06-18 12:50:02.722074 0 140 CarloCosmicWatch 259.722022
2 56 16.76 26.05 0.424085 2021-06-18 12:50:03.146159 0 141 CarloCosmicWatch 260.146107
2 384 80.08 26.05 5.490642 2021-06-18 12:50:08.636801 0 142 CarloCosmicWatch 265.636749
2 193 32.84 26.05 1.9875 2021-06-18 12:50:10.624301 0 143 CarloCosmicWatch 267.624249
2 96 21.67 26.05 0.728948 2021-06-18 12:50:11.353249 0 144 CarloCosmicWatch 268.353197
2 83 20.46 26.05 2.68246 2021-06-18 12:50:14.035709 0 145 CarloCosmicWatch 271.035657
2 67 18.51 26.27 0.786753 2021-06-18 12:50:14.822462 0 146 CarloCosmicWatch 271.82241
2 210 35.78 26.05 2.447877 2021-06-18 12:50:17.270339 0 147 CarloCosmicWatch 274.270287
2 121 23.66 26.05 4.037436 2021-06-18 12:50:21.307775 0 148 CarloCosmicWatch 278.307723
2 167 28.76 26.05 2.50084 2021-06-18 12:50:23.808615 0 149 CarloCosmicWatch 280.808563
2 115 23.18 26.05 4.754711 2021-06-18 12:50:28.563326 0 150 CarloCosmicWatch 285.563274
2 225 38.48 26.05 0.033853 2021-06-18 12:50:28.597179 0 151 CarloCosmicWatch 285.597127
2 103 22.23 26.16 3.876606 2021-06-18 12:50:32.473785 0 152 CarloCosmicWatch 289.473733
2 384 80.08 26.27 1.224147 2021-06-18 12:50:33.697932 0 153 CarloCosmicWatch 290.69788
2 126 24.09 26.05 0.850522 2021-06-18 12:50:34.548454 0 154 CarloCosmicWatch 291.548402
2 81 20.25 26.27 2.011779 2021-06-18 12:50:36.560233 0 155 CarloCosmicWatch 293.560181
2 81 20.25 26.27 1.809817 2021-06-18 12:50:38.370050 0 156 CarloCosmicWatch 295.369998
2 344 64.67 26.16 0.347173 2021-06-18 12:50:38.717223 0 157 CarloCosmicWatch 295.717171
2 62 17.75 26.05 1.169647 2021-06-18 12:50:39.886870 0 158 CarloCosmicWatch 296.886818
2 243 41.74 26.16 0.699108 2021-06-18 12:50:40.585978 0 159 CarloCosmicWatch 297.585926
2 241 41.39 26.05 3.854316 2021-06-18 12:50:44.440294 0 160 CarloCosmicWatch 301.440242
2 265 45.75 26.05 1.452503 2021-06-18 12:50:45.892797 0 161 CarloCosmicWatch 302.892745
2 89 21.05 26.05 0.289202 2021-06-18 12:50:46.181999 0 162 CarloCosmicWatch 303.181947
2 174 29.79 26.05 1.314937 2021-06-18 12:50:47.496936 0 163 CarloCosmicWatch 304.496884
2 271 46.93 26.05 3.05557 2021-06-18 12:50:50.552506 0 164 CarloCosmicWatch 307.552454
2 120 23.58 26.16 3.243818 2021-06-18 12:50:53.796324 0 165 CarloCosmicWatch 310.796272
2 49 15.48 26.16 0.033781 2021-06-18 12:50:53.830105 0 166 CarloCosmicWatch 310.830053
2 287 50.23 26.05 0.14628 2021-06-18 12:50:53.976385 0 167 CarloCosmicWatch 310.976333
2 97 21.75 26.16 0.404157 2021-06-18 12:50:54.380542 0 168 CarloCosmicWatch 311.38049
2 216 36.85 26.27 1.499761 2021-06-18 12:50:55.880303 0 169 CarloCosmicWatch 312.880251
2 480 130.21 26.05 0.759541 2021-06-18 12:50:56.639844 0 170 CarloCosmicWatch 313.639792
2 216 36.85 26.27 2.183618 2021-06-18 12:50:58.823462 0 171 CarloCosmicWatch 315.82341
2 89 21.05 26.27 2.306972 2021-06-18 12:51:01.130434 0 172 CarloCosmicWatch 318.130382
2 71 19.06 26.16 0.959755 2021-06-18 12:51:02.090189 0 173 CarloCosmicWatch 319.090137
2 63 17.91 26.16 0.493655 2021-06-18 12:51:02.583844 0 174 CarloCosmicWatch 319.583792
2 73 19.32 26.16 1.20369 2021-06-18 12:51:03.787534 0 175 CarloCosmicWatch 320.787482
2 79 20.03 26.16 1.043485 2021-06-18 12:51:04.831019 0 176 CarloCosmicWatch 321.830967
2 67 18.51 26.05 6.580981 2021-06-18 12:51:11.412000 0 177 CarloCosmicWatch 328.411948
2 166 28.62 26.05 1.285022 2021-06-18 12:51:12.697022 0 178 CarloCosmicWatch 329.69697
2 252 43.42 26.05 1.588977 2021-06-18 12:51:14.285999 0 179 CarloCosmicWatch 331.285947
2 67 18.51 26.16 0.63564 2021-06-18 12:51:14.921639 0 180 CarloCosmicWatch 331.921587
2 83 20.46 26.16 0.064965 2021-06-18 12:51:14.986604 0 181 CarloCosmicWatch 331.986552
2 70 18.93 26.05 1.136547 2021-06-18 12:51:16.123151 0 182 CarloCosmicWatch 333.123099
2 295 51.75 26.48 1.270575 2021-06-18 12:51:17.393726 0 183 CarloCosmicWatch 334.393674
2 197 33.52 26.38 0.309923 2021-06-18 12:51:17.703649 0 184 CarloCosmicWatch 334.703597
2 143 25.74 26.16 0.08715 2021-06-18 12:51:17.790799 0 185 CarloCosmicWatch 334.790747
2 167 28.76 26.05 3.772752 2021-06-18 12:51:21.563551 0 186 CarloCosmicWatch 338.563499
2 96 21.67 26.05 1.934519 2021-06-18 12:51:23.498070 0 187 CarloCosmicWatch 340.498018
2 67 18.51 26.05 2.216974 2021-06-18 12:51:25.715044 0 188 CarloCosmicWatch 342.714992
2 103 22.23 26.05 0.403778 2021-06-18 12:51:26.118822 0 189 CarloCosmicWatch 343.11877
2 185 31.51 26.38 0.575307 2021-06-18 12:51:26.694129 0 190 CarloCosmicWatch 343.694077
2 120 23.58 26.05 0.446124 2021-06-18 12:51:27.140253 0 191 CarloCosmicWatch 344.140201
2 120 23.58 26.27 2.172339 2021-06-18 12:51:29.312592 0 192 CarloCosmicWatch 346.31254
2 108 22.63 26.16 0.112336 2021-06-18 12:51:29.424928 0 193 CarloCosmicWatch 346.424876
2 88 20.96 26.38 1.397253 2021-06-18 12:51:30.822181 0 194 CarloCosmicWatch 347.822129
2 263 45.37 26.16 1.884606 2021-06-18 12:51:32.706787 0 195 CarloCosmicWatch 349.706735
2 295 51.75 26.05 1.140724 2021-06-18 12:51:33.847511 0 196 CarloCosmicWatch 350.847459
2 127 24.18 26.05 2.961485 2021-06-18 12:51:36.808996 0 197 CarloCosmicWatch 353.808944
2 753 514.96 26.16 1.614883 2021-06-18 12:51:38.423879 0 198 CarloCosmicWatch 355.423827
2 73 19.32 26.27 0.554047 2021-06-18 12:51:38.977926 0 199 CarloCosmicWatch 355.977874
2 126 24.09 26.48 0.033798 2021-06-18 12:51:39.011724 0 200 CarloCosmicWatch 356.011672
2 124 23.92 26.27 1.893834 2021-06-18 12:51:40.905558 0 201 CarloCosmicWatch 357.905506
2 51 15.86 26.38 4.666433 2021-06-18 12:51:45.571991 0 202 CarloCosmicWatch 362.571939
2 103 22.23 26.27 0.414403 2021-06-18 12:51:45.986394 0 203 CarloCosmicWatch 362.986342
2 231 39.55 26.16 0.307201 2021-06-18 12:51:46.293595 0 204 CarloCosmicWatch 363.293543
2 99 21.91 26.27 2.82119 2021-06-18 12:51:49.114785 0 205 CarloCosmicWatch 366.114733
2 231 39.55 26.27 4.127054 2021-06-18 12:51:53.241839 0 206 CarloCosmicWatch 370.241787
2 71 19.06 26.16 0.033635 2021-06-18 12:51:53.275474 0 207 CarloCosmicWatch 370.275422
2 66 18.36 26.16 2.922611 2021-06-18 12:51:56.198085 0 208 CarloCosmicWatch 373.198033
2 70 18.93 26.38 4.018107 2021-06-18 12:52:00.216192 0 209 CarloCosmicWatch 377.21614
2 71 19.06 26.27 0.073196 2021-06-18 12:52:00.289388 0 210 CarloCosmicWatch 377.289336
2 159 27.66 26.27 1.565982 2021-06-18 12:52:01.855370 0 211 CarloCosmicWatch 378.855318
2 51 15.86 26.48 0.280857 2021-06-18 12:52:02.136227 0 212 CarloCosmicWatch 379.136175
2 241 41.39 26.27 0.165766 2021-06-18 12:52:02.301993 0 213 CarloCosmicWatch 379.301941
2 63 17.91 26.38 2.431487 2021-06-18 12:52:04.733480 0 214 CarloCosmicWatch 381.733428
2 56 16.76 26.16 0.110906 2021-06-18 12:52:04.844386 0 215 CarloCosmicWatch 381.844334
2 103 22.23 26.48 3.102588 2021-06-18 12:52:07.946974 0 216 CarloCosmicWatch 384.946922
2 540 166.11 26.38 7.062732 2021-06-18 12:52:15.009706 0 217 CarloCosmicWatch 392.009654
2 124 23.92 26.38 0.033547 2021-06-18 12:52:15.043253 0 218 CarloCosmicWatch 392.043201
2 106 22.47 26.70 0.436195 2021-06-18 12:52:15.479448 0 219 CarloCosmicWatch 392.479396
2 92 21.32 26.70 1.625128 2021-06-18 12:52:17.104576 0 220 CarloCosmicWatch 394.104524
2 135 24.92 26.70 2.501211 2021-06-18 12:52:19.605787 0 221 CarloCosmicWatch 396.605735
2 70 18.93 26.48 2.97954 2021-06-18 12:52:22.585327 0 222 CarloCosmicWatch 399.585275
2 432 101.61 26.27 0.189052 2021-06-18 12:52:22.774379 0 223 CarloCosmicWatch 399.774327
2 165 28.48 26.70 1.079324 2021-06-18 12:52:23.853703 0 224 CarloCosmicWatch 400.853651
2 430 101.41 26.27 1.367494 2021-06-18 12:52:25.221197 0 225 CarloCosmicWatch 402.221145
2 73 19.32 26.70 1.367341 2021-06-18 12:52:26.588538 0 226 CarloCosmicWatch 403.588486
2 92 21.32 26.48 0.230866 2021-06-18 12:52:26.819404 0 227 CarloCosmicWatch 403.819352
2 224 38.29 26.59 0.600311 2021-06-18 12:52:27.419715 0 228 CarloCosmicWatch 404.419663
2 57 16.93 26.70 2.897725 2021-06-18 12:52:30.317440 0 229 CarloCosmicWatch 407.317388
2 56 16.76 26.48 0.38668 2021-06-18 12:52:30.704120 0 230 CarloCosmicWatch 407.704068
2 131 24.54 26.70 7.621949 2021-06-18 12:52:38.326069 0 231 CarloCosmicWatch 415.326017
2 79 20.03 26.70 0.085542 2021-06-18 12:52:38.411611 0 232 CarloCosmicWatch 415.411559
2 88 20.96 26.70 0.381032 2021-06-18 12:52:38.792643 0 233 CarloCosmicWatch 415.792591
2 63 17.91 26.38 0.280749 2021-06-18 12:52:39.073392 0 234 CarloCosmicWatch 416.07334
2 63 17.91 26.48 1.240597 2021-06-18 12:52:40.313989 0 235 CarloCosmicWatch 417.313937
2 89 21.05 26.27 2.88321 2021-06-18 12:52:43.197199 0 236 CarloCosmicWatch 420.197147
2 195 33.17 26.27 1.755175 2021-06-18 12:52:44.952374 0 237 CarloCosmicWatch 421.952322
2 124 23.92 26.48 1.455893 2021-06-18 12:52:46.408267 0 238 CarloCosmicWatch 423.408215
2 49 15.48 26.27 4.045638 2021-06-18 12:52:50.453905 0 239 CarloCosmicWatch 427.453853
