# layer adc volt temp timediff time detector_muon_count detector_count detector_name
1 60 17.43 27.88 10 2021-06-23 15:04:26.885434 0 1 Florian 2.5e-05
0 57 16.93 27.88 1.163833 2021-06-23 15:04:28.049267 0 1 Carlo 1.163858
0 149 26.42 27.45 0.812822 2021-06-23 15:04:28.862089 0 2 Carlo 1.97668
2 140 25.42 27.34 0.036687 2021-06-23 15:04:28.898776 0 1 Noor 2.013367
2 71 19.06 27.34 1.031598 2021-06-23 15:04:29.930374 1 2 Noor 3.044965
0 143 25.74 27.56 0.71641 2021-06-23 15:04:30.646784 1 3 Carlo 3.761375
2 63 17.91 27.34 0.634067 2021-06-23 15:04:31.280851 1 3 Noor 4.395442
1 67 18.51 27.67 0.173559 2021-06-23 15:04:31.454410 0 2 Florian 4.569001
1 480 130.21 27.67 0.143526 2021-06-23 15:04:31.597936 0 3 Florian 4.712527
0 71 19.06 27.88 0.477025 2021-06-23 15:04:32.074961 1 4 Carlo 5.189552
2 49 15.48 27.34 0.23944 2021-06-23 15:04:32.314401 1 4 Noor 5.428992
2 184 31.36 27.34 0.305159 2021-06-23 15:04:32.619560 1 5 Noor 5.734151
2 192 32.67 27.34 0.469975 2021-06-23 15:04:33.089535 1 6 Noor 6.204126
0 240 41.21 27.67 0.039478 2021-06-23 15:04:33.129013 1 5 Carlo 6.243604
2 78 19.92 27.34 1.158095 2021-06-23 15:04:34.287108 2 7 Noor 7.401699
0 50 15.67 27.56 0.093529 2021-06-23 15:04:34.380637 2 6 Carlo 7.495228
2 295 51.75 27.34 0.448426 2021-06-23 15:04:34.829063 2 8 Noor 7.943654
1 243 41.74 27.88 0.013834 2021-06-23 15:04:34.842897 0 4 Florian 7.957488
0 62 17.75 27.67 1.44453 2021-06-23 15:04:36.287427 2 7 Carlo 9.402018
2 529 156.43 27.34 0.668505 2021-06-23 15:04:36.955932 3 9 Noor 10.070523
2 89 21.05 27.34 0.295291 2021-06-23 15:04:37.251223 3 10 Noor 10.365814
0 50 15.67 27.67 0.414597 2021-06-23 15:04:37.665820 2 8 Carlo 10.780411
0 56 16.76 27.56 0.03351 2021-06-23 15:04:37.699330 2 9 Carlo 10.813921
0 143 25.74 27.67 0.072182 2021-06-23 15:04:37.771512 2 10 Carlo 10.886103
0 60 17.43 27.67 0.081525 2021-06-23 15:04:37.853037 2 11 Carlo 10.967628
0 50 15.67 27.67 0.199344 2021-06-23 15:04:38.052381 2 12 Carlo 11.166972
0 69 18.79 27.67 0.432498 2021-06-23 15:04:38.484879 2 13 Carlo 11.59947
2 316 56.81 27.34 1.114569 2021-06-23 15:04:39.599448 3 11 Noor 12.714039
0 112 22.94 27.56 0.334829 2021-06-23 15:04:39.934277 2 14 Carlo 13.048868
0 453 113.81 27.67 0.033667 2021-06-23 15:04:39.967944 2 15 Carlo 13.082535
0 55 16.58 27.77 1.445485 2021-06-23 15:04:41.413429 2 16 Carlo 14.52802
0 172 29.49 27.77 1.929018 2021-06-23 15:04:43.342447 2 17 Carlo 16.457038
1 184 31.36 27.67 0.621642 2021-06-23 15:04:43.964089 1 5 Florian 17.07868
0 57 16.93 27.56 1.428962 2021-06-23 15:04:45.393051 2 18 Carlo 18.507642
0 56 16.76 27.77 0.355493 2021-06-23 15:04:45.748544 2 19 Carlo 18.863135
0 70 18.93 27.56 0.21889 2021-06-23 15:04:45.967434 2 20 Carlo 19.082025
0 51 15.86 27.56 0.253344 2021-06-23 15:04:46.220778 2 21 Carlo 19.335369
2 377 76.28 27.34 0.10055 2021-06-23 15:04:46.321328 3 12 Noor 19.435919
1 127 24.18 27.67 0.109134 2021-06-23 15:04:46.430462 1 6 Florian 19.545053
2 103 22.23 27.34 0.063399 2021-06-23 15:04:46.493861 3 13 Noor 19.608452
0 359 69.86 27.77 0.87239 2021-06-23 15:04:47.366251 2 22 Carlo 20.480842
2 81 20.25 27.34 1.118056 2021-06-23 15:04:48.484307 3 14 Noor 21.598898
2 193 32.84 27.34 0.427682 2021-06-23 15:04:48.911989 3 15 Noor 22.02658
2 88 20.96 27.34 0.408312 2021-06-23 15:04:49.320301 3 16 Noor 22.434892
2 63 17.91 27.34 0.321532 2021-06-23 15:04:49.641833 3 17 Noor 22.756424
1 195 33.17 27.88 0.165548 2021-06-23 15:04:49.807381 1 7 Florian 22.921972
0 152 26.78 27.67 0.582774 2021-06-23 15:04:50.390155 2 23 Carlo 23.504746
0 48 15.29 27.67 0.033674 2021-06-23 15:04:50.423829 2 24 Carlo 23.53842
0 199 33.86 27.67 0.033187 2021-06-23 15:04:50.457016 2 25 Carlo 23.571607
1 71 19.06 27.67 0.038415 2021-06-23 15:04:50.495431 1 8 Florian 23.610022
0 467 121.56 27.77 0.352515 2021-06-23 15:04:50.847946 3 26 Carlo 23.962537
2 76 19.69 27.34 0.623592 2021-06-23 15:04:51.471538 3 18 Noor 24.586129
0 352 66.89 27.67 0.012796 2021-06-23 15:04:51.484334 3 27 Carlo 24.598925
1 273 47.25 27.67 0.002044 2021-06-23 15:04:51.486378 2 9 Florian 24.600969
0 248 42.69 27.56 0.036431 2021-06-23 15:04:51.522809 4 28 Carlo 24.6374
1 67 18.51 27.67 0.251352 2021-06-23 15:04:51.774161 3 10 Florian 24.888752
1 82 20.36 27.88 0.663673 2021-06-23 15:04:52.437834 3 11 Florian 25.552425
1 302 53.30 27.67 0.420366 2021-06-23 15:04:52.858200 3 12 Florian 25.972791
1 62 17.75 27.77 0.744791 2021-06-23 15:04:53.602991 3 13 Florian 26.717582
1 88 20.96 27.67 0.853597 2021-06-23 15:04:54.456588 3 14 Florian 27.571179
0 56 16.76 27.56 0.015863 2021-06-23 15:04:54.472451 4 29 Carlo 27.587042
2 76 19.69 27.34 0.159329 2021-06-23 15:04:54.631780 4 19 Noor 27.746371
1 176 30.09 27.77 0.630067 2021-06-23 15:04:55.261847 4 15 Florian 28.376438
0 511 149.39 27.67 0.016911 2021-06-23 15:04:55.278758 5 30 Carlo 28.393349
0 82 20.36 27.67 0.106211 2021-06-23 15:04:55.384969 6 31 Carlo 28.49956
2 71 19.06 27.34 0.101152 2021-06-23 15:04:55.486121 4 20 Noor 28.600712
0 70 18.93 27.67 1.250591 2021-06-23 15:04:56.736712 6 32 Carlo 29.851303
0 60 17.43 27.67 0.0337 2021-06-23 15:04:56.770412 6 33 Carlo 29.885003
1 108 22.63 27.88 0.135398 2021-06-23 15:04:56.905810 5 16 Florian 30.020401
2 92 21.32 27.34 0.217942 2021-06-23 15:04:57.123752 4 21 Noor 30.238343
0 77 19.81 27.56 0.030597 2021-06-23 15:04:57.154349 6 34 Carlo 30.26894
0 88 20.96 27.88 0.033516 2021-06-23 15:04:57.187865 7 35 Carlo 30.302456
1 97 21.75 27.67 0.183255 2021-06-23 15:04:57.371120 5 17 Florian 30.485711
2 158 27.53 27.34 0.298367 2021-06-23 15:04:57.669487 5 22 Noor 30.784078
1 412 92.93 27.88 0.876716 2021-06-23 15:04:58.546203 5 18 Florian 31.660794
1 88 20.96 27.67 0.251159 2021-06-23 15:04:58.797362 5 19 Florian 31.911953
0 49 15.48 27.88 0.479065 2021-06-23 15:04:59.276427 7 36 Carlo 32.391018
2 56 16.76 27.34 0.030645 2021-06-23 15:04:59.307072 5 23 Noor 32.421663
2 63 17.91 27.34 0.094754 2021-06-23 15:04:59.401826 6 24 Noor 32.516417
1 103 22.23 27.88 0.115111 2021-06-23 15:04:59.516937 5 20 Florian 32.631528
2 480 130.21 27.34 0.432902 2021-06-23 15:04:59.949839 6 25 Noor 33.06443
0 57 16.93 27.77 0.444669 2021-06-23 15:05:00.394508 8 37 Carlo 33.509099
0 159 27.66 27.67 1.276085 2021-06-23 15:05:01.670593 8 38 Carlo 34.785184
2 89 21.05 27.34 0.403714 2021-06-23 15:05:02.074307 6 26 Noor 35.188898
1 53 16.22 27.67 0.012776 2021-06-23 15:05:02.087083 5 21 Florian 35.201674
0 49 15.48 27.67 0.572959 2021-06-23 15:05:02.660042 8 39 Carlo 35.774633
0 62 17.75 27.77 1.015106 2021-06-23 15:05:03.675148 8 40 Carlo 36.789739
0 60 17.43 27.67 1.158882 2021-06-23 15:05:04.834030 8 41 Carlo 37.948621
0 67 18.51 27.67 1.017098 2021-06-23 15:05:05.851128 8 42 Carlo 38.965719
0 51 15.86 27.67 0.785928 2021-06-23 15:05:06.637056 8 43 Carlo 39.751647
2 60 17.43 27.34 0.016592 2021-06-23 15:05:06.653648 7 27 Noor 39.768239
1 96 21.67 27.67 0.901992 2021-06-23 15:05:07.555640 6 22 Florian 40.670231
0 163 28.20 27.67 0.077681 2021-06-23 15:05:07.633321 9 44 Carlo 40.747912
2 176 30.09 27.34 0.141388 2021-06-23 15:05:07.774709 8 28 Noor 40.8893
2 551 164.56 27.34 0.124122 2021-06-23 15:05:07.898831 8 29 Noor 41.013422
1 165 28.48 27.77 0.709345 2021-06-23 15:05:08.608176 6 23 Florian 41.722767
1 51 15.86 27.67 0.276645 2021-06-23 15:05:08.884821 6 24 Florian 41.999412
1 92 21.32 27.77 0.572105 2021-06-23 15:05:09.456926 6 25 Florian 42.571517
1 121 23.66 27.88 1.110803 2021-06-23 15:05:10.567729 6 26 Florian 43.68232
0 56 16.76 27.67 0.524781 2021-06-23 15:05:11.092510 9 45 Carlo 44.207101
1 108 22.63 27.77 0.066055 2021-06-23 15:05:11.158565 6 27 Florian 44.273156
0 140 25.42 27.77 0.299713 2021-06-23 15:05:11.458278 9 46 Carlo 44.572869
1 70 18.93 27.77 0.232054 2021-06-23 15:05:11.690332 6 28 Florian 44.804923
0 56 16.76 27.67 0.165632 2021-06-23 15:05:11.855964 9 47 Carlo 44.970555
2 51 15.86 27.34 0.026748 2021-06-23 15:05:11.882712 8 30 Noor 44.997303
1 216 36.85 27.67 0.720542 2021-06-23 15:05:12.603254 6 29 Florian 45.717845
0 185 31.51 27.67 0.295204 2021-06-23 15:05:12.898458 10 48 Carlo 46.013049
1 207 35.26 27.67 0.628742 2021-06-23 15:05:13.527200 6 30 Florian 46.641791
0 176 30.09 27.77 0.368907 2021-06-23 15:05:13.896107 10 49 Carlo 47.010698
1 184 31.36 27.67 0.395038 2021-06-23 15:05:14.291145 6 31 Florian 47.405736
0 249 42.85 27.67 0.37915 2021-06-23 15:05:14.670295 10 50 Carlo 47.784886
1 60 17.43 27.67 0.014834 2021-06-23 15:05:14.685129 6 32 Florian 47.79972
1 216 36.85 27.88 0.104307 2021-06-23 15:05:14.789436 7 33 Florian 47.904027
0 57 16.93 27.56 0.016779 2021-06-23 15:05:14.806215 11 51 Carlo 47.920806
1 74 19.44 27.67 0.213587 2021-06-23 15:05:15.019802 8 34 Florian 48.134393
2 63 17.91 27.34 0.152218 2021-06-23 15:05:15.172020 9 31 Noor 48.286611
0 71 19.06 27.67 0.447731 2021-06-23 15:05:15.619751 12 52 Carlo 48.734342
2 184 31.36 27.34 0.156594 2021-06-23 15:05:15.776345 9 32 Noor 48.890936
2 166 28.62 27.34 0.083235 2021-06-23 15:05:15.859580 9 33 Noor 48.974171
2 115 23.18 27.34 0.301089 2021-06-23 15:05:16.160669 9 34 Noor 49.27526
2 62 17.75 27.34 0.251267 2021-06-23 15:05:16.411936 9 35 Noor 49.526527
1 71 19.06 27.67 0.73245 2021-06-23 15:05:17.144386 8 35 Florian 50.258977
0 99 21.91 27.56 0.029607 2021-06-23 15:05:17.173993 12 53 Carlo 50.288584
2 73 19.32 27.34 0.281577 2021-06-23 15:05:17.455570 9 36 Noor 50.570161
0 115 23.18 27.45 0.012748 2021-06-23 15:05:17.468318 13 54 Carlo 50.582909
0 58 17.10 27.67 0.195465 2021-06-23 15:05:17.663783 14 55 Carlo 50.778374
0 280 48.67 27.67 1.072128 2021-06-23 15:05:18.735911 14 56 Carlo 51.850502
1 115 23.18 27.67 0.183365 2021-06-23 15:05:18.919276 9 36 Florian 52.033867
0 53 16.22 27.67 0.125502 2021-06-23 15:05:19.044778 14 57 Carlo 52.159369
2 76 19.69 27.34 0.077004 2021-06-23 15:05:19.121782 10 37 Noor 52.236373
0 345 64.98 27.67 0.012694 2021-06-23 15:05:19.134476 14 58 Carlo 52.249067
1 147 26.19 27.67 0.002119 2021-06-23 15:05:19.136595 9 37 Florian 52.251186
1 120 23.58 27.88 1.972299 2021-06-23 15:05:21.108894 10 38 Florian 54.223485
0 167 28.76 27.88 0.494225 2021-06-23 15:05:21.603119 15 59 Carlo 54.71771
0 112 22.94 27.88 0.183793 2021-06-23 15:05:21.786912 15 60 Carlo 54.901503
0 163 28.20 27.67 0.193221 2021-06-23 15:05:21.980133 15 61 Carlo 55.094724
0 102 22.15 27.56 0.033617 2021-06-23 15:05:22.013750 15 62 Carlo 55.128341
0 113 23.02 27.56 0.647182 2021-06-23 15:05:22.660932 15 63 Carlo 55.775523
0 60 17.43 27.56 0.474569 2021-06-23 15:05:23.135501 15 64 Carlo 56.250092
1 134 24.82 27.77 0.033688 2021-06-23 15:05:23.169189 10 39 Florian 56.28378
0 120 23.58 27.45 0.008493 2021-06-23 15:05:23.177682 16 65 Carlo 56.292273
1 497 142.37 27.67 0.024777 2021-06-23 15:05:23.202459 11 40 Florian 56.31705
2 225 38.48 27.34 0.007487 2021-06-23 15:05:23.209946 11 38 Noor 56.324537
0 327 59.28 27.56 0.006378 2021-06-23 15:05:23.216324 16 66 Carlo 56.330915
2 304 53.73 27.45 0.024357 2021-06-23 15:05:23.240681 12 39 Noor 56.355272
2 337 62.30 27.34 0.670987 2021-06-23 15:05:23.911668 12 40 Noor 57.026259
0 60 17.43 27.67 0.028583 2021-06-23 15:05:23.940251 16 67 Carlo 57.054842
2 492 134.92 27.34 0.102159 2021-06-23 15:05:24.042410 13 41 Noor 57.157001
0 335 61.77 27.56 0.688495 2021-06-23 15:05:24.730905 17 68 Carlo 57.845496
0 415 95.00 27.77 0.789564 2021-06-23 15:05:25.520469 17 69 Carlo 58.63506
1 167 28.76 27.67 0.032438 2021-06-23 15:05:25.552907 11 41 Florian 58.667498
1 152 26.78 27.67 0.151949 2021-06-23 15:05:25.704856 12 42 Florian 58.819447
2 51 15.86 27.34 0.940453 2021-06-23 15:05:26.645309 13 42 Noor 59.7599
0 56 16.76 27.56 0.077579 2021-06-23 15:05:26.722888 18 70 Carlo 59.837479
1 103 22.23 27.67 0.392832 2021-06-23 15:05:27.115720 12 43 Florian 60.230311
0 57 16.93 27.67 0.182687 2021-06-23 15:05:27.298407 18 71 Carlo 60.412998
2 127 24.18 27.34 0.059231 2021-06-23 15:05:27.357638 13 43 Noor 60.472229
2 433 104.37 27.34 0.579031 2021-06-23 15:05:27.936669 13 44 Noor 61.05126
0 108 22.63 27.77 0.147947 2021-06-23 15:05:28.084616 18 72 Carlo 61.199207
1 51 15.86 27.67 0.195218 2021-06-23 15:05:28.279834 12 44 Florian 61.394425
0 51 15.86 27.56 0.545025 2021-06-23 15:05:28.824859 18 73 Carlo 61.93945
0 167 28.76 27.56 0.374805 2021-06-23 15:05:29.199664 18 74 Carlo 62.314255
1 199 33.86 27.67 0.756768 2021-06-23 15:05:29.956432 12 45 Florian 63.071023
0 56 16.76 27.67 0.016983 2021-06-23 15:05:29.973415 18 75 Carlo 63.088006
0 56 16.76 27.67 0.093248 2021-06-23 15:05:30.066663 19 76 Carlo 63.181254
0 67 18.51 27.56 0.344206 2021-06-23 15:05:30.410869 19 77 Carlo 63.52546
0 57 16.93 27.67 0.788647 2021-06-23 15:05:31.199516 19 78 Carlo 64.314107
0 78 19.92 27.67 0.033711 2021-06-23 15:05:31.233227 19 79 Carlo 64.347818
0 207 35.26 27.67 0.033084 2021-06-23 15:05:31.266311 19 80 Carlo 64.380902
0 51 15.86 27.77 0.06662 2021-06-23 15:05:31.332931 19 81 Carlo 64.447522
0 352 66.89 27.67 0.231529 2021-06-23 15:05:31.564460 19 82 Carlo 64.679051
2 101 22.08 27.34 0.05705 2021-06-23 15:05:31.621510 13 45 Noor 64.736101
2 98 21.83 27.34 0.033662 2021-06-23 15:05:31.655172 13 46 Noor 64.769763
0 57 16.93 27.56 0.023651 2021-06-23 15:05:31.678823 19 83 Carlo 64.793414
2 112 22.94 27.34 0.284763 2021-06-23 15:05:31.963586 14 47 Noor 65.078177
2 332 61.17 27.34 0.747589 2021-06-23 15:05:32.711175 14 48 Noor 65.825766
0 71 19.06 27.67 1.174565 2021-06-23 15:05:33.885740 20 84 Carlo 67.000331
0 250 43.04 27.67 0.385536 2021-06-23 15:05:34.271276 20 85 Carlo 67.385867
0 56 16.76 27.67 0.1225 2021-06-23 15:05:34.393776 20 86 Carlo 67.508367
0 83 20.46 27.67 0.310784 2021-06-23 15:05:34.704560 20 87 Carlo 67.819151
0 167 28.76 27.88 0.049584 2021-06-23 15:05:34.754144 20 88 Carlo 67.868735
1 162 28.06 27.67 0.014851 2021-06-23 15:05:34.768995 13 46 Florian 67.883586
2 255 43.96 27.34 0.230562 2021-06-23 15:05:34.999557 14 49 Noor 68.114148
0 76 19.69 27.88 0.013772 2021-06-23 15:05:35.013329 21 89 Carlo 68.12792
0 556 174.47 27.56 0.019949 2021-06-23 15:05:35.033278 22 90 Carlo 68.147869
0 98 21.83 27.67 0.5742 2021-06-23 15:05:35.607478 22 91 Carlo 68.722069
1 385 80.11 27.88 0.610783 2021-06-23 15:05:36.218261 14 47 Florian 69.332852
2 179 30.55 27.34 0.142903 2021-06-23 15:05:36.361164 15 50 Noor 69.475755
2 76 19.69 27.34 1.410877 2021-06-23 15:05:37.772041 15 51 Noor 70.886632
2 220 37.58 27.34 0.101997 2021-06-23 15:05:37.874038 15 52 Noor 70.988629
2 517 151.05 27.34 0.139627 2021-06-23 15:05:38.013665 15 53 Noor 71.128256
0 60 17.43 27.77 0.098139 2021-06-23 15:05:38.111804 22 92 Carlo 71.226395
2 112 22.94 27.34 1.478399 2021-06-23 15:05:39.590203 15 54 Noor 72.704794
0 83 20.46 27.56 0.430411 2021-06-23 15:05:40.020614 22 93 Carlo 73.135205
2 50 15.67 27.34 0.504109 2021-06-23 15:05:40.524723 15 55 Noor 73.639314
2 102 22.15 27.34 0.523666 2021-06-23 15:05:41.048389 15 56 Noor 74.16298
0 53 16.22 27.77 0.122649 2021-06-23 15:05:41.171038 22 94 Carlo 74.285629
0 529 156.43 27.67 0.085237 2021-06-23 15:05:41.256275 22 95 Carlo 74.370866
1 60 17.43 27.88 0.062976 2021-06-23 15:05:41.319251 14 48 Florian 74.433842
1 415 95.00 27.67 0.158946 2021-06-23 15:05:41.478197 14 49 Florian 74.592788
0 60 17.43 27.67 0.0542 2021-06-23 15:05:41.532397 22 96 Carlo 74.646988
0 71 19.06 27.67 0.073219 2021-06-23 15:05:41.605616 22 97 Carlo 74.720207
0 184 31.36 27.67 0.033718 2021-06-23 15:05:41.639334 22 98 Carlo 74.753925
2 307 54.48 27.34 0.160473 2021-06-23 15:05:41.799807 15 57 Noor 74.914398
1 335 61.77 27.77 1.019234 2021-06-23 15:05:42.819041 14 50 Florian 75.933632
0 217 37.04 27.77 0.124651 2021-06-23 15:05:42.943692 22 99 Carlo 76.058283
0 103 22.23 27.67 0.191557 2021-06-23 15:05:43.135249 22 100 Carlo 76.24984
0 222 37.96 27.67 1.73174 2021-06-23 15:05:44.866989 22 101 Carlo 77.98158
2 79 20.03 27.34 1.712977 2021-06-23 15:05:46.579966 15 58 Noor 79.694557
0 66 18.36 27.45 1.291075 2021-06-23 15:05:47.871041 22 102 Carlo 80.985632
0 79 20.03 27.88 0.231415 2021-06-23 15:05:48.102456 22 103 Carlo 81.217047
0 163 28.20 27.67 0.954506 2021-06-23 15:05:49.056962 22 104 Carlo 82.171553
1 79 20.03 27.77 0.34139 2021-06-23 15:05:49.398352 14 51 Florian 82.512943
2 65 18.22 27.34 0.015897 2021-06-23 15:05:49.414249 15 59 Noor 82.52884
0 227 38.83 27.56 0.000148 2021-06-23 15:05:49.414397 22 105 Carlo 82.528988
0 56 16.76 27.77 0.03238 2021-06-23 15:05:49.446777 23 106 Carlo 82.561368
0 56 16.76 27.67 0.033719 2021-06-23 15:05:49.480496 23 107 Carlo 82.595087
1 60 17.43 27.88 0.034541 2021-06-23 15:05:49.515037 15 52 Florian 82.629628
2 220 37.58 27.45 0.015937 2021-06-23 15:05:49.530974 16 60 Noor 82.645565
2 335 61.77 27.34 2.344505 2021-06-23 15:05:51.875479 16 61 Noor 84.99007
0 327 59.28 27.67 0.208078 2021-06-23 15:05:52.083557 23 108 Carlo 85.198148
1 83 20.46 27.77 0.015865 2021-06-23 15:05:52.099422 15 53 Florian 85.214013
0 76 19.69 27.67 0.602354 2021-06-23 15:05:52.701776 24 109 Carlo 85.816367
0 79 20.03 27.67 0.033736 2021-06-23 15:05:52.735512 24 110 Carlo 85.850103
1 83 20.46 27.67 0.945712 2021-06-23 15:05:53.681224 16 54 Florian 86.795815
1 92 21.32 27.67 0.033737 2021-06-23 15:05:53.714961 16 55 Florian 86.829552
2 76 19.69 27.34 0.31229 2021-06-23 15:05:54.027251 16 62 Noor 87.141842
0 153 26.90 27.67 0.012791 2021-06-23 15:05:54.040042 24 111 Carlo 87.154633
1 415 95.00 27.77 0.003284 2021-06-23 15:05:54.043326 16 56 Florian 87.157917
2 112 22.94 27.34 0.033731 2021-06-23 15:05:54.077057 17 63 Noor 87.191648
1 497 142.37 27.56 0.844505 2021-06-23 15:05:54.921562 17 57 Florian 88.036153
0 76 19.69 27.56 0.035153 2021-06-23 15:05:54.956715 25 112 Carlo 88.071306
1 88 20.96 27.88 0.428061 2021-06-23 15:05:55.384776 18 58 Florian 88.499367
0 56 16.76 27.56 1.157036 2021-06-23 15:05:56.541812 26 113 Carlo 89.656403
0 57 16.93 27.67 0.058695 2021-06-23 15:05:56.600507 26 114 Carlo 89.715098
1 408 90.57 27.67 0.205001 2021-06-23 15:05:56.805508 18 59 Florian 89.920099
0 78 19.92 27.67 0.73486 2021-06-23 15:05:57.540368 26 115 Carlo 90.654959
0 131 24.54 27.67 3.419276 2021-06-23 15:06:00.959644 26 116 Carlo 94.074235
0 103 22.23 27.56 0.315491 2021-06-23 15:06:01.275135 26 117 Carlo 94.389726
2 49 15.48 27.34 1.572557 2021-06-23 15:06:02.847692 17 64 Noor 95.962283
1 56 16.76 27.77 0.665139 2021-06-23 15:06:03.512831 18 60 Florian 96.627422
2 99 21.91 27.34 0.03183 2021-06-23 15:06:03.544661 17 65 Noor 96.659252
2 57 16.93 27.34 0.082401 2021-06-23 15:06:03.627062 18 66 Noor 96.741653
2 110 22.78 27.34 0.190287 2021-06-23 15:06:03.817349 18 67 Noor 96.93194
1 211 35.96 27.67 0.014758 2021-06-23 15:06:03.832107 19 61 Florian 96.946698
1 71 19.06 27.67 0.055813 2021-06-23 15:06:03.887920 20 62 Florian 97.002511
2 124 23.92 27.34 0.016991 2021-06-23 15:06:03.904911 19 68 Noor 97.019502
2 177 30.25 27.34 1.954243 2021-06-23 15:06:05.859154 20 69 Noor 98.973745
0 85 20.67 27.88 0.024095 2021-06-23 15:06:05.883249 26 118 Carlo 98.99784
2 199 33.86 27.45 0.728712 2021-06-23 15:06:06.611961 21 70 Noor 99.726552
0 68 18.65 27.67 0.419068 2021-06-23 15:06:07.031029 27 119 Carlo 100.14562
1 89 21.05 27.67 0.658376 2021-06-23 15:06:07.689405 21 63 Florian 100.803996
0 127 24.18 27.56 0.037288 2021-06-23 15:06:07.726693 27 120 Carlo 100.841284
0 193 32.84 27.77 0.057502 2021-06-23 15:06:07.784195 28 121 Carlo 100.898786
0 126 24.09 27.56 0.282 2021-06-23 15:06:08.066195 28 122 Carlo 101.180786
1 270 46.71 27.88 0.016916 2021-06-23 15:06:08.083111 22 64 Florian 101.197702
2 92 21.32 27.34 0.403157 2021-06-23 15:06:08.486268 21 71 Noor 101.600859
0 56 16.76 27.67 0.613919 2021-06-23 15:06:09.100187 29 123 Carlo 102.214778
2 76 19.69 27.34 0.394903 2021-06-23 15:06:09.495090 21 72 Noor 102.609681
0 107 22.55 27.67 0.153119 2021-06-23 15:06:09.648209 29 124 Carlo 102.7628
2 71 19.06 27.34 0.712937 2021-06-23 15:06:10.361146 21 73 Noor 103.475737
0 192 32.67 27.67 0.494475 2021-06-23 15:06:10.855621 29 125 Carlo 103.970212
1 156 27.28 27.88 0.41994 2021-06-23 15:06:11.275561 23 65 Florian 104.390152
0 318 57.28 27.67 0.213974 2021-06-23 15:06:11.489535 29 126 Carlo 104.604126
1 248 42.69 27.67 0.319638 2021-06-23 15:06:11.809173 23 66 Florian 104.923764
1 281 48.90 27.88 0.480254 2021-06-23 15:06:12.289427 23 67 Florian 105.404018
2 519 154.30 27.34 0.017875 2021-06-23 15:06:12.307302 21 74 Noor 105.421893
1 57 16.93 27.88 0.038552 2021-06-23 15:06:12.345854 24 68 Florian 105.460445
0 60 17.43 27.67 0.040018 2021-06-23 15:06:12.385872 29 127 Carlo 105.500463
0 67 18.51 27.67 0.304455 2021-06-23 15:06:12.690327 30 128 Carlo 105.804918
1 63 17.91 27.67 0.061941 2021-06-23 15:06:12.752268 24 69 Florian 105.866859
2 57 16.93 27.34 2.479636 2021-06-23 15:06:15.231904 22 75 Noor 108.346495
1 63 17.91 27.77 0.040569 2021-06-23 15:06:15.272473 24 70 Florian 108.387064
1 153 26.90 27.77 0.033793 2021-06-23 15:06:15.306266 25 71 Florian 108.420857
1 62 17.75 27.67 0.130034 2021-06-23 15:06:15.436300 25 72 Florian 108.550891
2 81 20.25 27.34 0.20123 2021-06-23 15:06:15.637530 23 76 Noor 108.752121
2 63 17.91 27.34 0.34251 2021-06-23 15:06:15.980040 23 77 Noor 109.094631
0 126 24.09 27.45 0.216291 2021-06-23 15:06:16.196331 30 129 Carlo 109.310922
1 127 24.18 27.99 0.107488 2021-06-23 15:06:16.303819 25 73 Florian 109.41841
0 248 42.69 27.77 0.033545 2021-06-23 15:06:16.337364 30 130 Carlo 109.451955
1 56 16.76 27.88 0.012717 2021-06-23 15:06:16.350081 26 74 Florian 109.464672
1 88 20.96 27.77 0.066182 2021-06-23 15:06:16.416263 26 75 Florian 109.530854
1 51 15.86 27.67 0.270877 2021-06-23 15:06:16.687140 26 76 Florian 109.801731
0 69 18.79 27.67 0.248134 2021-06-23 15:06:16.935274 31 131 Carlo 110.049865
0 108 22.63 27.77 0.033773 2021-06-23 15:06:16.969047 31 132 Carlo 110.083638
0 159 27.66 27.56 0.428321 2021-06-23 15:06:17.397368 31 133 Carlo 110.511959
2 56 16.76 27.34 0.445155 2021-06-23 15:06:17.842523 23 78 Noor 110.957114
2 51 15.86 27.34 0.099218 2021-06-23 15:06:17.941741 23 79 Noor 111.056332
2 62 17.75 27.34 0.21643 2021-06-23 15:06:18.158171 23 80 Noor 111.272762
0 255 43.96 27.45 0.321184 2021-06-23 15:06:18.479355 31 134 Carlo 111.593946
0 473 126.29 27.67 1.327023 2021-06-23 15:06:19.806378 31 135 Carlo 112.920969
0 51 15.86 27.88 0.320649 2021-06-23 15:06:20.127027 31 136 Carlo 113.241618
2 140 25.42 27.34 0.140665 2021-06-23 15:06:20.267692 23 81 Noor 113.382283
0 88 20.96 27.67 0.213027 2021-06-23 15:06:20.480719 31 137 Carlo 113.59531
1 49 15.48 27.88 0.03273 2021-06-23 15:06:20.513449 26 77 Florian 113.62804
0 56 16.76 27.67 0.513042 2021-06-23 15:06:21.026491 32 138 Carlo 114.141082
2 56 16.76 27.34 0.151403 2021-06-23 15:06:21.177894 23 82 Noor 114.292485
2 79 20.03 27.34 0.692561 2021-06-23 15:06:21.870455 23 83 Noor 114.985046
0 49 15.48 27.56 0.608001 2021-06-23 15:06:22.478456 32 139 Carlo 115.593047
1 60 17.43 27.67 0.024687 2021-06-23 15:06:22.503143 27 78 Florian 115.617734
2 199 33.86 27.34 0.484789 2021-06-23 15:06:22.987932 23 84 Noor 116.102523
0 57 16.93 27.67 0.031597 2021-06-23 15:06:23.019529 33 140 Carlo 116.13412
0 76 19.69 27.77 0.538396 2021-06-23 15:06:23.557925 34 141 Carlo 116.672516
0 153 26.90 27.67 0.110407 2021-06-23 15:06:23.668332 34 142 Carlo 116.782923
1 174 29.79 27.88 0.016855 2021-06-23 15:06:23.685187 28 79 Florian 116.799778
0 50 15.67 27.67 0.373395 2021-06-23 15:06:24.058582 35 143 Carlo 117.173173
0 56 16.76 27.56 0.488924 2021-06-23 15:06:24.547506 35 144 Carlo 117.662097
2 472 125.87 27.34 1.102955 2021-06-23 15:06:25.650461 24 85 Noor 118.765052
1 177 30.25 27.77 1.002176 2021-06-23 15:06:26.652637 29 80 Florian 119.767228
0 113 23.02 27.67 0.030052 2021-06-23 15:06:26.682689 35 145 Carlo 119.79728
2 65 18.22 27.34 0.021611 2021-06-23 15:06:26.704300 24 86 Noor 119.818891
0 243 41.74 27.88 0.155388 2021-06-23 15:06:26.859688 36 146 Carlo 119.974279
2 83 20.46 27.34 0.058422 2021-06-23 15:06:26.918110 25 87 Noor 120.032701
1 293 51.29 27.67 0.070029 2021-06-23 15:06:26.988139 30 81 Florian 120.10273
1 108 22.63 27.67 0.087739 2021-06-23 15:06:27.075878 30 82 Florian 120.190469
1 57 16.93 27.88 0.287232 2021-06-23 15:06:27.363110 30 83 Florian 120.477701
1 71 19.06 27.67 0.383663 2021-06-23 15:06:27.746773 30 84 Florian 120.861364
0 369 73.42 27.67 0.406393 2021-06-23 15:06:28.153166 36 147 Carlo 121.267757
0 88 20.96 27.56 0.505686 2021-06-23 15:06:28.658852 36 148 Carlo 121.773443
2 97 21.75 27.34 0.181828 2021-06-23 15:06:28.840680 25 88 Noor 121.955271
1 204 34.73 27.67 0.966334 2021-06-23 15:06:29.807014 30 85 Florian 122.921605
2 48 15.29 27.34 0.556905 2021-06-23 15:06:30.363919 25 89 Noor 123.47851
1 255 43.96 27.67 0.37812 2021-06-23 15:06:30.742039 30 86 Florian 123.85663
0 88 20.96 27.77 1.309751 2021-06-23 15:06:32.051790 36 149 Carlo 125.166381
2 120 23.58 27.34 0.446219 2021-06-23 15:06:32.498009 25 90 Noor 125.6126
1 83 20.46 27.67 0.157797 2021-06-23 15:06:32.655806 30 87 Florian 125.770397
2 108 22.63 27.34 0.287622 2021-06-23 15:06:32.943428 25 91 Noor 126.058019
2 63 17.91 27.34 0.410376 2021-06-23 15:06:33.353804 25 92 Noor 126.468395
2 108 22.63 27.34 0.245547 2021-06-23 15:06:33.599351 25 93 Noor 126.713942
1 184 31.36 27.88 0.584685 2021-06-23 15:06:34.184036 30 88 Florian 127.298627
1 60 17.43 27.67 0.393818 2021-06-23 15:06:34.577854 30 89 Florian 127.692445
1 79 20.03 27.67 0.056833 2021-06-23 15:06:34.634687 30 90 Florian 127.749278
1 56 16.76 27.67 0.591949 2021-06-23 15:06:35.226636 30 91 Florian 128.341227
1 167 28.76 27.67 0.20806 2021-06-23 15:06:35.434696 30 92 Florian 128.549287
1 83 20.46 27.67 0.083445 2021-06-23 15:06:35.518141 30 93 Florian 128.632732
0 286 49.78 27.67 0.046088 2021-06-23 15:06:35.564229 36 150 Carlo 128.67882
2 527 155.96 27.34 0.176623 2021-06-23 15:06:35.740852 25 94 Noor 128.855443
2 88 20.96 27.34 0.124263 2021-06-23 15:06:35.865115 25 95 Noor 128.979706
1 79 20.03 27.67 0.132155 2021-06-23 15:06:35.997270 31 94 Florian 129.111861
2 67 18.51 27.34 0.016916 2021-06-23 15:06:36.014186 25 96 Noor 129.128777
0 480 130.21 27.77 0.000153 2021-06-23 15:06:36.014339 37 151 Carlo 129.12893
0 689 300.98 27.56 0.016774 2021-06-23 15:06:36.031113 38 152 Carlo 129.145704
1 255 43.96 27.67 0.114161 2021-06-23 15:06:36.145274 32 95 Florian 129.259865
2 359 69.86 27.34 0.576467 2021-06-23 15:06:36.721741 26 97 Noor 129.836332
0 56 16.76 27.67 0.319615 2021-06-23 15:06:37.041356 38 153 Carlo 130.155947
0 409 91.12 27.56 0.334306 2021-06-23 15:06:37.375662 38 154 Carlo 130.490253
1 225 38.48 27.67 0.016952 2021-06-23 15:06:37.392614 32 96 Florian 130.507205
0 127 24.18 27.77 0.280515 2021-06-23 15:06:37.673129 39 155 Carlo 130.78772
0 304 53.73 27.56 0.085533 2021-06-23 15:06:37.758662 39 156 Carlo 130.873253
0 209 35.61 27.56 0.38453 2021-06-23 15:06:38.143192 39 157 Carlo 131.257783
1 71 19.06 27.67 0.017048 2021-06-23 15:06:38.160240 33 97 Florian 131.274831
1 71 19.06 27.67 1.047395 2021-06-23 15:06:39.207635 34 98 Florian 132.322226
2 51 15.86 27.34 0.672167 2021-06-23 15:06:39.879802 26 98 Noor 132.994393
0 124 23.92 27.67 0.014781 2021-06-23 15:06:39.894583 40 158 Carlo 133.009174
1 312 55.68 27.67 0.002331 2021-06-23 15:06:39.896914 34 99 Florian 133.011505
2 135 24.92 27.34 0.596208 2021-06-23 15:06:40.493122 27 99 Noor 133.607713
0 79 20.03 27.77 0.186026 2021-06-23 15:06:40.679148 41 159 Carlo 133.793739
0 99 21.91 27.77 0.825568 2021-06-23 15:06:41.504716 41 160 Carlo 134.619307
1 97 21.75 27.88 0.149477 2021-06-23 15:06:41.654193 35 100 Florian 134.768784
2 485 135.76 27.34 0.017958 2021-06-23 15:06:41.672151 27 100 Noor 134.786742
2 63 17.91 27.34 0.541172 2021-06-23 15:06:42.213323 28 101 Noor 135.327914
2 51 15.86 27.34 0.049972 2021-06-23 15:06:42.263295 28 102 Noor 135.377886
0 327 59.28 27.77 0.511031 2021-06-23 15:06:42.774326 41 161 Carlo 135.888917
1 476 129.76 27.77 0.091048 2021-06-23 15:06:42.865374 36 101 Florian 135.979965
2 176 30.09 27.34 0.32019 2021-06-23 15:06:43.185564 28 103 Noor 136.300155
2 192 32.67 27.34 1.732999 2021-06-23 15:06:44.918563 28 104 Noor 138.033154
2 96 21.67 27.34 0.374523 2021-06-23 15:06:45.293086 28 105 Noor 138.407677
0 49 15.48 27.67 0.880164 2021-06-23 15:06:46.173250 41 162 Carlo 139.287841
1 359 69.86 27.88 0.049123 2021-06-23 15:06:46.222373 36 102 Florian 139.336964
1 57 16.93 27.67 0.758558 2021-06-23 15:06:46.980931 37 103 Florian 140.095522
0 198 33.69 27.77 1.018078 2021-06-23 15:06:47.999009 42 163 Carlo 141.1136
