# layer adc volt temp timediff time detector_muon_count detector_count detector_name
0 352 66.89 27.67 0.012796 2021-06-23 15:04:51.484334 4 28 Carlo 24.598925
1 273 47.25 27.67 0.002044 2021-06-23 15:04:51.486378 3 10 Florian 24.600969
2 76 19.69 27.34 0.623592 2021-06-23 15:04:51.471538 4 18 Noor 24.586129

0 345 64.98 27.67 0.012694 2021-06-23 15:05:19.134476 15 58 Carlo 52.249067
1 147 26.19 27.67 0.002119 2021-06-23 15:05:19.136595 10 38 Florian 52.251186
2 76 19.69 27.34 0.077004 2021-06-23 15:05:19.121782 11 37 Noor 52.236373

0 60 17.43 27.56 0.474569 2021-06-23 15:05:23.135501 16 66 Carlo 56.250092
1 134 24.82 27.77 0.033688 2021-06-23 15:05:23.169189 11 40 Florian 56.28378
2 225 38.48 27.34 0.007487 2021-06-23 15:05:23.209946 12 40 Noor 56.324537

0 227 38.83 27.56 0.000148 2021-06-23 15:05:49.414397 23 107 Carlo 82.528988
1 79 20.03 27.77 0.34139 2021-06-23 15:05:49.398352 15 52 Florian 82.512943
2 65 18.22 27.34 0.015897 2021-06-23 15:05:49.414249 16 61 Noor 82.52884

0 153 26.90 27.67 0.012791 2021-06-23 15:05:54.040042 25 111 Carlo 87.154633
1 415 95.00 27.77 0.003284 2021-06-23 15:05:54.043326 17 57 Florian 87.157917
2 76 19.69 27.34 0.31229 2021-06-23 15:05:54.027251 17 63 Noor 87.141842

0 60 17.43 27.67 0.040018 2021-06-23 15:06:12.385872 30 128 Carlo 105.500463
1 281 48.90 27.88 0.480254 2021-06-23 15:06:12.289427 24 68 Florian 105.404018
2 519 154.30 27.34 0.017875 2021-06-23 15:06:12.307302 22 74 Noor 105.421893

0 113 23.02 27.67 0.030052 2021-06-23 15:06:26.682689 36 146 Carlo 119.79728
1 177 30.25 27.77 1.002176 2021-06-23 15:06:26.652637 30 80 Florian 119.767228
2 65 18.22 27.34 0.021611 2021-06-23 15:06:26.704300 25 86 Noor 119.818891

0 480 130.21 27.77 0.000153 2021-06-23 15:06:36.014339 38 152 Carlo 129.12893
1 79 20.03 27.67 0.132155 2021-06-23 15:06:35.997270 32 95 Florian 129.111861
2 67 18.51 27.34 0.016916 2021-06-23 15:06:36.014186 26 96 Noor 129.128777

0 124 23.92 27.67 0.014781 2021-06-23 15:06:39.894583 41 158 Carlo 133.009174
1 312 55.68 27.67 0.002331 2021-06-23 15:06:39.896914 35 99 Florian 133.011505
2 51 15.86 27.34 0.672167 2021-06-23 15:06:39.879802 27 99 Noor 132.994393

0 248 42.69 27.67 0.000163 2021-06-23 15:07:01.289235 44 175 Carlo 154.403826
1 284 49.41 27.88 0.252868 2021-06-23 15:07:01.270060 44 114 Florian 154.384651
2 60 17.43 27.34 0.019012 2021-06-23 15:07:01.289072 36 120 Noor 154.403663

0 487 132.65 27.56 0.015921 2021-06-23 15:07:24.302691 50 201 Carlo 177.417282
1 787 674.49 27.77 0.003295 2021-06-23 15:07:24.305986 52 130 Florian 177.420577
2 387 81.05 27.34 0.537108 2021-06-23 15:07:24.286770 41 134 Noor 177.401361

0 143 25.74 27.67 0.000155 2021-06-23 15:07:44.182956 54 220 Carlo 197.297547
1 89 21.05 27.77 0.324581 2021-06-23 15:07:44.164825 55 143 Florian 197.279416
2 60 17.43 27.34 0.017976 2021-06-23 15:07:44.182801 43 145 Noor 197.297392

0 167 28.76 27.88 0.000153 2021-06-23 15:08:08.971245 59 251 Carlo 222.085836
1 76 19.69 27.88 0.033582 2021-06-23 15:08:08.936604 61 167 Florian 222.051195
2 60 17.43 27.34 0.034488 2021-06-23 15:08:08.971092 49 162 Noor 222.085683

0 206 35.07 27.45 1.021487 2021-06-23 15:08:19.712320 64 264 Carlo 232.826911
1 56 16.76 27.67 0.017946 2021-06-23 15:08:19.730266 66 175 Florian 232.844857
2 51 15.86 27.34 0.000158 2021-06-23 15:08:19.730424 52 173 Noor 232.845015

0 179 30.55 27.77 1.580951 2021-06-23 15:08:39.907749 66 283 Carlo 253.02234
1 295 51.75 27.77 0.017853 2021-06-23 15:08:39.925602 70 187 Florian 253.040193
2 51 15.86 27.34 0.001339 2021-06-23 15:08:39.926941 55 184 Noor 253.041532

0 448 112.41 27.56 0.015838 2021-06-23 15:08:40.488809 67 284 Carlo 253.6034
1 97 21.75 27.67 0.003189 2021-06-23 15:08:40.491998 71 188 Florian 253.606589
2 88 20.96 27.34 0.409994 2021-06-23 15:08:40.472971 56 186 Noor 253.587562

0 159 27.66 27.45 0.403501 2021-06-23 15:08:57.357212 69 297 Carlo 270.471803
1 70 18.93 27.77 0.017988 2021-06-23 15:08:57.375200 73 195 Florian 270.489791
2 88 20.96 27.34 0.001088 2021-06-23 15:08:57.376288 57 193 Noor 270.490879

0 89 21.05 27.67 0.040715 2021-06-23 15:09:16.374573 73 321 Carlo 289.489164
1 143 25.74 27.67 0.015908 2021-06-23 15:09:16.333858 78 202 Florian 289.448449
2 51 15.86 27.34 0.178249 2021-06-23 15:09:16.317950 63 208 Noor 289.432541

0 176 30.09 27.67 0.957501 2021-06-23 15:09:34.888344 75 333 Carlo 308.002935
1 88 20.96 27.77 0.01795 2021-06-23 15:09:34.906294 82 217 Florian 308.020885
2 60 17.43 27.34 0.001199 2021-06-23 15:09:34.907493 66 216 Noor 308.022084

0 177 30.25 27.56 0.222821 2021-06-23 15:09:36.724167 76 334 Carlo 309.838758
1 66 18.36 27.77 0.017906 2021-06-23 15:09:36.742073 83 218 Florian 309.856664
2 63 17.91 27.34 0.001503 2021-06-23 15:09:36.743576 67 218 Noor 309.858167

0 192 32.67 27.88 0.021127 2021-06-23 15:09:50.828575 79 345 Carlo 323.943166
1 319 57.64 27.77 2.179789 2021-06-23 15:09:50.787638 86 223 Florian 323.902229
2 263 45.37 27.34 0.01981 2021-06-23 15:09:50.807448 70 225 Noor 323.922039

0 224 38.29 27.67 1.156456 2021-06-23 15:10:03.166073 81 359 Carlo 336.280664
1 536 160.18 27.77 0.01775 2021-06-23 15:10:03.183823 90 232 Florian 336.298414
2 135 24.92 27.34 0.003594 2021-06-23 15:10:03.187417 73 231 Noor 336.302008

0 115 23.18 27.56 0.509645 2021-06-23 15:10:21.755720 85 378 Carlo 354.870311
1 63 17.91 27.67 0.017821 2021-06-23 15:10:21.773541 94 244 Florian 354.888132
2 56 16.76 27.34 0.001285 2021-06-23 15:10:21.774826 78 245 Noor 354.889417

0 60 17.43 27.67 0.015742 2021-06-23 15:10:35.764252 88 389 Carlo 368.878843
1 60 17.43 27.67 0.001201 2021-06-23 15:10:35.765453 98 250 Florian 368.880044
2 96 21.67 27.34 0.244527 2021-06-23 15:10:35.748510 80 251 Noor 368.863101

0 106 22.47 27.77 1.530861 2021-06-23 15:11:11.650021 93 430 Carlo 404.764612
1 103 22.23 27.67 0.017766 2021-06-23 15:11:11.667787 105 267 Florian 404.782378
2 89 21.05 27.34 0.002185 2021-06-23 15:11:11.669972 83 275 Noor 404.784563

0 217 37.04 27.77 0.785649 2021-06-23 15:11:28.781591 94 444 Carlo 421.896182
1 79 20.03 27.77 0.017738 2021-06-23 15:11:28.799329 107 274 Florian 421.91392
2 60 17.43 27.34 0.016073 2021-06-23 15:11:28.815402 85 289 Noor 421.929993

0 142 25.64 27.56 0.033684 2021-06-23 15:11:41.043275 97 454 Carlo 434.157866
1 103 22.23 27.77 0.00016 2021-06-23 15:11:41.043435 111 280 Florian 434.158026
2 96 21.67 27.34 0.292623 2021-06-23 15:11:41.009591 89 300 Noor 434.124182

0 286 49.78 27.77 0.016981 2021-06-23 15:11:43.262975 99 456 Carlo 436.377566
1 103 22.23 27.67 0.01346 2021-06-23 15:11:43.276435 112 281 Florian 436.391026
2 120 23.58 27.34 0.163658 2021-06-23 15:11:43.245994 91 303 Noor 436.360585

0 201 34.22 27.67 0.207234 2021-06-23 15:11:50.963382 101 465 Carlo 444.077973
1 240 41.21 27.67 0.01786 2021-06-23 15:11:50.981242 117 288 Florian 444.095833
2 124 23.92 27.34 0.002485 2021-06-23 15:11:50.983727 95 312 Noor 444.098318

0 192 32.67 27.77 0.760249 2021-06-23 15:12:11.670930 105 482 Carlo 464.785521
1 240 41.21 27.67 0.017978 2021-06-23 15:12:11.688908 120 297 Florian 464.803499
2 243 41.74 27.34 0.002298 2021-06-23 15:12:11.691206 99 324 Noor 464.805797

0 300 52.79 27.67 0.015829 2021-06-23 15:12:28.019007 109 493 Carlo 481.133598
1 127 24.18 27.67 0.00216 2021-06-23 15:12:28.021167 125 307 Florian 481.135758
2 70 18.93 27.34 0.071268 2021-06-23 15:12:28.003178 101 337 Noor 481.117769

0 216 36.85 27.77 0.016893 2021-06-23 15:12:37.894402 111 501 Carlo 491.008993
1 204 34.73 27.67 0.001008 2021-06-23 15:12:37.895410 129 312 Florian 491.010001
2 207 35.26 27.34 0.209626 2021-06-23 15:12:37.877509 104 348 Noor 490.9921

0 179 30.55 27.67 0.230852 2021-06-23 15:12:41.841639 114 507 Carlo 494.95623
1 69 18.79 27.67 0.017867 2021-06-23 15:12:41.859506 134 318 Florian 494.974097
2 83 20.46 27.34 0.001209 2021-06-23 15:12:41.860715 107 351 Noor 494.975306

0 207 35.26 27.67 0.74587 2021-06-23 15:13:45.052777 125 568 Carlo 558.167368
1 142 25.64 27.67 0.033635 2021-06-23 15:13:45.086412 147 349 Florian 558.201003
2 56 16.76 27.34 0.017283 2021-06-23 15:13:45.103695 112 375 Noor 558.218286

0 88 20.96 27.56 0.033656 2021-06-23 15:13:59.142269 128 582 Carlo 572.25686
1 53 16.22 27.88 0.008236 2021-06-23 15:13:59.150505 152 355 Florian 572.265096
2 77 19.81 27.34 0.284225 2021-06-23 15:13:59.108613 117 392 Noor 572.223204

0 113 23.02 27.77 0.205558 2021-06-23 15:14:32.354242 134 626 Carlo 605.468833
1 147 26.19 27.77 0.017818 2021-06-23 15:14:32.372060 161 379 Florian 605.486651
2 472 125.87 27.34 0.002336 2021-06-23 15:14:32.374396 121 405 Noor 605.488987

0 156 27.28 27.56 0.015888 2021-06-23 15:14:48.814687 138 637 Carlo 621.929278
1 56 16.76 27.88 0.002147 2021-06-23 15:14:48.816834 164 385 Florian 621.931425
2 51 15.86 27.34 1.581958 2021-06-23 15:14:48.798799 125 420 Noor 621.91339

0 221 37.76 27.77 0.04024 2021-06-23 15:15:01.193801 140 645 Carlo 634.308392
1 184 31.36 27.88 0.016771 2021-06-23 15:15:01.153561 167 390 Florian 634.268152
2 184 31.36 27.34 1.975548 2021-06-23 15:15:01.136790 127 425 Noor 634.251381

0 88 20.96 27.67 0.01698 2021-06-23 15:15:21.475663 143 666 Carlo 654.590254
1 89 21.05 27.77 0.000158 2021-06-23 15:15:21.475821 171 399 Florian 654.590412
2 255 43.96 27.34 0.340467 2021-06-23 15:15:21.458683 129 437 Noor 654.573274

0 312 55.68 27.67 0.016972 2021-06-23 15:15:24.344554 145 668 Carlo 657.459145
1 176 30.09 27.67 0.000881 2021-06-23 15:15:24.345435 173 404 Florian 657.460026
2 114 23.10 27.34 1.001896 2021-06-23 15:15:24.327582 130 439 Noor 657.442173

0 492 134.92 27.77 0.015829 2021-06-23 15:15:40.578580 151 685 Carlo 673.693171
1 291 50.97 27.77 0.003353 2021-06-23 15:15:40.581933 182 421 Florian 673.696524
2 51 15.86 27.34 0.098156 2021-06-23 15:15:40.562751 136 452 Noor 673.677342

0 293 51.29 27.67 0.015851 2021-06-23 15:16:41.928623 158 750 Carlo 735.043214
1 327 59.28 27.67 0.002151 2021-06-23 15:16:41.930774 191 449 Florian 735.045365
2 51 15.86 27.34 1.342697 2021-06-23 15:16:41.912772 143 480 Noor 735.027363

0 156 27.28 27.67 0.00406 2021-06-23 15:16:42.814027 159 752 Carlo 735.928618
1 63 17.91 27.77 0.327037 2021-06-23 15:16:42.790843 192 451 Florian 735.905434
2 275 47.73 27.34 0.019124 2021-06-23 15:16:42.809967 144 481 Noor 735.924558

0 167 28.76 27.67 0.017004 2021-06-23 15:17:31.242725 167 782 Carlo 784.357316
1 126 24.09 27.88 0.000984 2021-06-23 15:17:31.243709 200 480 Florian 784.3583
2 255 43.96 27.34 1.563196 2021-06-23 15:17:31.225721 147 499 Noor 784.340312

0 216 36.85 27.77 0.25586 2021-06-23 15:17:32.747165 168 787 Carlo 785.861756
1 71 19.06 27.67 0.01809 2021-06-23 15:17:32.765255 201 483 Florian 785.879846
2 492 134.92 27.34 0.02945 2021-06-23 15:17:32.794705 148 501 Noor 785.909296

0 176 30.09 27.67 0.016901 2021-06-23 15:18:02.239135 173 810 Carlo 815.353726
1 108 22.63 27.67 0.000993 2021-06-23 15:18:02.240128 208 496 Florian 815.354719
2 108 22.63 27.34 0.184147 2021-06-23 15:18:02.222234 153 518 Noor 815.336825

0 487 132.65 27.67 0.015857 2021-06-23 15:18:14.722348 176 821 Carlo 827.836939
1 56 16.76 27.88 0.003246 2021-06-23 15:18:14.725594 210 499 Florian 827.840185
2 94 21.50 27.34 0.391405 2021-06-23 15:18:14.706491 155 523 Noor 827.821082

0 102 22.15 27.77 1.261693 2021-06-23 15:18:28.627451 178 835 Carlo 841.742042
1 56 16.76 27.67 0.017893 2021-06-23 15:18:28.645344 213 506 Florian 841.759935
2 61 17.60 27.34 0.001278 2021-06-23 15:18:28.646622 159 534 Noor 841.761213

0 384 80.08 27.56 0.016829 2021-06-23 15:18:46.531601 183 848 Carlo 859.646192
1 204 34.73 27.67 0.001126 2021-06-23 15:18:46.532727 219 516 Florian 859.647318
2 216 36.85 27.34 0.412754 2021-06-23 15:18:46.514772 163 542 Noor 859.629363

0 231 39.55 27.67 0.067886 2021-06-23 15:18:56.010644 185 859 Carlo 869.125235
1 327 59.28 27.88 0.017877 2021-06-23 15:18:56.028521 220 521 Florian 869.143112
2 268 46.26 27.34 0.00228 2021-06-23 15:18:56.030801 165 547 Noor 869.145392

0 138 25.22 27.56 0.222388 2021-06-23 15:18:56.253189 186 859 Carlo 869.36778
1 481 129.57 27.77 0.018039 2021-06-23 15:18:56.271228 221 522 Florian 869.385819
2 67 18.51 27.34 0.003101 2021-06-23 15:18:56.274329 166 550 Noor 869.38892

0 359 69.86 27.67 0.017041 2021-06-23 15:19:04.404135 187 867 Carlo 877.518726
1 97 21.75 27.88 0.000807 2021-06-23 15:19:04.404942 223 526 Florian 877.519533
2 105 22.39 27.34 0.444313 2021-06-23 15:19:04.387094 168 554 Noor 877.501685

0 307 54.48 27.56 0.547869 2021-06-23 15:20:04.127065 196 917 Carlo 937.241656
1 156 27.28 27.56 0.017896 2021-06-23 15:20:04.144961 232 555 Florian 937.259552
2 113 23.02 27.34 0.002287 2021-06-23 15:20:04.147248 175 577 Noor 937.261839

0 60 17.43 27.67 0.015905 2021-06-23 15:20:21.261422 200 937 Carlo 954.376013
1 79 20.03 27.67 0.012545 2021-06-23 15:20:21.273967 234 566 Florian 954.388558
2 88 20.96 27.34 0.770264 2021-06-23 15:20:21.245517 178 585 Noor 954.360108

0 305 53.88 27.88 0.168444 2021-06-23 15:20:28.204754 203 943 Carlo 961.319345
1 57 16.93 27.77 0.012146 2021-06-23 15:20:28.234828 237 573 Florian 961.349419
2 56 16.76 27.34 0.017928 2021-06-23 15:20:28.222682 181 590 Noor 961.337273

0 93 21.41 27.56 0.013049 2021-06-23 15:20:47.045034 207 959 Carlo 980.159625
1 81 20.25 27.77 0.033772 2021-06-23 15:20:46.995736 241 581 Florian 980.110327
2 121 23.66 27.34 0.036249 2021-06-23 15:20:47.031985 182 599 Noor 980.146576

0 291 50.97 27.67 0.015981 2021-06-23 15:20:48.066995 208 961 Carlo 981.181586
1 76 19.69 27.77 0.002078 2021-06-23 15:20:48.069073 242 582 Florian 981.183664
2 48 15.29 27.34 0.593053 2021-06-23 15:20:48.051014 183 600 Noor 981.165605

0 158 27.53 27.56 0.016807 2021-06-23 15:20:49.957632 209 966 Carlo 983.072223
1 101 22.08 27.88 0.001173 2021-06-23 15:20:49.958805 243 584 Florian 983.073396
2 108 22.63 27.34 0.265529 2021-06-23 15:20:49.940825 184 602 Noor 983.055416

0 194 33.00 27.56 1.078414 2021-06-23 15:21:02.030536 213 981 Carlo 995.145127
1 117 23.34 27.67 0.017924 2021-06-23 15:21:02.048460 246 595 Florian 995.163051
2 102 22.15 27.34 0.002284 2021-06-23 15:21:02.050744 186 605 Noor 995.165335

0 185 31.51 27.67 0.726653 2021-06-23 15:21:04.273455 214 986 Carlo 997.388046
1 177 30.25 27.88 0.017975 2021-06-23 15:21:04.291430 247 598 Florian 997.406021
2 115 23.18 27.34 0.003288 2021-06-23 15:21:04.294718 187 606 Noor 997.409309

0 199 33.86 27.67 0.204841 2021-06-23 15:21:09.635060 215 994 Carlo 1002.749651
1 207 35.26 27.67 0.018925 2021-06-23 15:21:09.653985 249 601 Florian 1002.768576
2 323 58.48 27.34 0.002315 2021-06-23 15:21:09.656300 189 613 Noor 1002.770891

0 114 23.10 27.56 0.000163 2021-06-23 15:21:11.044142 216 996 Carlo 1004.158733
1 207 35.26 27.67 0.066324 2021-06-23 15:21:11.029024 250 602 Florian 1004.143615
2 83 20.46 27.34 0.014955 2021-06-23 15:21:11.043979 190 615 Noor 1004.15857

0 153 26.90 27.56 0.017773 2021-06-23 15:21:21.568444 219 1009 Carlo 1014.683035
1 83 20.46 27.67 0.00217 2021-06-23 15:21:21.570614 253 608 Florian 1014.685205
2 167 28.76 27.34 0.282791 2021-06-23 15:21:21.550671 191 622 Noor 1014.665262

0 115 23.18 27.67 0.019017 2021-06-23 15:21:39.561597 223 1024 Carlo 1032.676188
1 159 27.66 27.67 0.001134 2021-06-23 15:21:39.562731 260 622 Florian 1032.677322
2 728 431.28 27.24 0.17873 2021-06-23 15:21:39.542580 197 633 Noor 1032.657171

0 60 17.43 27.67 0.016997 2021-06-23 15:21:40.870267 224 1026 Carlo 1033.984858
1 110 22.78 27.67 0.011635 2021-06-23 15:21:40.881902 261 623 Florian 1033.996493
2 97 21.75 27.34 0.266119 2021-06-23 15:21:40.853270 198 634 Noor 1033.967861

0 268 46.26 27.56 0.016744 2021-06-23 15:22:05.316609 228 1047 Carlo 1058.4312
1 63 17.91 27.77 0.003346 2021-06-23 15:22:05.319955 263 635 Florian 1058.434546
2 97 21.75 27.34 0.991819 2021-06-23 15:22:05.299865 201 643 Noor 1058.414456

0 143 25.74 27.67 0.016933 2021-06-23 15:22:20.404364 232 1065 Carlo 1073.518955
1 71 19.06 27.88 0.003276 2021-06-23 15:22:20.407640 268 644 Florian 1073.522231
2 49 15.48 27.34 0.392709 2021-06-23 15:22:20.387431 203 650 Noor 1073.502022

0 60 17.43 27.67 0.00017 2021-06-23 15:22:34.885619 234 1078 Carlo 1088.00021
1 184 31.36 27.77 1.014874 2021-06-23 15:22:34.864218 271 655 Florian 1087.978809
2 96 21.67 27.34 0.021231 2021-06-23 15:22:34.885449 205 658 Noor 1088.00004

0 143 25.74 27.67 0.000162 2021-06-23 15:22:36.642276 235 1082 Carlo 1089.756867
1 327 59.28 27.67 0.587106 2021-06-23 15:22:36.621215 272 656 Florian 1089.735806
2 242 41.58 27.34 0.020899 2021-06-23 15:22:36.642114 206 659 Noor 1089.756705

0 199 33.86 27.67 0.021041 2021-06-23 15:22:46.104920 236 1093 Carlo 1099.219511
1 115 23.18 27.88 1.020824 2021-06-23 15:22:46.083879 273 660 Florian 1099.19847
2 83 20.46 27.34 0.044797 2021-06-23 15:22:46.149717 207 664 Noor 1099.264308

0 280 48.67 27.56 0.000166 2021-06-23 15:22:59.957942 239 1111 Carlo 1113.072533
1 149 26.42 27.67 0.523786 2021-06-23 15:22:59.936656 277 666 Florian 1113.051247
2 243 41.74 27.34 0.02112 2021-06-23 15:22:59.957776 209 672 Noor 1113.072367

0 216 36.85 27.56 0.016891 2021-06-23 15:23:12.115893 242 1124 Carlo 1125.230484
1 121 23.66 27.67 0.003229 2021-06-23 15:23:12.119122 281 677 Florian 1125.233713
2 78 19.92 27.34 0.100366 2021-06-23 15:23:12.099002 211 676 Noor 1125.213593

0 236 40.44 27.77 0.016054 2021-06-23 15:23:14.210733 243 1126 Carlo 1127.325324
1 78 19.92 27.67 0.416711 2021-06-23 15:23:14.174770 282 678 Florian 1127.289361
2 60 17.43 27.34 0.019909 2021-06-23 15:23:14.194679 212 677 Noor 1127.30927

0 359 69.86 27.67 0.013103 2021-06-23 15:23:20.940238 245 1132 Carlo 1134.054829
1 307 54.48 27.77 0.01689 2021-06-23 15:23:20.927135 284 682 Florian 1134.041726
2 89 21.05 27.34 1.590851 2021-06-23 15:23:20.910245 215 683 Noor 1134.024836

0 131 24.54 27.88 0.016998 2021-06-23 15:23:48.870601 251 1158 Carlo 1161.985192
1 71 19.06 27.88 0.00319 2021-06-23 15:23:48.873791 292 700 Florian 1161.988382
2 71 19.06 27.34 0.151274 2021-06-23 15:23:48.853603 220 700 Noor 1161.968194

0 141 25.53 27.67 0.872447 2021-06-23 15:23:49.746238 252 1159 Carlo 1162.860829
1 83 20.46 27.88 0.02009 2021-06-23 15:23:49.766328 293 701 Florian 1162.880919
2 366 72.41 27.34 0.01044 2021-06-23 15:23:49.776768 221 701 Noor 1162.891359

0 163 28.20 27.67 0.017959 2021-06-23 15:23:52.398926 254 1163 Carlo 1165.513517
1 505 145.23 27.77 0.012233 2021-06-23 15:23:52.411159 295 704 Florian 1165.52575
2 220 37.58 27.34 1.383987 2021-06-23 15:23:52.380967 222 703 Noor 1165.495558

0 63 17.91 27.77 0.041174 2021-06-23 15:24:07.132629 255 1179 Carlo 1180.24722
1 78 19.92 27.77 0.119452 2021-06-23 15:24:07.071495 297 711 Florian 1180.186086
2 263 45.37 27.34 0.01996 2021-06-23 15:24:07.091455 224 714 Noor 1180.206046

0 199 33.86 27.67 0.002092 2021-06-23 15:24:35.841750 263 1206 Carlo 1208.956341
1 85 20.67 27.77 0.292778 2021-06-23 15:24:35.806125 304 726 Florian 1208.920716
2 73 19.32 27.45 0.033533 2021-06-23 15:24:35.839658 230 729 Noor 1208.954249

0 268 46.26 27.67 0.017897 2021-06-23 15:24:36.443469 264 1208 Carlo 1209.55806
1 255 43.96 27.88 0.012198 2021-06-23 15:24:36.455667 306 727 Florian 1209.570258
2 316 56.81 27.34 0.320872 2021-06-23 15:24:36.425572 232 731 Noor 1209.540163

0 199 33.86 27.67 1.134668 2021-06-23 15:24:50.436680 268 1222 Carlo 1223.551271
1 60 17.43 27.77 0.010192 2021-06-23 15:24:50.466892 311 737 Florian 1223.581483
2 71 19.06 27.13 0.02002 2021-06-23 15:24:50.456700 236 739 Noor 1223.571291

0 376 76.43 27.56 0.504545 2021-06-23 15:25:09.632299 272 1254 Carlo 1242.74689
1 103 22.23 27.88 0.020007 2021-06-23 15:25:09.652306 315 756 Florian 1242.766897
2 57 16.93 27.34 0.038243 2021-06-23 15:25:09.704367 239 748 Noor 1242.818958

0 419 97.20 27.67 0.798203 2021-06-23 15:25:11.417047 273 1256 Carlo 1244.531638
1 240 41.21 27.77 0.020128 2021-06-23 15:25:11.437175 316 758 Florian 1244.551766
2 97 21.75 27.34 0.001052 2021-06-23 15:25:11.438227 240 750 Noor 1244.552818

0 113 23.02 27.77 0.041526 2021-06-23 15:25:12.016736 274 1257 Carlo 1245.131327
1 159 27.66 27.67 0.016986 2021-06-23 15:25:11.975210 317 759 Florian 1245.089801
2 96 21.67 27.34 0.519997 2021-06-23 15:25:11.958224 241 751 Noor 1245.072815

0 114 23.10 27.67 0.046561 2021-06-23 15:25:15.490130 275 1260 Carlo 1248.604721
1 220 37.58 27.56 0.017829 2021-06-23 15:25:15.443569 320 765 Florian 1248.55816
2 185 31.51 27.34 0.190001 2021-06-23 15:25:15.425740 244 754 Noor 1248.540331

0 344 64.67 27.56 0.070242 2021-06-23 15:25:29.950994 282 1289 Carlo 1263.065585
1 105 22.39 27.88 0.020012 2021-06-23 15:25:29.971006 324 776 Florian 1263.085597
2 62 17.75 27.34 0.000776 2021-06-23 15:25:29.971782 252 769 Noor 1263.086373

0 561 174.17 27.56 0.040709 2021-06-23 15:25:44.010545 287 1316 Carlo 1277.125136
1 51 15.86 27.77 0.070052 2021-06-23 15:25:43.969836 329 786 Florian 1277.084427
2 70 18.93 27.34 0.038217 2021-06-23 15:25:44.082392 257 777 Noor 1277.196983

0 152 26.78 27.67 0.018109 2021-06-23 15:25:49.320972 288 1320 Carlo 1282.435563
1 77 19.81 27.56 0.009828 2021-06-23 15:25:49.330800 332 790 Florian 1282.445391
2 159 27.66 27.34 0.370287 2021-06-23 15:25:49.302863 260 785 Noor 1282.417454

0 199 33.86 27.67 0.016961 2021-06-23 15:26:00.706244 290 1334 Carlo 1293.820835
1 131 24.54 27.67 0.003078 2021-06-23 15:26:00.709322 337 803 Florian 1293.823913
2 83 20.46 27.34 0.439593 2021-06-23 15:26:00.689283 266 797 Noor 1293.803874

0 339 62.98 27.67 0.015247 2021-06-23 15:26:27.493807 295 1360 Carlo 1320.608398
1 78 19.92 27.77 0.08168 2021-06-23 15:26:27.444808 341 817 Florian 1320.559399
2 192 32.67 27.34 0.033752 2021-06-23 15:26:27.478560 270 817 Noor 1320.593151

0 127 24.18 27.67 0.016961 2021-06-23 15:26:27.845283 296 1362 Carlo 1320.959874
1 71 19.06 27.88 0.003178 2021-06-23 15:26:27.848461 342 818 Florian 1320.963052
2 99 21.91 27.34 0.332447 2021-06-23 15:26:27.828322 271 817 Noor 1320.942913

0 77 19.81 27.67 0.420647 2021-06-23 15:27:26.293458 304 1425 Carlo 1379.408049
1 97 21.75 27.77 0.018955 2021-06-23 15:27:26.312413 351 837 Florian 1379.427004
2 120 23.58 27.34 0.000996 2021-06-23 15:27:26.313409 277 845 Noor 1379.428

0 255 43.96 27.67 0.931162 2021-06-23 15:28:09.065094 310 1457 Carlo 1422.179685
1 217 37.04 27.88 0.020014 2021-06-23 15:28:09.085108 357 861 Florian 1422.199699
2 56 16.76 27.34 0.001126 2021-06-23 15:28:09.086234 280 866 Noor 1422.200825

0 312 55.68 27.67 0.271573 2021-06-23 15:28:19.370637 313 1464 Carlo 1432.485228
1 63 17.91 27.88 0.020133 2021-06-23 15:28:19.390770 360 867 Florian 1432.505361
2 63 17.91 27.45 0.000198 2021-06-23 15:28:19.390968 281 875 Noor 1432.505559

0 103 22.23 27.77 0.221277 2021-06-23 15:28:25.206156 314 1468 Carlo 1438.320747
1 287 50.23 27.88 0.019865 2021-06-23 15:28:25.246035 361 868 Florian 1438.360626
2 78 19.92 27.34 0.020014 2021-06-23 15:28:25.226170 282 881 Noor 1438.340761

0 127 24.18 27.67 0.000159 2021-06-23 15:29:34.322295 321 1527 Carlo 1507.436886
1 82 20.36 27.67 0.361254 2021-06-23 15:29:34.302111 373 896 Florian 1507.416702
2 56 16.76 27.34 0.020025 2021-06-23 15:29:34.322136 288 919 Noor 1507.436727

0 181 30.87 27.77 0.018042 2021-06-23 15:29:48.192838 322 1531 Carlo 1521.307429
1 66 18.36 27.88 0.001756 2021-06-23 15:29:48.194594 374 900 Florian 1521.309185
2 156 27.28 27.34 0.375631 2021-06-23 15:29:48.174796 289 925 Noor 1521.289387

0 103 22.23 27.77 0.051338 2021-06-23 15:29:50.469872 323 1535 Carlo 1523.584463
1 248 42.69 27.67 0.020066 2021-06-23 15:29:50.489938 375 901 Florian 1523.604529
2 56 16.76 27.34 0.001199 2021-06-23 15:29:50.491137 290 928 Noor 1523.605728

0 135 24.92 27.67 0.018057 2021-06-23 15:29:50.812172 324 1537 Carlo 1523.926763
1 510 148.47 27.67 0.002116 2021-06-23 15:29:50.814288 376 902 Florian 1523.928879
2 102 22.15 27.34 0.302978 2021-06-23 15:29:50.794115 291 928 Noor 1523.908706

0 199 33.86 27.67 0.017793 2021-06-23 15:29:56.846640 325 1541 Carlo 1529.961231
1 206 35.07 27.67 0.002079 2021-06-23 15:29:56.848719 377 905 Florian 1529.96331
2 110 22.78 27.34 0.111273 2021-06-23 15:29:56.828847 292 932 Noor 1529.943438

0 199 33.86 27.77 1.560953 2021-06-23 15:30:07.775983 327 1549 Carlo 1540.890574
1 112 22.94 27.77 0.017997 2021-06-23 15:30:07.826367 378 911 Florian 1540.940958
2 103 22.23 27.34 0.032387 2021-06-23 15:30:07.808370 294 942 Noor 1540.922961

0 309 55.01 27.56 0.000165 2021-06-23 15:30:27.639722 328 1564 Carlo 1560.754313
1 103 22.23 27.67 1.289662 2021-06-23 15:30:27.618378 382 924 Florian 1560.732969
2 152 26.78 27.34 0.021179 2021-06-23 15:30:27.639557 298 959 Noor 1560.754148

0 211 35.96 27.88 0.163725 2021-06-23 15:30:33.934627 330 1570 Carlo 1567.049218
1 425 99.48 27.67 0.033704 2021-06-23 15:30:33.968331 384 927 Florian 1567.082922
2 120 23.58 27.34 0.000178 2021-06-23 15:30:33.968509 299 962 Noor 1567.0831

0 97 21.75 27.67 0.365602 2021-06-23 15:30:46.169158 331 1580 Carlo 1579.283749
1 88 20.96 27.88 0.033748 2021-06-23 15:30:46.202906 386 936 Florian 1579.317497
2 77 19.81 27.34 0.006876 2021-06-23 15:30:46.209782 301 966 Noor 1579.324373

0 192 32.67 27.77 0.017021 2021-06-23 15:30:59.555126 335 1594 Carlo 1592.669717
1 63 17.91 27.67 0.003138 2021-06-23 15:30:59.558264 389 942 Florian 1592.672855
2 76 19.69 27.34 0.162047 2021-06-23 15:30:59.538105 305 975 Noor 1592.652696

0 197 33.52 27.67 0.016939 2021-06-23 15:31:05.813283 337 1603 Carlo 1598.927874
1 167 28.76 27.99 0.003104 2021-06-23 15:31:05.816387 391 947 Florian 1598.930978
2 79 20.03 27.34 0.145206 2021-06-23 15:31:05.796344 306 976 Noor 1598.910935

0 281 48.90 27.67 0.000257 2021-06-23 15:31:30.446038 340 1626 Carlo 1623.560629
1 178 30.40 27.88 1.20712 2021-06-23 15:31:30.424738 394 958 Florian 1623.539329
2 153 26.90 27.34 0.021043 2021-06-23 15:31:30.445781 311 990 Noor 1623.560372

0 211 35.96 27.67 0.89846 2021-06-23 15:32:02.876895 345 1651 Carlo 1655.991486
1 231 39.55 27.77 0.019915 2021-06-23 15:32:02.896810 400 971 Florian 1656.011401
2 83 20.46 27.34 0.001319 2021-06-23 15:32:02.898129 315 1010 Noor 1656.01272

0 48 15.29 27.67 0.010072 2021-06-23 15:32:25.336235 347 1667 Carlo 1678.450826
1 163 28.20 27.67 1.172998 2021-06-23 15:32:25.304942 402 977 Florian 1678.419533
2 273 47.25 27.34 0.021221 2021-06-23 15:32:25.326163 318 1020 Noor 1678.440754

0 79 20.03 27.77 0.019016 2021-06-23 15:32:32.560830 349 1676 Carlo 1685.675421
1 67 18.51 27.67 0.000163 2021-06-23 15:32:32.560993 406 986 Florian 1685.675584
2 195 33.17 27.34 0.388995 2021-06-23 15:32:32.541814 321 1027 Noor 1685.656405

0 176 30.09 27.67 0.017967 2021-06-23 15:32:36.003996 350 1679 Carlo 1689.118587
1 105 22.39 27.99 0.002182 2021-06-23 15:32:36.006178 408 989 Florian 1689.120769
2 89 21.05 27.34 1.336006 2021-06-23 15:32:35.986029 323 1029 Noor 1689.10062

0 368 72.93 27.67 0.022962 2021-06-23 15:33:02.986678 354 1702 Carlo 1716.101269
1 199 33.86 27.88 0.639189 2021-06-23 15:33:02.941495 412 1005 Florian 1716.056086
2 480 130.21 27.34 0.022221 2021-06-23 15:33:02.963716 326 1041 Noor 1716.078307

0 240 41.21 27.77 0.017896 2021-06-23 15:34:05.122496 361 1759 Carlo 1778.237087
1 69 18.79 27.67 0.002252 2021-06-23 15:34:05.124748 425 1035 Florian 1778.239339
2 81 20.25 27.34 1.025927 2021-06-23 15:34:05.104600 335 1080 Noor 1778.219191

0 608 202.86 27.56 1.06713 2021-06-23 15:34:06.191878 362 1761 Carlo 1779.306469
1 82 20.36 27.99 0.033819 2021-06-23 15:34:06.225697 426 1037 Florian 1779.340288
2 71 19.06 27.34 0.001231 2021-06-23 15:34:06.265063 336 1081 Noor 1779.379654

0 665 286.02 27.45 1.566493 2021-06-23 15:34:24.819864 364 1773 Carlo 1797.934455
1 83 20.46 27.67 0.021121 2021-06-23 15:34:24.840985 429 1046 Florian 1797.955576
2 127 24.18 27.34 0.000167 2021-06-23 15:34:24.841152 338 1092 Noor 1797.955743

0 263 45.37 27.77 0.019056 2021-06-23 15:34:26.003747 365 1777 Carlo 1799.118338
1 192 32.67 27.99 0.040526 2021-06-23 15:34:26.044273 431 1050 Florian 1799.158864
2 112 22.94 27.34 0.339909 2021-06-23 15:34:25.984691 340 1095 Noor 1799.099282

0 110 22.78 27.77 0.532913 2021-06-23 15:34:31.020796 366 1782 Carlo 1804.135387
1 78 19.92 27.99 0.020135 2021-06-23 15:34:31.040931 432 1051 Florian 1804.155522
2 268 46.26 27.34 0.004916 2021-06-23 15:34:31.045847 341 1098 Noor 1804.160438

0 199 33.86 27.67 0.03365 2021-06-23 15:35:47.051452 375 1841 Carlo 1880.166043
1 76 19.69 28.10 0.036154 2021-06-23 15:35:47.087606 445 1095 Florian 1880.202197
2 224 38.29 27.34 0.000181 2021-06-23 15:35:47.087787 350 1140 Noor 1880.202378

0 135 24.92 27.67 0.017752 2021-06-23 15:35:50.544848 376 1843 Carlo 1883.659439
1 323 58.48 27.99 0.002203 2021-06-23 15:35:50.547051 447 1100 Florian 1883.661642
2 99 21.91 27.34 0.325396 2021-06-23 15:35:50.527096 352 1144 Noor 1883.641687

0 115 23.18 27.77 0.019139 2021-06-23 15:35:50.997334 377 1845 Carlo 1884.111925
1 146 26.08 27.88 0.00108 2021-06-23 15:35:50.998414 448 1101 Florian 1884.113005
2 177 30.25 27.34 0.431144 2021-06-23 15:35:50.978195 353 1144 Noor 1884.092786

0 391 82.35 27.67 0.019552 2021-06-23 15:35:53.259987 378 1847 Carlo 1886.374578
1 172 29.49 27.77 0.020052 2021-06-23 15:35:53.280039 449 1102 Florian 1886.39463
2 167 28.76 27.34 1.844296 2021-06-23 15:35:53.240435 354 1145 Noor 1886.355026

0 280 48.67 27.67 0.017946 2021-06-23 15:36:18.597089 382 1863 Carlo 1911.71168
1 88 20.96 27.99 0.003077 2021-06-23 15:36:18.600166 454 1117 Florian 1911.714757
2 51 15.86 27.34 0.200607 2021-06-23 15:36:18.579143 360 1157 Noor 1911.693734

