# layer adc volt temp timediff time detector_muon_count detector_count detector_name
2 89 21.05 26.05 10 2021-06-23 13:39:59.196677 0 1 Noor 1.085837
1 96 21.67 27.34 0.582557 2021-06-23 13:39:59.779234 0 1 Florian 1.668394
2 499 141.24 26.05 0.012627 2021-06-23 13:39:59.791861 0 2 Noor 1.681021
2 216 36.85 26.05 0.765767 2021-06-23 13:40:00.557628 1 3 Noor 2.446788
2 96 21.67 26.05 0.204452 2021-06-23 13:40:00.762080 1 4 Noor 2.65124
2 220 37.58 26.05 0.470283 2021-06-23 13:40:01.232363 1 5 Noor 3.121523
2 62 17.75 26.05 1.549865 2021-06-23 13:40:02.782228 1 6 Noor 4.671388
1 216 36.85 27.34 2.177003 2021-06-23 13:40:04.959231 1 2 Florian 6.848391
2 65 18.22 26.27 0.013871 2021-06-23 13:40:04.973102 1 7 Noor 6.862262
1 98 21.83 27.34 0.354106 2021-06-23 13:40:05.327208 2 3 Florian 7.216368
2 159 27.66 25.73 0.15987 2021-06-23 13:40:05.487078 2 8 Noor 7.376238
1 48 15.29 27.34 1.022389 2021-06-23 13:40:06.509467 2 4 Florian 8.398627
1 89 21.05 27.34 0.947766 2021-06-23 13:40:07.457233 2 5 Florian 9.346393
1 78 19.92 27.13 0.139997 2021-06-23 13:40:07.597230 2 6 Florian 9.48639
1 319 57.64 27.13 0.434347 2021-06-23 13:40:08.031577 2 7 Florian 9.920737
2 371 73.82 26.05 0.678019 2021-06-23 13:40:08.709596 2 9 Noor 10.598756
1 81 20.25 27.34 0.011768 2021-06-23 13:40:08.721364 2 8 Florian 10.610524
1 127 24.18 27.13 2.054134 2021-06-23 13:40:10.775498 3 9 Florian 12.664658
2 71 19.06 26.05 0.013717 2021-06-23 13:40:10.789215 3 10 Noor 12.678375
2 220 37.58 25.95 3.086094 2021-06-23 13:40:13.875309 4 11 Noor 15.764469
1 231 39.55 27.24 0.012747 2021-06-23 13:40:13.888056 4 10 Florian 15.777216
2 231 39.55 26.05 2.32315 2021-06-23 13:40:16.211206 5 12 Noor 18.100366
2 140 25.42 26.05 0.889472 2021-06-23 13:40:17.100678 5 13 Noor 18.989838
2 192 32.67 26.27 0.172101 2021-06-23 13:40:17.272779 5 14 Noor 19.161939
1 96 21.67 27.34 0.079237 2021-06-23 13:40:17.352016 5 11 Florian 19.241176
1 167 28.76 27.34 0.692222 2021-06-23 13:40:18.044238 5 12 Florian 19.933398
1 89 21.05 27.34 0.485601 2021-06-23 13:40:18.529839 5 13 Florian 20.418999
2 120 23.58 25.73 1.577195 2021-06-23 13:40:20.107034 5 15 Noor 21.996194
2 304 53.73 26.05 1.310068 2021-06-23 13:40:21.417102 5 16 Noor 23.306262
1 101 22.08 27.34 0.899708 2021-06-23 13:40:22.316810 5 14 Florian 24.20597
2 62 17.75 26.05 0.016772 2021-06-23 13:40:22.333582 5 17 Noor 24.222742
2 88 20.96 26.05 1.483569 2021-06-23 13:40:23.817151 6 18 Noor 25.706311
1 58 17.10 27.34 0.012831 2021-06-23 13:40:23.829982 6 15 Florian 25.719142
2 81 20.25 26.05 0.367201 2021-06-23 13:40:24.197183 7 19 Noor 26.086343
1 49 15.48 27.34 0.190024 2021-06-23 13:40:24.387207 7 16 Florian 26.276367
1 66 18.36 27.34 0.382655 2021-06-23 13:40:24.769862 7 17 Florian 26.659022
2 76 19.69 25.73 0.478367 2021-06-23 13:40:25.248229 7 20 Noor 27.137389
2 204 34.73 26.05 0.755852 2021-06-23 13:40:26.004081 7 21 Noor 27.893241
2 78 19.92 26.27 0.064206 2021-06-23 13:40:26.068287 7 22 Noor 27.957447
1 96 21.67 27.34 0.042521 2021-06-23 13:40:26.110808 7 18 Florian 27.999968
2 71 19.06 26.05 0.34418 2021-06-23 13:40:26.454988 8 23 Noor 28.344148
2 255 43.96 26.05 0.628116 2021-06-23 13:40:27.083104 8 24 Noor 28.972264
2 83 20.46 26.05 0.242604 2021-06-23 13:40:27.325708 8 25 Noor 29.214868
1 120 23.58 27.34 0.012833 2021-06-23 13:40:27.338541 8 19 Florian 29.227701
2 127 24.18 26.05 0.041403 2021-06-23 13:40:27.379944 9 26 Noor 29.269104
1 63 17.91 27.34 0.870453 2021-06-23 13:40:28.250397 9 20 Florian 30.139557
2 280 48.67 26.05 0.65208 2021-06-23 13:40:28.902477 9 27 Noor 30.791637
1 56 16.76 27.34 0.013871 2021-06-23 13:40:28.916348 9 21 Florian 30.805508
