# layer adc volt temp timediff time detector_muon_count detector_count detector_name
0 35 12.75 29.38 0.067002 2021-06-24 18:32:49.153132 4 8 Cecile 27.196484
1 110 22.78 29.92 0.084565 2021-06-24 18:32:49.237697 12 33 Franko 27.281049
2 121 23.66 29.92 0.233122 2021-06-24 18:32:49.086130 8 29 M 27.129482

0 99 21.91 29.92 0.083758 2021-06-24 18:32:50.171916 5 9 Cecile 28.215268
1 45 14.71 29.92 0.038274 2021-06-24 18:32:50.210190 13 34 Franko 28.253542
2 271 46.93 28.20 0.378017 2021-06-24 18:32:50.088158 6 16 Niels 28.13151

0 121 23.66 29.38 0.033707 2021-06-24 18:33:01.249178 6 14 Cecile 39.29253
1 82 20.36 29.92 0.012723 2021-06-24 18:33:01.356867 20 46 Franko 39.400219
2 432 101.61 29.92 0.094966 2021-06-24 18:33:01.344144 13 46 M 39.387496

0 67 18.51 30.03 0.055191 2021-06-24 18:33:29.104187 13 26 Cecile 67.147539
1 267 46.14 34.43 0.200453 2021-06-24 18:33:29.048996 14 33 rens 67.092348
2 265 45.75 29.92 0.001047 2021-06-24 18:33:29.122189 22 78 M 67.165541

0 263 45.37 29.92 0.016104 2021-06-24 18:33:30.248373 16 29 Cecile 68.291725
1 167 28.76 29.92 0.455107 2021-06-24 18:33:30.214440 33 82 Franko 68.257792
2 238 40.82 29.92 0.017829 2021-06-24 18:33:30.232269 24 82 M 68.275621

0 67 18.51 29.92 0.000151 2021-06-24 18:33:33.199463 18 33 Cecile 71.242815
1 49 15.48 1.24 0.227454 2021-06-24 18:33:33.185481 15 37 rens 71.228833
2 224 38.29 29.92 0.013831 2021-06-24 18:33:33.199312 26 87 M 71.242664

0 96 21.67 29.92 0.044972 2021-06-24 18:33:35.680223 20 35 Cecile 73.723575
1 137 25.12 1.13 0.045775 2021-06-24 18:33:35.620201 16 40 rens 73.663553
2 92 21.32 29.92 0.01505 2021-06-24 18:33:35.635251 28 91 M 73.678603

0 152 26.78 29.92 0.014785 2021-06-24 18:33:39.605826 21 37 Cecile 77.649178
1 135 24.92 19.61 0.002977 2021-06-24 18:33:39.608803 17 43 rens 77.652155
2 76 19.69 28.31 0.027693 2021-06-24 18:33:39.591041 15 51 Noor 77.634393

0 211 35.96 29.92 0.072553 2021-06-24 18:33:45.703607 26 42 Cecile 83.746959
1 210 35.78 29.92 0.013596 2021-06-24 18:33:45.631054 39 103 Franko 83.674406
2 156 27.28 29.92 0.120913 2021-06-24 18:33:45.617458 34 106 M 83.66081

0 120 23.58 29.92 0.000155 2021-06-24 18:33:46.745059 27 44 Cecile 84.788411
1 82 20.36 6.83 0.436797 2021-06-24 18:33:46.731390 22 52 rens 84.774742
2 248 42.69 29.92 0.013514 2021-06-24 18:33:46.744904 35 107 M 84.788256

0 99 21.91 29.92 0.109461 2021-06-24 18:33:55.724781 29 46 Cecile 93.768133
1 92 21.32 9.30 0.01841 2021-06-24 18:33:55.743191 25 60 rens 93.786543
2 241 41.39 29.92 0.000262 2021-06-24 18:33:55.743453 36 119 M 93.786805

0 38 13.33 29.92 0.137334 2021-06-24 18:33:58.691632 31 49 Cecile 96.734984
1 44 14.51 29.92 0.070423 2021-06-24 18:33:58.785029 41 111 Franko 96.828381
2 167 28.76 29.92 0.022974 2021-06-24 18:33:58.714606 37 121 M 96.757958

0 167 28.76 29.92 0.215968 2021-06-24 18:34:03.168340 34 52 Cecile 101.211692
1 361 70.62 29.92 0.023816 2021-06-24 18:34:03.192156 45 120 Franko 101.235508
2 112 22.94 29.92 0.019684 2021-06-24 18:34:03.211840 42 126 M 101.255192

0 448 112.41 29.38 0.078868 2021-06-24 18:34:17.353578 35 56 Cecile 115.39693
1 73 19.32 29.92 0.035075 2021-06-24 18:34:17.274710 50 137 Franko 115.318062
2 56 16.76 28.31 0.422739 2021-06-24 18:34:17.239635 19 75 Noor 115.282987

0 295 51.75 29.92 0.807809 2021-06-24 18:34:20.039610 36 57 Cecile 118.082962
1 131 24.54 29.92 0.018782 2021-06-24 18:34:20.058392 51 138 Franko 118.101744
2 97 21.75 28.31 0.038069 2021-06-24 18:34:20.096461 20 76 Noor 118.139813

0 76 19.69 29.92 0.029775 2021-06-24 18:34:22.348910 38 62 Cecile 120.392262
1 39 13.53 29.92 0.672206 2021-06-24 18:34:22.300432 53 142 Franko 120.343784
2 483 132.60 28.31 0.018703 2021-06-24 18:34:22.319135 16 56 Niels 120.362487

0 79 20.03 29.38 0.258176 2021-06-24 18:34:31.647831 40 68 Cecile 129.691183
1 71 19.06 6.72 0.017751 2021-06-24 18:34:31.665582 34 87 rens 129.708934
2 127 24.18 28.31 0.015881 2021-06-24 18:34:31.681463 23 84 Noor 129.724815

0 304 53.73 29.92 0.01459 2021-06-24 18:34:37.173520 41 70 Cecile 135.216872
1 71 19.06 29.92 0.00434 2021-06-24 18:34:37.177860 57 152 Franko 135.221212
2 185 31.51 29.92 0.267009 2021-06-24 18:34:37.158930 50 159 M 135.202282

0 96 21.67 29.92 0.033453 2021-06-24 18:34:43.053534 42 75 Cecile 141.096886
1 127 24.18 29.92 0.000165 2021-06-24 18:34:43.053699 60 158 Franko 141.097051
2 56 16.76 30.03 0.362449 2021-06-24 18:34:43.020081 52 166 M 141.063433

0 441 109.77 29.92 0.197827 2021-06-24 18:34:46.513998 43 78 Cecile 144.55735
1 127 24.18 29.92 0.020274 2021-06-24 18:34:46.534272 62 162 Franko 144.577624
2 51 15.86 29.92 0.029644 2021-06-24 18:34:46.563916 54 173 M 144.607268

0 31 12.01 29.92 0.064526 2021-06-24 18:35:07.363315 47 83 Cecile 165.406667
1 108 22.63 29.92 0.028864 2021-06-24 18:35:07.490435 74 191 Franko 165.533787
2 31 12.01 29.92 0.729879 2021-06-24 18:35:07.298789 60 197 M 165.342141

