# layer adc volt temp timediff time detector_muon_count detector_count detector_name
2 99 21.91 29.92 10 2021-06-24 18:32:22.686337 0 1 M 0.729689
2 51 15.86 28.31 0.031815 2021-06-24 18:32:22.718152 0 1 Noor 0.761504
1 51 15.86 2.53 0.010608 2021-06-24 18:32:22.728760 0 1 rens 0.772112
1 338 62.67 29.92 0.110593 2021-06-24 18:32:22.839353 0 1 Franko 0.882705
1 192 32.67 20.90 0.118898 2021-06-24 18:32:22.958251 1 2 rens 1.001603
1 307 54.48 29.92 0.129271 2021-06-24 18:32:23.087522 0 2 Franko 1.130874
1 31 12.01 -9.07 0.110467 2021-06-24 18:32:23.197989 1 3 rens 1.241341
2 287 50.23 29.92 0.106556 2021-06-24 18:32:23.304545 0 2 M 1.347897
1 575 187.30 29.92 0.033612 2021-06-24 18:32:23.338157 0 3 Franko 1.381509
2 280 48.67 29.92 0.000164 2021-06-24 18:32:23.338321 1 3 M 1.381673
1 262 45.24 29.92 0.018615 2021-06-24 18:32:23.356936 1 4 Franko 1.400288
1 172 29.49 10.59 0.145128 2021-06-24 18:32:23.502064 1 4 rens 1.545416
2 206 35.07 29.92 0.134277 2021-06-24 18:32:23.636341 1 4 M 1.679693
1 318 57.28 29.92 0.010467 2021-06-24 18:32:23.646808 1 5 Franko 1.69016
2 220 37.58 28.31 0.230958 2021-06-24 18:32:23.877766 1 2 Noor 1.921118
1 67 18.51 2.53 0.032413 2021-06-24 18:32:23.910179 1 5 rens 1.953531
2 44 14.51 29.92 0.165603 2021-06-24 18:32:24.075782 2 5 M 2.119134
2 92 21.32 28.31 0.120822 2021-06-24 18:32:24.196604 2 3 Noor 2.239956
1 224 38.29 29.92 0.097223 2021-06-24 18:32:24.293827 2 6 Franko 2.337179
0 281 48.90 29.92 0.108342 2021-06-24 18:32:24.402169 0 1 Cecile 2.445521
2 31 12.01 28.31 0.94511 2021-06-24 18:32:25.347279 3 4 Noor 3.390631
2 96 21.67 29.92 0.063839 2021-06-24 18:32:25.411118 2 6 M 3.45447
2 51 15.86 29.92 0.254276 2021-06-24 18:32:25.665394 2 7 M 3.708746
2 66 18.36 28.10 0.178613 2021-06-24 18:32:25.844007 0 1 Niels 3.887359
2 152 26.78 28.31 0.433466 2021-06-24 18:32:26.277473 3 5 Noor 4.320825
1 29 11.66 -1.02 0.276628 2021-06-24 18:32:26.554101 2 6 rens 4.597453
1 166 28.62 29.92 0.43883 2021-06-24 18:32:26.992931 3 7 Franko 5.036283
2 71 19.06 29.92 0.160678 2021-06-24 18:32:27.153609 2 8 M 5.196961
0 78 19.92 29.38 0.010685 2021-06-24 18:32:27.164294 0 2 Cecile 5.207646
2 143 25.74 28.31 0.079126 2021-06-24 18:32:27.243420 3 6 Noor 5.286772
2 78 19.92 29.92 0.09034 2021-06-24 18:32:27.333760 3 9 M 5.377112
1 195 33.17 30.14 0.246698 2021-06-24 18:32:27.580458 2 7 rens 5.62381
2 82 20.36 29.92 0.250218 2021-06-24 18:32:27.830676 3 10 M 5.874028
1 222 37.96 29.92 0.11729 2021-06-24 18:32:27.947966 3 8 Franko 5.991318
1 358 69.10 29.92 0.068165 2021-06-24 18:32:28.016131 3 9 Franko 6.059483
2 46 14.91 28.10 1.046581 2021-06-24 18:32:29.062712 0 2 Niels 7.106064
2 60 17.43 28.31 0.119685 2021-06-24 18:32:29.182397 3 7 Noor 7.225749
2 39 13.53 29.92 0.310012 2021-06-24 18:32:29.492409 3 11 M 7.535761
1 42 14.12 0.27 0.724709 2021-06-24 18:32:30.217118 2 8 rens 8.26047
2 291 50.97 28.31 0.066935 2021-06-24 18:32:30.284053 3 8 Noor 8.327405
2 224 38.29 29.92 0.113957 2021-06-24 18:32:30.398010 3 12 M 8.441362
2 44 14.51 28.31 0.025064 2021-06-24 18:32:30.423074 4 9 Noor 8.466426
1 198 33.69 29.92 0.169189 2021-06-24 18:32:30.592263 3 10 Franko 8.635615
2 35 12.75 28.31 0.016818 2021-06-24 18:32:30.609081 4 10 Noor 8.652433
2 99 21.91 28.31 0.639436 2021-06-24 18:32:31.248517 5 11 Noor 9.291869
2 89 21.05 29.92 0.267631 2021-06-24 18:32:31.516148 3 13 M 9.5595
2 243 41.74 29.92 0.250612 2021-06-24 18:32:31.766760 3 14 M 9.810112
1 114 23.10 29.92 0.011661 2021-06-24 18:32:31.778421 4 11 Franko 9.821773
0 103 22.23 29.92 0.175042 2021-06-24 18:32:31.953463 1 3 Cecile 9.996815
2 280 48.67 27.99 0.579054 2021-06-24 18:32:32.532517 0 3 Niels 10.575869
1 41 13.92 -0.80 0.405179 2021-06-24 18:32:32.937696 3 9 rens 10.981048
2 127 24.18 29.92 0.454429 2021-06-24 18:32:33.392125 4 15 M 11.435477
2 127 24.18 28.10 0.269109 2021-06-24 18:32:33.661234 0 4 Niels 11.704586
2 166 28.62 28.31 0.020114 2021-06-24 18:32:33.681348 5 12 Noor 11.7247
0 98 21.83 29.92 0.042316 2021-06-24 18:32:33.723664 1 4 Cecile 11.767016
2 73 19.32 28.31 0.647885 2021-06-24 18:32:34.371549 6 13 Noor 12.414901
1 141 25.53 29.92 0.49295 2021-06-24 18:32:34.864499 5 12 Franko 12.907851
2 33 12.37 28.31 0.506846 2021-06-24 18:32:35.371345 6 14 Noor 13.414697
2 94 21.50 28.31 0.084031 2021-06-24 18:32:35.455376 6 15 Noor 13.498728
2 88 20.96 29.92 0.120089 2021-06-24 18:32:35.575465 4 16 M 13.618817
2 81 20.25 29.92 0.067683 2021-06-24 18:32:35.643148 4 17 M 13.6865
2 51 15.86 29.92 1.02044 2021-06-24 18:32:36.663588 4 18 M 14.70694
0 37 13.14 29.92 0.330821 2021-06-24 18:32:36.994409 2 5 Cecile 15.037761
1 56 16.76 1.56 0.796081 2021-06-24 18:32:37.790490 3 10 rens 15.833842
2 188 32.01 28.31 0.055497 2021-06-24 18:32:37.845987 6 16 Noor 15.889339
1 63 17.91 29.92 0.173771 2021-06-24 18:32:38.019758 5 13 Franko 16.06311
2 177 30.25 29.92 0.196416 2021-06-24 18:32:38.216174 4 19 M 16.259526
1 70 18.93 29.92 0.507133 2021-06-24 18:32:38.723307 5 14 Franko 16.766659
2 63 17.91 27.99 0.24328 2021-06-24 18:32:38.966587 0 5 Niels 17.009939
1 163 28.20 29.92 0.103766 2021-06-24 18:32:39.070353 5 15 Franko 17.113705
1 188 32.01 27.99 0.016981 2021-06-24 18:32:39.087334 4 11 rens 17.130686
2 30 11.83 28.31 0.254631 2021-06-24 18:32:39.341965 0 6 Niels 17.385317
1 60 17.43 29.92 0.245266 2021-06-24 18:32:39.587231 5 16 Franko 17.630583
2 78 19.92 27.99 0.015891 2021-06-24 18:32:39.603122 0 7 Niels 17.646474
1 30 11.83 29.92 0.10217 2021-06-24 18:32:39.705292 6 17 Franko 17.748644
1 327 59.28 29.92 0.657705 2021-06-24 18:32:40.362997 6 18 Franko 18.406349
2 113 23.02 28.31 0.114972 2021-06-24 18:32:40.477969 7 17 Noor 18.521321
2 79 20.03 29.92 0.115168 2021-06-24 18:32:40.593137 4 20 M 18.636489
1 281 48.90 29.92 0.168276 2021-06-24 18:32:40.761413 6 19 Franko 18.804765
2 88 20.96 28.20 0.302787 2021-06-24 18:32:41.064200 1 8 Niels 19.107552
2 49 15.48 29.92 0.129527 2021-06-24 18:32:41.193727 4 21 M 19.237079
0 39 13.53 29.92 0.249938 2021-06-24 18:32:41.443665 2 6 Cecile 19.487017
1 143 25.74 29.92 0.144649 2021-06-24 18:32:41.588314 6 20 Franko 19.631666
0 113 23.02 29.92 0.016985 2021-06-24 18:32:41.605299 2 7 Cecile 19.648651
2 39 13.53 28.10 0.266783 2021-06-24 18:32:41.872082 1 9 Niels 19.915434
1 63 17.91 3.82 0.366254 2021-06-24 18:32:42.238336 4 12 rens 20.281688
2 94 21.50 29.92 0.050662 2021-06-24 18:32:42.288998 4 22 M 20.33235
2 79 20.03 29.92 0.16347 2021-06-24 18:32:42.452468 5 23 M 20.49582
2 31 12.01 28.31 0.297656 2021-06-24 18:32:42.750124 7 18 Noor 20.793476
1 79 20.03 29.92 0.04558 2021-06-24 18:32:42.795704 7 21 Franko 20.839056
1 56 16.76 29.92 0.184445 2021-06-24 18:32:42.980149 8 22 Franko 21.023501
1 44 14.51 29.92 0.285999 2021-06-24 18:32:43.266148 8 23 Franko 21.3095
1 300 52.79 29.92 0.033678 2021-06-24 18:32:43.299826 8 24 Franko 21.343178
2 280 48.67 29.92 0.030024 2021-06-24 18:32:43.329850 5 24 M 21.373202
2 166 28.62 28.31 0.258062 2021-06-24 18:32:43.587912 8 19 Noor 21.631264
1 94 21.50 29.92 0.400636 2021-06-24 18:32:43.988548 9 25 Franko 22.0319
2 359 69.86 28.31 0.281266 2021-06-24 18:32:44.269814 8 20 Noor 22.313166
2 158 27.53 27.99 0.455141 2021-06-24 18:32:44.724955 1 10 Niels 22.768307
1 82 20.36 29.92 0.20824 2021-06-24 18:32:44.933195 9 26 Franko 22.976547
2 62 17.75 28.31 0.056611 2021-06-24 18:32:44.989806 1 11 Niels 23.033158
1 96 21.67 29.92 0.182096 2021-06-24 18:32:45.171902 10 27 Franko 23.215254
1 49 15.48 29.92 0.094951 2021-06-24 18:32:45.266853 10 28 Franko 23.310205
2 287 50.23 28.10 1.066347 2021-06-24 18:32:46.333200 2 12 Niels 24.376552
2 31 12.01 29.92 0.015714 2021-06-24 18:32:46.348914 6 25 M 24.392266
1 35 12.75 29.92 0.01517 2021-06-24 18:32:46.364084 10 29 Franko 24.407436
2 48 15.29 29.92 0.07991 2021-06-24 18:32:46.443994 7 26 M 24.487346
1 207 35.26 29.92 0.403112 2021-06-24 18:32:46.847106 11 30 Franko 24.890458
1 34 12.56 29.92 0.252753 2021-06-24 18:32:47.099859 11 31 Franko 25.143211
2 423 97.36 29.92 0.186719 2021-06-24 18:32:47.286578 7 27 M 25.32993
2 35 12.75 28.31 0.41917 2021-06-24 18:32:47.705748 8 21 Noor 25.7491
1 149 26.42 20.90 0.107359 2021-06-24 18:32:47.813107 5 13 rens 25.856459
2 172 29.49 28.10 0.021183 2021-06-24 18:32:47.834290 2 13 Niels 25.877642
2 268 46.26 28.31 0.015799 2021-06-24 18:32:47.850089 8 22 Noor 25.893441
1 103 22.23 3.82 0.158038 2021-06-24 18:32:48.008127 6 14 rens 26.051479
2 51 15.86 28.20 0.064654 2021-06-24 18:32:48.072781 3 14 Niels 26.116133
1 48 15.29 29.92 0.06932 2021-06-24 18:32:48.142101 11 32 Franko 26.185453
2 37 13.14 29.92 0.638094 2021-06-24 18:32:48.780195 7 28 M 26.823547
2 494 141.37 28.31 0.072813 2021-06-24 18:32:48.853008 8 23 Noor 26.89636
2 121 23.66 29.92 0.233122 2021-06-24 18:32:49.086130 7 29 M 27.129482
0 35 12.75 29.38 0.067002 2021-06-24 18:32:49.153132 3 8 Cecile 27.196484
1 110 22.78 29.92 0.084565 2021-06-24 18:32:49.237697 11 33 Franko 27.281049
2 48 15.29 28.31 0.21854 2021-06-24 18:32:49.456237 8 24 Noor 27.499589
1 133 24.73 18.00 0.183556 2021-06-24 18:32:49.639793 7 15 rens 27.683145
2 96 21.67 27.99 0.070348 2021-06-24 18:32:49.710141 4 15 Niels 27.753493
2 271 46.93 28.20 0.378017 2021-06-24 18:32:50.088158 5 16 Niels 28.13151
0 99 21.91 29.92 0.083758 2021-06-24 18:32:50.171916 4 9 Cecile 28.215268
1 45 14.71 29.92 0.038274 2021-06-24 18:32:50.210190 12 34 Franko 28.253542
2 48 15.29 28.31 0.129083 2021-06-24 18:32:50.339273 8 25 Noor 28.382625
2 225 38.48 28.31 0.176714 2021-06-24 18:32:50.515987 8 26 Noor 28.559339
2 217 37.04 28.31 0.033586 2021-06-24 18:32:50.549573 8 27 Noor 28.592925
2 39 13.53 28.20 0.026836 2021-06-24 18:32:50.576409 6 17 Niels 28.619761
2 465 122.12 29.92 0.884341 2021-06-24 18:32:51.460750 8 30 M 29.504102
2 46 14.91 29.92 0.053666 2021-06-24 18:32:51.514416 8 31 M 29.557768
2 101 22.08 29.92 0.114697 2021-06-24 18:32:51.629113 8 32 M 29.672465
1 115 23.18 29.92 0.068417 2021-06-24 18:32:51.697530 13 35 Franko 29.740882
2 63 17.91 28.31 0.030889 2021-06-24 18:32:51.728419 6 18 Niels 29.771771
1 99 21.91 10.59 0.551779 2021-06-24 18:32:52.280198 8 16 rens 30.32355
2 359 69.86 29.92 0.306665 2021-06-24 18:32:52.586863 9 33 M 30.630215
2 199 33.86 29.92 0.255446 2021-06-24 18:32:52.842309 9 34 M 30.885661
1 39 13.53 29.92 0.244095 2021-06-24 18:32:53.086404 14 36 Franko 31.129756
2 249 42.85 28.31 0.080767 2021-06-24 18:32:53.167171 8 28 Noor 31.210523
2 79 20.03 28.10 0.199124 2021-06-24 18:32:53.366295 6 19 Niels 31.409647
2 105 22.39 29.92 0.425469 2021-06-24 18:32:53.791764 9 35 M 31.835116
2 30 11.83 29.92 0.03366 2021-06-24 18:32:53.825424 9 36 M 31.868776
1 51 15.86 29.92 0.028098 2021-06-24 18:32:53.853522 15 37 Franko 31.896874
2 329 59.91 29.92 0.242688 2021-06-24 18:32:54.096210 10 37 M 32.139562
2 88 20.96 29.92 0.049774 2021-06-24 18:32:54.145984 10 38 M 32.189336
1 48 15.29 29.92 0.460337 2021-06-24 18:32:54.606321 16 38 Franko 32.649673
2 60 17.43 29.92 0.233979 2021-06-24 18:32:54.840300 10 39 M 32.883652
2 56 16.76 28.31 0.159351 2021-06-24 18:32:54.999651 6 20 Niels 33.043003
2 199 33.86 29.92 0.683769 2021-06-24 18:32:55.683420 10 40 M 33.726772
1 31 12.01 29.92 0.238186 2021-06-24 18:32:55.921606 16 39 Franko 33.964958
2 67 18.51 28.20 0.061799 2021-06-24 18:32:55.983405 6 21 Niels 34.026757
1 31 12.01 29.92 0.201069 2021-06-24 18:32:56.184474 17 40 Franko 34.227826
2 51 15.86 29.92 0.147793 2021-06-24 18:32:56.332267 10 41 M 34.375619
2 56 16.76 29.92 0.259843 2021-06-24 18:32:56.592110 10 42 M 34.635462
1 44 14.51 29.92 0.027236 2021-06-24 18:32:56.619346 17 41 Franko 34.662698
1 71 19.06 29.92 0.05826 2021-06-24 18:32:56.677606 18 42 Franko 34.720958
1 39 13.53 29.92 0.44768 2021-06-24 18:32:57.125286 18 43 Franko 35.168638
2 39 13.53 28.31 0.19791 2021-06-24 18:32:57.323196 9 29 Noor 35.366548
1 62 17.75 29.92 0.250498 2021-06-24 18:32:57.573694 18 44 Franko 35.617046
2 51 15.86 29.92 0.193941 2021-06-24 18:32:57.767635 11 43 M 35.810987
1 339 62.98 29.92 0.045043 2021-06-24 18:32:57.812678 18 45 Franko 35.85603
1 39 13.53 -0.69 0.498585 2021-06-24 18:32:58.311263 8 17 rens 36.354615
0 30 11.83 29.92 0.176211 2021-06-24 18:32:58.487474 5 10 Cecile 36.530826
0 224 38.29 29.92 0.550636 2021-06-24 18:32:59.038110 5 11 Cecile 37.081462
2 51 15.86 29.92 0.344622 2021-06-24 18:32:59.382732 12 44 M 37.426084
2 295 51.75 28.31 0.704894 2021-06-24 18:33:00.087626 7 22 Niels 38.130978
0 112 22.94 29.92 0.448648 2021-06-24 18:33:00.536274 5 12 Cecile 38.579626
2 35 12.75 28.31 0.162761 2021-06-24 18:33:00.699035 9 30 Noor 38.742387
1 71 19.06 6.50 0.279664 2021-06-24 18:33:00.978699 8 18 rens 39.022051
0 143 25.74 29.92 0.236772 2021-06-24 18:33:01.215471 5 13 Cecile 39.258823
0 121 23.66 29.38 0.033707 2021-06-24 18:33:01.249178 5 14 Cecile 39.29253
2 432 101.61 29.92 0.094966 2021-06-24 18:33:01.344144 12 45 M 39.387496
1 82 20.36 29.92 0.012723 2021-06-24 18:33:01.356867 19 46 Franko 39.400219
2 339 62.98 29.92 0.271219 2021-06-24 18:33:01.628086 13 46 M 39.671438
2 30 11.83 28.31 0.039347 2021-06-24 18:33:01.667433 7 23 Niels 39.710785
0 127 24.18 29.81 0.298075 2021-06-24 18:33:01.965508 6 15 Cecile 40.00886
1 127 24.18 29.92 0.017988 2021-06-24 18:33:01.983496 20 47 Franko 40.026848
2 48 15.29 29.92 0.362558 2021-06-24 18:33:02.346054 13 47 M 40.389406
1 117 23.34 29.92 0.253744 2021-06-24 18:33:02.599798 21 48 Franko 40.64315
1 185 31.51 29.92 0.033566 2021-06-24 18:33:02.633364 21 49 Franko 40.676716
2 83 20.46 28.10 0.081194 2021-06-24 18:33:02.714558 7 24 Niels 40.75791
2 83 20.46 29.92 0.883097 2021-06-24 18:33:03.597655 13 48 M 41.641007
0 152 26.78 29.92 0.082258 2021-06-24 18:33:03.679913 7 16 Cecile 41.723265
2 67 18.51 28.31 0.220639 2021-06-24 18:33:03.900552 8 25 Niels 41.943904
1 199 33.86 29.92 0.193389 2021-06-24 18:33:04.093941 8 19 rens 42.137293
2 99 21.91 29.92 0.024521 2021-06-24 18:33:04.118462 14 49 M 42.161814
2 34 12.56 29.92 0.321773 2021-06-24 18:33:04.440235 15 50 M 42.483587
2 34 12.56 29.92 0.053357 2021-06-24 18:33:04.493592 15 51 M 42.536944
1 120 23.58 13.70 0.713903 2021-06-24 18:33:05.207495 9 20 rens 43.250847
2 78 19.92 28.31 0.160079 2021-06-24 18:33:05.367574 9 31 Noor 43.410926
2 38 13.33 29.92 0.043032 2021-06-24 18:33:05.410606 15 52 M 43.453958
2 163 28.20 29.92 0.200219 2021-06-24 18:33:05.610825 15 53 M 43.654177
2 275 47.73 28.31 0.301371 2021-06-24 18:33:05.912196 9 32 Noor 43.955548
2 79 20.03 29.92 0.1394 2021-06-24 18:33:06.051596 15 54 M 44.094948
2 51 15.86 28.31 0.38908 2021-06-24 18:33:06.440676 9 33 Noor 44.484028
1 35 12.75 29.92 0.286111 2021-06-24 18:33:06.726787 22 50 Franko 44.770139
1 163 28.20 29.92 0.033607 2021-06-24 18:33:06.760394 22 51 Franko 44.803746
1 76 19.69 29.92 0.033182 2021-06-24 18:33:06.793576 22 52 Franko 44.836928
2 79 20.03 28.31 0.043632 2021-06-24 18:33:06.837208 9 34 Noor 44.88056
1 124 23.92 29.92 0.073278 2021-06-24 18:33:06.910486 23 53 Franko 44.953838
1 79 20.03 7.69 0.173058 2021-06-24 18:33:07.083544 9 21 rens 45.126896
1 83 20.46 29.92 0.049135 2021-06-24 18:33:07.132679 23 54 Franko 45.176031
2 33 12.37 29.92 0.204657 2021-06-24 18:33:07.337336 15 55 M 45.380688
2 248 42.69 29.92 0.147274 2021-06-24 18:33:07.484610 15 56 M 45.527962
0 448 112.41 30.03 1.085327 2021-06-24 18:33:08.569937 8 17 Cecile 46.613289
1 103 22.23 13.06 0.018895 2021-06-24 18:33:08.588832 9 22 rens 46.632184
1 39 13.53 29.92 0.069809 2021-06-24 18:33:08.658641 23 55 Franko 46.701993
1 153 26.90 29.92 0.121122 2021-06-24 18:33:08.779763 23 56 Franko 46.823115
1 179 30.55 29.92 0.116382 2021-06-24 18:33:08.896145 23 57 Franko 46.939497
1 79 20.03 29.92 1.210716 2021-06-24 18:33:10.106861 23 58 Franko 48.150213
1 105 22.39 29.92 0.129695 2021-06-24 18:33:10.236556 23 59 Franko 48.279908
2 49 15.48 27.99 0.348831 2021-06-24 18:33:10.585387 8 26 Niels 48.628739
1 263 45.37 42.81 0.487315 2021-06-24 18:33:11.072702 10 23 rens 49.116054
2 89 21.05 28.31 1.283642 2021-06-24 18:33:12.356344 10 35 Noor 50.399696
1 35 12.75 0.60 0.198464 2021-06-24 18:33:12.554808 10 24 rens 50.59816
0 31 12.01 29.92 0.125841 2021-06-24 18:33:12.680649 9 18 Cecile 50.724001
1 69 18.79 29.92 0.142767 2021-06-24 18:33:12.823416 23 60 Franko 50.866768
2 56 16.76 29.92 0.716118 2021-06-24 18:33:13.539534 15 57 M 51.582886
2 76 19.69 29.92 0.18258 2021-06-24 18:33:13.722114 15 58 M 51.765466
1 176 30.09 29.92 0.086651 2021-06-24 18:33:13.808765 23 61 Franko 51.852117
1 163 28.20 29.92 0.107776 2021-06-24 18:33:13.916541 24 62 Franko 51.959893
0 48 15.29 30.03 0.791365 2021-06-24 18:33:14.707906 9 19 Cecile 52.751258
1 39 13.53 1.13 0.016915 2021-06-24 18:33:14.724821 10 25 rens 52.768173
1 156 27.28 29.92 0.004255 2021-06-24 18:33:14.729076 24 63 Franko 52.772428
1 384 80.08 29.92 0.238683 2021-06-24 18:33:14.967759 24 64 Franko 53.011111
1 71 19.06 29.92 0.033686 2021-06-24 18:33:15.001445 24 65 Franko 53.044797
2 307 54.48 29.92 0.09317 2021-06-24 18:33:15.094615 16 59 M 53.137967
1 268 46.26 29.92 0.012904 2021-06-24 18:33:15.107519 25 66 Franko 53.150871
2 103 22.23 28.31 0.191978 2021-06-24 18:33:15.299497 10 36 Noor 53.342849
2 103 22.23 28.31 0.503516 2021-06-24 18:33:15.803013 10 37 Noor 53.846365
1 140 25.42 29.92 0.226019 2021-06-24 18:33:16.029032 25 67 Franko 54.072384
2 137 25.12 29.92 0.213747 2021-06-24 18:33:16.242779 17 60 M 54.286131
1 220 37.58 29.92 0.072296 2021-06-24 18:33:16.315075 25 68 Franko 54.358427
2 153 26.90 29.92 0.21333 2021-06-24 18:33:16.528405 18 61 M 54.571757
2 172 29.49 28.20 0.472748 2021-06-24 18:33:17.001153 8 27 Niels 55.044505
2 60 17.43 29.92 0.085385 2021-06-24 18:33:17.086538 18 62 M 55.12989
2 162 28.06 29.92 0.171406 2021-06-24 18:33:17.257944 18 63 M 55.301296
1 60 17.43 29.92 0.318499 2021-06-24 18:33:17.576443 26 69 Franko 55.619795
0 67 18.51 30.03 0.137853 2021-06-24 18:33:17.714296 10 20 Cecile 55.757648
1 71 19.06 29.92 0.131101 2021-06-24 18:33:17.845397 26 70 Franko 55.888749
1 30 11.83 -2.63 0.187836 2021-06-24 18:33:18.033233 11 26 rens 56.076585
2 271 46.93 29.92 0.274534 2021-06-24 18:33:18.307767 18 64 M 56.351119
2 327 59.28 29.92 0.447609 2021-06-24 18:33:18.755376 18 65 M 56.798728
2 53 16.22 28.20 0.169732 2021-06-24 18:33:18.925108 8 28 Niels 56.96846
2 115 23.18 28.31 0.227898 2021-06-24 18:33:19.153006 10 38 Noor 57.196358
0 39 13.53 29.92 0.020222 2021-06-24 18:33:19.173228 10 21 Cecile 57.21658
2 48 15.29 29.92 0.111712 2021-06-24 18:33:19.284940 18 66 M 57.328292
1 120 23.58 29.92 0.582539 2021-06-24 18:33:19.867479 26 71 Franko 57.910831
1 199 33.86 29.92 0.033643 2021-06-24 18:33:19.901122 26 72 Franko 57.944474
2 35 12.75 28.20 0.079398 2021-06-24 18:33:19.980520 8 29 Niels 58.023872
2 255 43.96 29.92 0.073968 2021-06-24 18:33:20.054488 18 67 M 58.09784
1 270 46.71 29.92 0.012707 2021-06-24 18:33:20.067195 27 73 Franko 58.110547
1 184 31.36 29.92 0.28007 2021-06-24 18:33:20.347265 27 74 Franko 58.390617
2 140 25.42 29.92 0.032907 2021-06-24 18:33:20.380172 18 68 M 58.423524
2 271 46.93 28.31 0.213977 2021-06-24 18:33:20.594149 11 39 Noor 58.637501
2 28 11.49 28.31 0.554433 2021-06-24 18:33:21.148582 11 40 Noor 59.191934
1 56 16.76 29.92 0.417486 2021-06-24 18:33:21.566068 28 75 Franko 59.60942
2 371 73.82 28.31 0.072938 2021-06-24 18:33:21.639006 11 41 Noor 59.682358
2 30 11.83 28.31 0.127016 2021-06-24 18:33:21.766022 12 42 Noor 59.809374
2 57 16.93 28.20 0.172814 2021-06-24 18:33:21.938836 9 30 Niels 59.982188
1 97 21.75 29.92 0.114438 2021-06-24 18:33:22.053274 29 76 Franko 60.096626
2 39 13.53 28.31 0.306515 2021-06-24 18:33:22.359789 12 43 Noor 60.403141
2 78 19.92 28.31 0.329062 2021-06-24 18:33:22.688851 12 44 Noor 60.732203
1 115 23.18 15.31 0.014943 2021-06-24 18:33:22.703794 11 27 rens 60.747146
0 48 15.29 29.92 0.305171 2021-06-24 18:33:23.008965 11 22 Cecile 61.052317
2 236 40.44 29.92 0.304291 2021-06-24 18:33:23.313256 19 69 M 61.356608
2 195 33.17 29.92 0.194922 2021-06-24 18:33:23.508178 19 70 M 61.55153
2 34 12.56 28.31 0.070156 2021-06-24 18:33:23.578334 13 45 Noor 61.621686
1 39 13.53 29.92 0.050374 2021-06-24 18:33:23.628708 29 77 Franko 61.67206
2 31 12.01 28.20 0.148436 2021-06-24 18:33:23.777144 9 31 Niels 61.820496
2 35 12.75 29.92 0.068068 2021-06-24 18:33:23.845212 19 71 M 61.888564
2 110 22.78 29.92 0.481878 2021-06-24 18:33:24.327090 19 72 M 62.370442
0 103 22.23 29.92 0.244889 2021-06-24 18:33:24.571979 11 23 Cecile 62.615331
0 96 21.67 29.92 0.033673 2021-06-24 18:33:24.605652 11 24 Cecile 62.649004
1 71 19.06 29.92 0.047508 2021-06-24 18:33:24.653160 30 78 Franko 62.696512
2 110 22.78 28.31 0.236385 2021-06-24 18:33:24.889545 9 32 Niels 62.932897
2 103 22.23 28.20 0.085092 2021-06-24 18:33:24.974637 9 33 Niels 63.017989
2 34 12.56 29.92 0.266673 2021-06-24 18:33:25.241310 19 73 M 63.284662
1 476 129.76 29.92 0.040122 2021-06-24 18:33:25.281432 31 79 Franko 63.324784
2 76 19.69 30.03 0.018759 2021-06-24 18:33:25.300191 20 74 M 63.343543
2 63 17.91 28.31 0.252836 2021-06-24 18:33:25.553027 14 46 Noor 63.596379
2 71 19.06 29.92 0.253786 2021-06-24 18:33:25.806813 20 75 M 63.850165
2 352 66.89 29.92 1.90829 2021-06-24 18:33:27.715103 20 76 M 65.758455
1 134 24.82 18.00 0.012702 2021-06-24 18:33:27.727805 12 28 rens 65.771157
1 48 15.29 -13.91 0.021268 2021-06-24 18:33:27.749073 13 29 rens 65.792425
1 145 25.96 14.13 0.351029 2021-06-24 18:33:28.100102 13 30 rens 66.143454
2 78 19.92 28.31 0.522838 2021-06-24 18:33:28.622940 14 47 Noor 66.666292
2 60 17.43 28.10 0.034221 2021-06-24 18:33:28.657161 9 34 Niels 66.700513
1 51 15.86 1.24 0.191382 2021-06-24 18:33:28.848543 13 31 rens 66.891895
1 267 46.14 34.43 0.200453 2021-06-24 18:33:29.048996 13 32 rens 67.092348
0 67 18.51 30.03 0.055191 2021-06-24 18:33:29.104187 12 25 Cecile 67.147539
1 268 46.26 29.92 0.016955 2021-06-24 18:33:29.121142 32 80 Franko 67.164494
2 265 45.75 29.92 0.001047 2021-06-24 18:33:29.122189 21 77 M 67.165541
0 31 12.01 29.92 0.035744 2021-06-24 18:33:29.157933 13 26 Cecile 67.201285
1 51 15.86 29.92 0.05259 2021-06-24 18:33:29.210523 32 81 Franko 67.253875
1 167 28.76 18.00 0.025194 2021-06-24 18:33:29.235717 14 33 rens 67.279069
2 248 42.69 29.92 0.015804 2021-06-24 18:33:29.251521 22 78 M 67.294873
2 249 42.85 28.20 0.197491 2021-06-24 18:33:29.449012 9 35 Niels 67.492364
0 30 11.83 29.92 0.095115 2021-06-24 18:33:29.544127 13 27 Cecile 67.587479
2 103 22.23 28.31 0.023576 2021-06-24 18:33:29.567703 14 48 Noor 67.611055
0 71 19.06 30.03 0.109355 2021-06-24 18:33:29.677058 14 28 Cecile 67.72041
2 304 53.73 29.92 0.082275 2021-06-24 18:33:29.759333 22 79 M 67.802685
1 167 28.76 29.92 0.455107 2021-06-24 18:33:30.214440 32 82 Franko 68.257792
2 238 40.82 29.92 0.017829 2021-06-24 18:33:30.232269 23 80 M 68.275621
0 263 45.37 29.92 0.016104 2021-06-24 18:33:30.248373 15 29 Cecile 68.291725
2 63 17.91 29.92 0.000176 2021-06-24 18:33:30.248549 24 81 M 68.291901
1 99 21.91 9.62 0.060467 2021-06-24 18:33:30.309016 14 34 rens 68.352368
1 56 16.76 -16.81 0.033722 2021-06-24 18:33:30.342738 14 35 rens 68.38609
2 384 80.08 29.92 0.148217 2021-06-24 18:33:30.490955 24 82 M 68.534307
1 76 19.69 29.92 0.129329 2021-06-24 18:33:30.620284 33 83 Franko 68.663636
1 96 21.67 8.33 0.390946 2021-06-24 18:33:31.011230 14 36 rens 69.054582
1 193 32.84 29.92 0.078522 2021-06-24 18:33:31.089752 33 84 Franko 69.133104
0 430 101.41 29.92 0.464954 2021-06-24 18:33:31.554706 16 30 Cecile 69.598058
1 216 36.85 29.92 0.152693 2021-06-24 18:33:31.707399 33 85 Franko 69.750751
2 295 51.75 29.92 0.040254 2021-06-24 18:33:31.747653 24 83 M 69.791005
2 49 15.48 28.31 0.158756 2021-06-24 18:33:31.906409 10 36 Niels 69.949761
2 114 23.10 28.20 0.72982 2021-06-24 18:33:32.636229 10 37 Niels 70.679581
0 97 21.75 29.92 0.017213 2021-06-24 18:33:32.653442 16 31 Cecile 70.696794
2 51 15.86 29.92 0.016803 2021-06-24 18:33:32.670245 25 84 M 70.713597
2 44 14.51 29.92 0.12734 2021-06-24 18:33:32.797585 25 85 M 70.840937
1 167 28.76 29.92 0.160442 2021-06-24 18:33:32.958027 34 86 Franko 71.001379
1 49 15.48 1.24 0.227454 2021-06-24 18:33:33.185481 14 37 rens 71.228833
2 224 38.29 29.92 0.013831 2021-06-24 18:33:33.199312 25 86 M 71.242664
0 67 18.51 29.92 0.000151 2021-06-24 18:33:33.199463 17 32 Cecile 71.242815
0 192 32.67 29.92 0.019809 2021-06-24 18:33:33.219272 18 33 Cecile 71.262624
2 38 13.33 29.92 0.127692 2021-06-24 18:33:33.346964 26 87 M 71.390316
2 88 20.96 29.92 0.180277 2021-06-24 18:33:33.527241 26 88 M 71.570593
1 154 27.02 19.61 0.22321 2021-06-24 18:33:33.750451 15 38 rens 71.793803
1 248 42.69 29.92 0.177158 2021-06-24 18:33:33.927609 34 87 Franko 71.970961
2 262 45.24 29.92 0.489618 2021-06-24 18:33:34.417227 26 89 M 72.460579
1 102 22.15 29.92 0.260947 2021-06-24 18:33:34.678174 34 88 Franko 72.721526
2 248 42.69 30.03 0.028162 2021-06-24 18:33:34.706336 26 90 M 72.749688
1 67 18.51 29.92 0.597526 2021-06-24 18:33:35.303862 35 89 Franko 73.347214
0 39 13.53 29.92 0.037088 2021-06-24 18:33:35.340950 18 34 Cecile 73.384302
1 63 17.91 6.07 0.233476 2021-06-24 18:33:35.574426 15 39 rens 73.617778
1 137 25.12 1.13 0.045775 2021-06-24 18:33:35.620201 15 40 rens 73.663553
2 92 21.32 29.92 0.01505 2021-06-24 18:33:35.635251 27 91 M 73.678603
0 96 21.67 29.92 0.044972 2021-06-24 18:33:35.680223 19 35 Cecile 73.723575
2 33 12.37 28.31 0.084012 2021-06-24 18:33:35.764235 14 49 Noor 73.807587
2 95 21.58 28.31 0.120695 2021-06-24 18:33:35.884930 14 50 Noor 73.928282
2 147 26.19 29.92 0.336243 2021-06-24 18:33:36.221173 28 92 M 74.264525
1 167 28.76 29.92 0.014125 2021-06-24 18:33:36.235298 36 90 Franko 74.27865
1 79 20.03 3.82 0.032763 2021-06-24 18:33:36.268061 16 41 rens 74.311413
0 48 15.29 29.92 0.146195 2021-06-24 18:33:36.414256 20 36 Cecile 74.457608
2 70 18.93 29.92 0.687036 2021-06-24 18:33:37.101292 29 93 M 75.144644
2 31 12.01 29.92 0.193689 2021-06-24 18:33:37.294981 29 94 M 75.338333
1 38 13.33 29.92 0.575391 2021-06-24 18:33:37.870372 37 91 Franko 75.913724
1 67 18.51 29.92 0.033461 2021-06-24 18:33:37.903833 37 92 Franko 75.947185
2 97 21.75 29.92 0.524127 2021-06-24 18:33:38.427960 29 95 M 76.471312
1 149 26.42 22.19 0.399306 2021-06-24 18:33:38.827266 16 42 rens 76.870618
2 48 15.29 28.31 0.549679 2021-06-24 18:33:39.376945 11 38 Niels 77.420297
2 248 42.69 29.92 0.186403 2021-06-24 18:33:39.563348 29 96 M 77.6067
2 76 19.69 28.31 0.027693 2021-06-24 18:33:39.591041 14 51 Noor 77.634393
0 152 26.78 29.92 0.014785 2021-06-24 18:33:39.605826 20 37 Cecile 77.649178
1 135 24.92 19.61 0.002977 2021-06-24 18:33:39.608803 16 43 rens 77.652155
2 113 23.02 29.92 0.094779 2021-06-24 18:33:39.703582 29 97 M 77.746934
2 199 33.86 29.92 0.098797 2021-06-24 18:33:39.802379 29 98 M 77.845731
1 248 42.69 29.92 0.013557 2021-06-24 18:33:39.815936 37 93 Franko 77.859288
1 34 12.56 29.92 0.417317 2021-06-24 18:33:40.233253 37 94 Franko 78.276605
1 31 12.01 -3.92 0.055157 2021-06-24 18:33:40.288410 17 44 rens 78.331762
0 217 37.04 29.92 0.332559 2021-06-24 18:33:40.620969 21 38 Cecile 78.664321
2 44 14.51 29.92 0.088614 2021-06-24 18:33:40.709583 29 99 M 78.752935
1 71 19.06 29.92 0.309492 2021-06-24 18:33:41.019075 37 95 Franko 79.062427
1 184 31.36 29.92 0.147387 2021-06-24 18:33:41.166462 37 96 Franko 79.209814
1 35 12.75 -2.09 0.170238 2021-06-24 18:33:41.336700 17 45 rens 79.380052
2 39 13.53 29.92 0.071774 2021-06-24 18:33:41.408474 30 100 M 79.451826
2 62 17.75 28.31 0.287977 2021-06-24 18:33:41.696451 15 52 Noor 79.739803
1 483 132.60 29.92 0.107968 2021-06-24 18:33:41.804419 37 97 Franko 79.847771
2 35 12.75 29.92 0.01981 2021-06-24 18:33:41.824229 31 101 M 79.867581
1 135 24.92 29.92 0.105863 2021-06-24 18:33:41.930092 38 98 Franko 79.973444
1 48 15.29 29.92 0.112113 2021-06-24 18:33:42.042205 38 99 Franko 80.085557
1 88 20.96 29.92 0.173755 2021-06-24 18:33:42.215960 38 100 Franko 80.259312
2 216 36.85 29.92 0.270793 2021-06-24 18:33:42.486753 32 102 M 80.530105
1 89 21.05 9.83 0.201365 2021-06-24 18:33:42.688118 18 46 rens 80.73147
0 108 22.63 29.92 0.033423 2021-06-24 18:33:42.721541 22 39 Cecile 80.764893
1 169 29.05 16.39 0.172092 2021-06-24 18:33:42.893633 19 47 rens 80.936985
0 39 13.53 29.92 0.174506 2021-06-24 18:33:43.068139 23 40 Cecile 81.111491
1 35 12.75 -7.78 0.0895 2021-06-24 18:33:43.157639 19 48 rens 81.200991
1 38 13.33 -3.92 0.459684 2021-06-24 18:33:43.617323 20 49 rens 81.660675
2 39 13.53 28.20 0.412249 2021-06-24 18:33:44.029572 11 39 Niels 82.072924
0 224 38.29 29.92 0.016859 2021-06-24 18:33:44.046431 24 41 Cecile 82.089783
2 44 14.51 29.92 0.146369 2021-06-24 18:33:44.192800 32 103 M 82.236152
1 176 30.09 29.92 0.441076 2021-06-24 18:33:44.633876 38 101 Franko 82.677228
2 60 17.43 29.92 0.588578 2021-06-24 18:33:45.222454 32 104 M 83.265806
1 287 50.23 48.29 0.033703 2021-06-24 18:33:45.256157 20 50 rens 83.299509
2 60 17.43 29.92 0.006787 2021-06-24 18:33:45.262944 33 105 M 83.306296
1 339 62.98 29.92 0.02896 2021-06-24 18:33:45.291904 38 102 Franko 83.335256
2 44 14.51 28.31 0.204641 2021-06-24 18:33:45.496545 12 40 Niels 83.539897
2 156 27.28 29.92 0.120913 2021-06-24 18:33:45.617458 33 106 M 83.66081
1 210 35.78 29.92 0.013596 2021-06-24 18:33:45.631054 38 103 Franko 83.674406
0 211 35.96 29.92 0.072553 2021-06-24 18:33:45.703607 25 42 Cecile 83.746959
1 263 45.37 42.49 0.590986 2021-06-24 18:33:46.294593 21 51 rens 84.337945
1 82 20.36 6.83 0.436797 2021-06-24 18:33:46.731390 21 52 rens 84.774742
2 248 42.69 29.92 0.013514 2021-06-24 18:33:46.744904 34 107 M 84.788256
0 120 23.58 29.92 0.000155 2021-06-24 18:33:46.745059 26 43 Cecile 84.788411
0 31 12.01 29.92 0.650755 2021-06-24 18:33:47.395814 27 44 Cecile 85.439166
2 51 15.86 29.92 0.219381 2021-06-24 18:33:47.615195 35 108 M 85.658547
2 96 21.67 28.31 0.085758 2021-06-24 18:33:47.700953 12 41 Niels 85.744305
1 39 13.53 29.92 0.188148 2021-06-24 18:33:47.889101 39 104 Franko 85.932453
1 39 13.53 29.92 0.033666 2021-06-24 18:33:47.922767 39 105 Franko 85.966119
2 483 132.60 29.92 0.183861 2021-06-24 18:33:48.106628 35 109 M 86.14998
2 31 12.01 28.31 0.273401 2021-06-24 18:33:48.380029 15 53 Noor 86.423381
2 67 18.51 28.31 0.071573 2021-06-24 18:33:48.451602 15 54 Noor 86.494954
2 63 17.91 29.92 0.166052 2021-06-24 18:33:48.617654 35 110 M 86.661006
2 193 32.84 28.10 0.667276 2021-06-24 18:33:49.284930 12 42 Niels 87.328282
2 35 12.75 29.92 0.104833 2021-06-24 18:33:49.389763 35 111 M 87.433115
1 89 21.05 10.59 0.372797 2021-06-24 18:33:49.762560 22 53 rens 87.805912
2 99 21.91 29.92 0.265075 2021-06-24 18:33:50.027635 35 112 M 88.070987
2 131 24.54 28.31 0.131534 2021-06-24 18:33:50.159169 15 55 Noor 88.202521
2 163 28.20 29.92 0.054629 2021-06-24 18:33:50.213798 35 113 M 88.25715
1 89 21.05 29.92 0.587392 2021-06-24 18:33:50.801190 39 106 Franko 88.844542
1 339 62.98 29.92 0.292863 2021-06-24 18:33:51.094053 39 107 Franko 89.137405
1 51 15.86 3.17 0.526584 2021-06-24 18:33:51.620637 22 54 rens 89.663989
1 624 242.54 29.92 0.014615 2021-06-24 18:33:51.635252 39 108 Franko 89.678604
1 74 19.44 -0.69 0.279791 2021-06-24 18:33:51.915043 22 55 rens 89.958395
0 78 19.92 29.38 0.114378 2021-06-24 18:33:52.029421 27 45 Cecile 90.072773
1 195 33.17 21.44 0.098054 2021-06-24 18:33:52.127475 22 56 rens 90.170827
2 312 55.68 28.31 0.397448 2021-06-24 18:33:52.524923 15 56 Noor 90.568275
2 57 16.93 28.20 0.500517 2021-06-24 18:33:53.025440 12 43 Niels 91.068792
2 39 13.53 29.92 0.223471 2021-06-24 18:33:53.248911 35 114 M 91.292263
2 35 12.75 29.92 0.236697 2021-06-24 18:33:53.485608 35 115 M 91.52896
2 48 15.29 28.31 0.125069 2021-06-24 18:33:53.610677 15 57 Noor 91.654029
2 101 22.08 28.31 0.033487 2021-06-24 18:33:53.644164 15 58 Noor 91.687516
1 103 22.23 29.92 0.094215 2021-06-24 18:33:53.738379 39 109 Franko 91.781731
2 57 16.93 28.31 0.1714 2021-06-24 18:33:53.909779 12 44 Niels 91.953131
1 131 24.54 16.71 0.083915 2021-06-24 18:33:53.993694 23 57 rens 92.037046
2 44 14.51 28.31 0.484207 2021-06-24 18:33:54.477901 13 45 Niels 92.521253
2 69 18.79 29.92 0.095327 2021-06-24 18:33:54.573228 35 116 M 92.61658
1 184 31.36 26.59 0.333722 2021-06-24 18:33:54.906950 24 58 rens 92.950302
1 53 16.22 -5.74 0.170336 2021-06-24 18:33:55.077286 24 59 rens 93.120638
2 92 21.32 29.92 0.169331 2021-06-24 18:33:55.246617 35 117 M 93.289969
2 31 12.01 28.31 0.19562 2021-06-24 18:33:55.442237 16 59 Noor 93.485589
2 70 18.93 29.92 0.047184 2021-06-24 18:33:55.489421 35 118 M 93.532773
2 73 19.32 28.31 0.125899 2021-06-24 18:33:55.615320 13 46 Niels 93.658672
0 99 21.91 29.92 0.109461 2021-06-24 18:33:55.724781 28 46 Cecile 93.768133
1 92 21.32 9.30 0.01841 2021-06-24 18:33:55.743191 24 60 rens 93.786543
2 241 41.39 29.92 0.000262 2021-06-24 18:33:55.743453 35 119 M 93.786805
2 49 15.48 28.31 0.641483 2021-06-24 18:33:56.384936 16 60 Noor 94.428288
2 50 15.67 29.92 0.095964 2021-06-24 18:33:56.480900 36 120 M 94.524252
2 31 12.01 28.31 0.225991 2021-06-24 18:33:56.706891 16 61 Noor 94.750243
1 60 17.43 3.39 0.382136 2021-06-24 18:33:57.089027 25 61 rens 95.132379
0 399 87.30 29.81 0.220514 2021-06-24 18:33:57.309541 29 47 Cecile 95.352893
2 510 148.47 28.31 0.018802 2021-06-24 18:33:57.328343 16 62 Noor 95.371695
1 39 13.53 29.92 0.918606 2021-06-24 18:33:58.246949 40 110 Franko 96.290301
2 71 19.06 28.31 0.307349 2021-06-24 18:33:58.554298 13 47 Niels 96.59765
0 38 13.33 29.92 0.137334 2021-06-24 18:33:58.691632 30 48 Cecile 96.734984
2 167 28.76 29.92 0.022974 2021-06-24 18:33:58.714606 36 121 M 96.757958
1 44 14.51 29.92 0.070423 2021-06-24 18:33:58.785029 40 111 Franko 96.828381
0 31 12.01 29.92 0.296192 2021-06-24 18:33:59.081221 31 49 Cecile 97.124573
1 44 14.51 0.27 0.054183 2021-06-24 18:33:59.135404 25 62 rens 97.178756
1 199 33.86 29.92 0.398437 2021-06-24 18:33:59.533841 41 112 Franko 97.577193
2 120 23.58 28.31 0.046856 2021-06-24 18:33:59.580697 17 63 Noor 97.624049
0 88 20.96 29.92 0.101163 2021-06-24 18:33:59.681860 32 50 Cecile 97.725212
1 83 20.46 6.72 0.106503 2021-06-24 18:33:59.788363 26 63 rens 97.831715
1 37 13.14 -4.35 0.481576 2021-06-24 18:34:00.269939 26 64 rens 98.313291
2 158 27.53 29.92 0.091997 2021-06-24 18:34:00.361936 37 122 M 98.405288
2 99 21.91 28.31 0.181105 2021-06-24 18:34:00.543041 18 64 Noor 98.586393
2 51 15.86 29.92 0.048186 2021-06-24 18:34:00.591227 38 123 M 98.634579
1 56 16.76 29.92 0.013486 2021-06-24 18:34:00.604713 42 113 Franko 98.648065
1 103 22.23 10.37 0.260525 2021-06-24 18:34:00.865238 27 65 rens 98.90859
1 62 17.75 -0.69 0.344947 2021-06-24 18:34:01.210185 27 66 rens 99.253537
2 35 12.75 28.20 0.116861 2021-06-24 18:34:01.327046 13 48 Niels 99.370398
2 224 38.29 29.92 0.239481 2021-06-24 18:34:01.566527 39 124 M 99.609879
0 30 11.83 29.92 0.014626 2021-06-24 18:34:01.581153 32 51 Cecile 99.624505
1 236 40.44 29.92 0.186735 2021-06-24 18:34:01.767888 43 114 Franko 99.81124
2 391 82.35 29.92 0.019673 2021-06-24 18:34:01.787561 40 125 M 99.830913
1 89 21.05 29.92 0.142458 2021-06-24 18:34:01.930019 44 115 Franko 99.973371
1 185 31.51 29.92 0.033448 2021-06-24 18:34:01.963467 44 116 Franko 100.006819
1 50 15.67 29.92 0.257563 2021-06-24 18:34:02.221030 44 117 Franko 100.264382
2 96 21.67 28.31 0.300089 2021-06-24 18:34:02.521119 18 65 Noor 100.564471
1 79 20.03 29.92 0.431253 2021-06-24 18:34:02.952372 44 118 Franko 100.995724
0 167 28.76 29.92 0.215968 2021-06-24 18:34:03.168340 33 52 Cecile 101.211692
1 361 70.62 29.92 0.023816 2021-06-24 18:34:03.192156 44 119 Franko 101.235508
2 112 22.94 29.92 0.019684 2021-06-24 18:34:03.211840 41 126 M 101.255192
1 31 12.01 29.92 0.361274 2021-06-24 18:34:03.573114 45 120 Franko 101.616466
2 126 24.09 29.92 0.239071 2021-06-24 18:34:03.812185 42 127 M 101.855537
1 216 36.85 29.92 0.152722 2021-06-24 18:34:03.964907 45 121 Franko 102.008259
2 97 21.75 28.31 0.04748 2021-06-24 18:34:04.012387 13 49 Niels 102.055739
2 455 117.03 28.31 0.630875 2021-06-24 18:34:04.643262 18 66 Noor 102.686614
2 286 49.78 29.92 0.017811 2021-06-24 18:34:04.661073 42 128 M 102.704425
1 217 37.04 29.92 0.000149 2021-06-24 18:34:04.661222 46 122 Franko 102.704574
2 31 12.01 28.31 0.004436 2021-06-24 18:34:04.665658 14 50 Niels 102.70901
1 432 101.61 29.92 0.061155 2021-06-24 18:34:04.726813 47 123 Franko 102.770165
2 166 28.62 28.31 0.149438 2021-06-24 18:34:04.876251 18 67 Noor 102.919603
2 103 22.23 29.92 0.143643 2021-06-24 18:34:05.019894 43 129 M 103.063246
1 222 37.96 29.92 0.014498 2021-06-24 18:34:05.034392 47 124 Franko 103.077744
1 39 13.53 29.92 0.177539 2021-06-24 18:34:05.211931 48 125 Franko 103.255283
2 71 19.06 29.92 0.157773 2021-06-24 18:34:05.369704 44 130 M 103.413056
2 37 13.14 28.10 0.17285 2021-06-24 18:34:05.542554 14 51 Niels 103.585906
1 290 50.82 48.29 0.016654 2021-06-24 18:34:05.559208 27 67 rens 103.60256
1 35 12.75 -1.98 0.254662 2021-06-24 18:34:05.813870 28 68 rens 103.857222
1 30 11.83 29.92 1.360128 2021-06-24 18:34:07.173998 48 126 Franko 105.21735
2 35 12.75 29.92 0.843808 2021-06-24 18:34:08.017806 44 131 M 106.061158
2 92 21.32 29.92 0.471315 2021-06-24 18:34:08.489121 44 132 M 106.532473
0 63 17.91 29.92 0.103624 2021-06-24 18:34:08.592745 34 53 Cecile 106.636097
2 57 16.93 28.31 0.100867 2021-06-24 18:34:08.693612 18 68 Noor 106.736964
2 103 22.23 29.92 0.015557 2021-06-24 18:34:08.709169 44 133 M 106.752521
1 67 18.51 6.07 0.000155 2021-06-24 18:34:08.709324 28 69 rens 106.752676
1 207 35.26 29.92 0.122579 2021-06-24 18:34:08.831903 48 127 Franko 106.875255
0 71 19.06 29.92 1.609217 2021-06-24 18:34:10.441120 34 54 Cecile 108.484472
1 92 21.32 11.88 0.272198 2021-06-24 18:34:10.713318 29 70 rens 108.75667
1 39 13.53 -9.39 0.180492 2021-06-24 18:34:10.893810 29 71 rens 108.937162
1 63 17.91 29.92 0.015612 2021-06-24 18:34:10.909422 48 128 Franko 108.952774
1 46 14.91 -11.01 0.153676 2021-06-24 18:34:11.063098 29 72 rens 109.10645
1 435 104.92 29.92 0.119945 2021-06-24 18:34:11.183043 48 129 Franko 109.226395
2 345 64.98 29.92 0.020801 2021-06-24 18:34:11.203844 45 134 M 109.247196
2 184 31.36 29.92 0.205096 2021-06-24 18:34:11.408940 46 135 M 109.452292
2 108 22.63 28.31 0.061561 2021-06-24 18:34:11.470501 18 69 Noor 109.513853
2 60 17.43 28.31 0.253484 2021-06-24 18:34:11.723985 18 70 Noor 109.767337
1 48 15.29 0.81 0.134345 2021-06-24 18:34:11.858330 29 73 rens 109.901682
1 81 20.25 29.92 0.014662 2021-06-24 18:34:11.872992 49 130 Franko 109.916344
1 39 13.53 29.92 0.023269 2021-06-24 18:34:11.896261 49 131 Franko 109.939613
1 51 15.86 29.92 0.413203 2021-06-24 18:34:12.309464 49 132 Franko 110.352816
1 293 51.29 29.92 0.227571 2021-06-24 18:34:12.537035 49 133 Franko 110.580387
2 63 17.91 29.92 0.653725 2021-06-24 18:34:13.190760 46 136 M 111.234112
2 137 25.12 28.31 0.156316 2021-06-24 18:34:13.347076 18 71 Noor 111.390428
1 550 172.20 103.72 0.925489 2021-06-24 18:34:14.272565 29 74 rens 112.315917
1 62 17.75 29.92 0.019111 2021-06-24 18:34:14.291676 49 134 Franko 112.335028
2 348 65.64 28.31 0.566567 2021-06-24 18:34:14.858243 18 72 Noor 112.901595
2 39 13.53 28.31 0.148747 2021-06-24 18:34:15.006990 15 52 Niels 113.050342
2 364 71.71 28.31 0.424506 2021-06-24 18:34:15.431496 18 73 Noor 113.474848
0 307 54.48 29.92 0.209934 2021-06-24 18:34:15.641430 34 55 Cecile 113.684782
1 217 37.04 34.76 0.380005 2021-06-24 18:34:16.021435 29 75 rens 114.064787
2 224 38.29 28.31 0.155286 2021-06-24 18:34:16.176721 18 74 Noor 114.220073
1 167 28.76 29.92 0.640175 2021-06-24 18:34:16.816896 49 135 Franko 114.860248
2 56 16.76 28.31 0.422739 2021-06-24 18:34:17.239635 18 75 Noor 115.282987
1 73 19.32 29.92 0.035075 2021-06-24 18:34:17.274710 49 136 Franko 115.318062
0 448 112.41 29.38 0.078868 2021-06-24 18:34:17.353578 34 56 Cecile 115.39693
1 51 15.86 29.92 0.848755 2021-06-24 18:34:18.202333 50 137 Franko 116.245685
2 57 16.93 28.31 0.378797 2021-06-24 18:34:18.581130 15 53 Niels 116.624482
2 63 17.91 29.92 0.112017 2021-06-24 18:34:18.693147 46 137 M 116.736499
2 57 16.93 29.92 0.093226 2021-06-24 18:34:18.786373 46 138 M 116.829725
1 79 20.03 7.69 0.025624 2021-06-24 18:34:18.811997 29 76 rens 116.855349
2 51 15.86 29.92 0.419804 2021-06-24 18:34:19.231801 47 139 M 117.275153
0 295 51.75 29.92 0.807809 2021-06-24 18:34:20.039610 35 57 Cecile 118.082962
1 131 24.54 29.92 0.018782 2021-06-24 18:34:20.058392 50 138 Franko 118.101744
2 97 21.75 28.31 0.038069 2021-06-24 18:34:20.096461 19 76 Noor 118.139813
2 37 13.14 28.31 0.477124 2021-06-24 18:34:20.573585 15 54 Niels 118.616937
0 76 19.69 29.92 0.153985 2021-06-24 18:34:20.727570 36 58 Cecile 118.770922
1 60 17.43 29.92 0.569721 2021-06-24 18:34:21.297291 51 139 Franko 119.340643
0 70 18.93 29.92 0.027455 2021-06-24 18:34:21.324746 36 59 Cecile 119.368098
2 112 22.94 29.92 0.10286 2021-06-24 18:34:21.427606 47 140 M 119.470958
1 152 26.78 29.92 0.20062 2021-06-24 18:34:21.628226 52 140 Franko 119.671578
1 39 13.53 29.92 0.672206 2021-06-24 18:34:22.300432 52 141 Franko 120.343784
2 483 132.60 28.31 0.018703 2021-06-24 18:34:22.319135 15 55 Niels 120.362487
0 76 19.69 29.92 0.029775 2021-06-24 18:34:22.348910 37 60 Cecile 120.392262
2 63 17.91 28.31 0.08241 2021-06-24 18:34:22.431320 16 56 Niels 120.474672
2 450 114.31 29.92 0.016784 2021-06-24 18:34:22.448104 47 141 M 120.491456
0 44 14.51 29.92 0.015155 2021-06-24 18:34:22.463259 38 61 Cecile 120.506611
0 152 26.78 29.92 0.007036 2021-06-24 18:34:22.470295 38 62 Cecile 120.513647
2 137 25.12 28.31 0.069915 2021-06-24 18:34:22.540210 20 77 Noor 120.583562
1 48 15.29 29.92 1.087359 2021-06-24 18:34:23.627569 53 142 Franko 121.670921
2 94 21.50 28.31 0.018738 2021-06-24 18:34:23.646307 16 57 Niels 121.689659
2 76 19.69 29.92 0.497205 2021-06-24 18:34:24.143512 47 142 M 122.186864
2 76 19.69 29.92 0.033506 2021-06-24 18:34:24.177018 47 143 M 122.22037
2 67 18.51 29.92 0.143953 2021-06-24 18:34:24.320971 47 144 M 122.364323
1 12 10.11 -4.13 0.232965 2021-06-24 18:34:24.553936 30 77 rens 122.597288
2 227 38.83 28.20 0.080238 2021-06-24 18:34:24.634174 17 58 Niels 122.677526
1 73 19.32 29.92 1.042754 2021-06-24 18:34:25.676928 54 143 Franko 123.72028
1 30 11.83 -2.63 0.461993 2021-06-24 18:34:26.138921 31 78 rens 124.182273
1 152 26.78 7.69 0.115907 2021-06-24 18:34:26.254828 31 79 rens 124.29818
0 29 11.66 29.92 0.146774 2021-06-24 18:34:26.401602 38 63 Cecile 124.444954
2 224 38.29 28.31 0.387329 2021-06-24 18:34:26.788931 18 59 Niels 124.832283
1 108 22.63 29.92 0.126952 2021-06-24 18:34:26.915883 54 144 Franko 124.959235
2 44 14.51 29.92 0.594352 2021-06-24 18:34:27.510235 47 145 M 125.553587
0 82 20.36 29.92 0.13894 2021-06-24 18:34:27.649175 38 64 Cecile 125.692527
2 44 14.51 28.31 0.039554 2021-06-24 18:34:27.688729 18 60 Niels 125.732081
2 33 12.37 28.31 0.116225 2021-06-24 18:34:27.804954 20 78 Noor 125.848306
1 399 87.30 29.92 0.065458 2021-06-24 18:34:27.870412 54 145 Franko 125.913764
2 147 26.19 27.99 0.087052 2021-06-24 18:34:27.957464 19 61 Niels 126.000816
2 291 50.97 30.03 0.062586 2021-06-24 18:34:28.020050 47 146 M 126.063402
2 76 19.69 29.92 0.074387 2021-06-24 18:34:28.094437 47 147 M 126.137789
1 89 21.05 9.62 0.048479 2021-06-24 18:34:28.142916 31 80 rens 126.186268
1 31 12.01 -18.10 0.05602 2021-06-24 18:34:28.198936 31 81 rens 126.242288
2 159 27.66 28.31 0.117422 2021-06-24 18:34:28.316358 21 79 Noor 126.35971
1 48 15.29 -13.37 0.019215 2021-06-24 18:34:28.335573 31 82 rens 126.378925
2 249 42.85 29.92 0.738096 2021-06-24 18:34:29.073669 47 148 M 127.117021
2 56 16.76 29.92 0.160867 2021-06-24 18:34:29.234536 47 149 M 127.277888
2 35 12.75 28.31 0.527169 2021-06-24 18:34:29.761705 19 62 Niels 127.805057
2 48 15.29 28.20 0.198588 2021-06-24 18:34:29.960293 19 63 Niels 128.003645
2 140 25.42 28.31 0.204696 2021-06-24 18:34:30.164989 22 80 Noor 128.208341
1 49 15.48 29.92 0.116457 2021-06-24 18:34:30.281446 55 146 Franko 128.324798
2 44 14.51 29.92 0.025608 2021-06-24 18:34:30.307054 47 150 M 128.350406
2 124 23.92 28.31 0.107324 2021-06-24 18:34:30.414378 22 81 Noor 128.45773
2 88 20.96 29.92 0.180119 2021-06-24 18:34:30.594497 48 151 M 128.637849
1 63 17.91 6.72 0.01361 2021-06-24 18:34:30.608107 32 83 rens 128.651459
0 46 14.91 29.92 0.638333 2021-06-24 18:34:31.246440 39 65 Cecile 129.289792
0 179 30.55 29.92 0.033556 2021-06-24 18:34:31.279996 39 66 Cecile 129.323348
0 195 33.17 29.92 0.109659 2021-06-24 18:34:31.389655 39 67 Cecile 129.433007
0 79 20.03 29.38 0.258176 2021-06-24 18:34:31.647831 39 68 Cecile 129.691183
1 71 19.06 6.72 0.017751 2021-06-24 18:34:31.665582 33 84 rens 129.708934
2 127 24.18 28.31 0.015881 2021-06-24 18:34:31.681463 22 82 Noor 129.724815
2 142 25.64 29.92 0.000161 2021-06-24 18:34:31.681624 49 152 M 129.724976
1 140 25.42 -1.02 0.000145 2021-06-24 18:34:31.681769 34 85 rens 129.725121
2 88 20.96 28.31 0.032924 2021-06-24 18:34:31.714693 23 83 Noor 129.758045
1 41 13.92 -18.10 0.00016 2021-06-24 18:34:31.714853 34 86 rens 129.758205
1 51 15.86 -21.64 0.066694 2021-06-24 18:34:31.781547 34 87 rens 129.824899
2 204 34.73 28.31 0.309263 2021-06-24 18:34:32.090810 23 84 Noor 130.134162
1 46 14.91 29.92 0.147696 2021-06-24 18:34:32.238506 56 147 Franko 130.281858
2 35 12.75 29.92 0.244113 2021-06-24 18:34:32.482619 49 153 M 130.525971
2 63 17.91 28.20 0.358556 2021-06-24 18:34:32.841175 19 64 Niels 130.884527
1 79 20.03 29.92 0.294954 2021-06-24 18:34:33.136129 56 148 Franko 131.179481
2 38 13.33 29.92 0.187681 2021-06-24 18:34:33.323810 49 154 M 131.367162
1 62 17.75 3.82 0.374978 2021-06-24 18:34:33.698788 34 88 rens 131.74214
1 66 18.36 29.92 0.058328 2021-06-24 18:34:33.757116 56 149 Franko 131.800468
1 39 13.53 -16.81 0.01907 2021-06-24 18:34:33.776186 34 89 rens 131.819538
2 313 56.02 30.03 0.278796 2021-06-24 18:34:34.054982 49 155 M 132.098334
0 316 56.81 29.92 0.161789 2021-06-24 18:34:34.216771 40 69 Cecile 132.260123
2 89 21.05 28.31 1.114931 2021-06-24 18:34:35.331702 23 85 Noor 133.375054
2 152 26.78 28.31 0.195868 2021-06-24 18:34:35.527570 23 86 Noor 133.570922
2 259 44.69 28.31 0.088252 2021-06-24 18:34:35.615822 23 87 Noor 133.659174
1 126 24.09 29.92 0.146505 2021-06-24 18:34:35.762327 56 150 Franko 133.805679
2 432 101.61 29.92 0.69643 2021-06-24 18:34:36.458757 49 156 M 134.502109
1 71 19.06 29.92 0.433164 2021-06-24 18:34:36.891921 56 151 Franko 134.935273
2 185 31.51 29.92 0.267009 2021-06-24 18:34:37.158930 49 157 M 135.202282
0 304 53.73 29.92 0.01459 2021-06-24 18:34:37.173520 40 70 Cecile 135.216872
1 71 19.06 29.92 0.00434 2021-06-24 18:34:37.177860 56 152 Franko 135.221212
2 92 21.32 29.92 0.05999 2021-06-24 18:34:37.237850 50 158 M 135.281202
2 255 43.96 29.92 0.126372 2021-06-24 18:34:37.364222 50 159 M 135.407574
2 88 20.96 29.92 0.416708 2021-06-24 18:34:37.780930 50 160 M 135.824282
2 230 39.39 28.31 0.10252 2021-06-24 18:34:37.883450 19 65 Niels 135.926802
2 79 20.03 28.31 0.201257 2021-06-24 18:34:38.084707 23 88 Noor 136.128059
1 49 15.48 29.92 0.034432 2021-06-24 18:34:38.119139 57 153 Franko 136.162491
2 78 19.92 28.31 0.238215 2021-06-24 18:34:38.357354 24 89 Noor 136.400706
2 37 13.14 28.31 0.059088 2021-06-24 18:34:38.416442 19 66 Niels 136.459794
2 199 33.86 29.92 0.067242 2021-06-24 18:34:38.483684 50 161 M 136.527036
1 176 30.09 29.92 0.448386 2021-06-24 18:34:38.932070 58 154 Franko 136.975422
1 56 16.76 29.92 0.095244 2021-06-24 18:34:39.027314 58 155 Franko 137.070666
2 295 51.75 29.92 0.087873 2021-06-24 18:34:39.115187 50 162 M 137.158539
2 88 20.96 28.31 0.121357 2021-06-24 18:34:39.236544 24 90 Noor 137.279896
2 97 21.75 28.31 0.310561 2021-06-24 18:34:39.547105 24 91 Noor 137.590457
1 227 38.83 29.92 0.141 2021-06-24 18:34:39.688105 59 156 Franko 137.731457
2 63 17.91 28.20 0.646114 2021-06-24 18:34:40.334219 19 67 Niels 138.377571
0 49 15.48 29.38 0.184698 2021-06-24 18:34:40.518917 41 71 Cecile 138.562269
2 243 41.74 30.03 0.204014 2021-06-24 18:34:40.722931 51 163 M 138.766283
0 271 46.93 29.38 0.359517 2021-06-24 18:34:41.082448 41 72 Cecile 139.1258
0 76 19.69 29.71 0.164837 2021-06-24 18:34:41.247285 41 73 Cecile 139.290637
1 231 39.55 37.33 0.752543 2021-06-24 18:34:41.999828 34 90 rens 140.04318
0 67 18.51 29.92 0.173249 2021-06-24 18:34:42.173077 41 74 Cecile 140.216429
1 108 22.63 29.92 0.484555 2021-06-24 18:34:42.657632 59 157 Franko 140.700984
2 56 16.76 30.03 0.362449 2021-06-24 18:34:43.020081 51 164 M 141.063433
0 96 21.67 29.92 0.033453 2021-06-24 18:34:43.053534 41 75 Cecile 141.096886
1 127 24.18 29.92 0.000165 2021-06-24 18:34:43.053699 59 158 Franko 141.097051
2 415 95.00 29.92 0.000168 2021-06-24 18:34:43.053867 52 165 M 141.097219
2 448 112.41 30.03 0.149867 2021-06-24 18:34:43.203734 52 166 M 141.247086
1 48 15.29 29.92 0.015826 2021-06-24 18:34:43.219560 60 159 Franko 141.262912
2 35 12.75 29.92 0.117269 2021-06-24 18:34:43.336829 53 167 M 141.380181
2 286 49.78 30.03 0.242194 2021-06-24 18:34:43.579023 53 168 M 141.622375
2 83 20.46 29.92 0.574934 2021-06-24 18:34:44.153957 53 169 M 142.197309
2 568 189.84 29.92 0.226561 2021-06-24 18:34:44.380518 53 170 M 142.42387
2 433 104.37 29.92 0.216717 2021-06-24 18:34:44.597235 53 171 M 142.640587
0 63 17.91 29.38 0.401865 2021-06-24 18:34:44.999100 42 76 Cecile 143.042452
1 319 57.64 29.92 0.141537 2021-06-24 18:34:45.140637 61 160 Franko 143.183989
0 105 22.39 29.92 0.538929 2021-06-24 18:34:45.679566 42 77 Cecile 143.722918
2 63 17.91 28.31 0.129416 2021-06-24 18:34:45.808982 24 92 Noor 143.852334
1 172 29.49 29.92 0.197515 2021-06-24 18:34:46.006497 61 161 Franko 144.049849
2 71 19.06 29.92 0.215153 2021-06-24 18:34:46.221650 53 172 M 144.265002
2 67 18.51 28.31 0.094521 2021-06-24 18:34:46.316171 19 68 Niels 144.359523
0 441 109.77 29.92 0.197827 2021-06-24 18:34:46.513998 42 78 Cecile 144.55735
1 127 24.18 29.92 0.020274 2021-06-24 18:34:46.534272 61 162 Franko 144.577624
2 51 15.86 29.92 0.029644 2021-06-24 18:34:46.563916 53 173 M 144.607268
2 140 25.42 28.31 0.158895 2021-06-24 18:34:46.722811 24 93 Noor 144.766163
1 329 59.91 29.92 0.099979 2021-06-24 18:34:46.822790 62 163 Franko 144.866142
1 39 13.53 29.92 0.060945 2021-06-24 18:34:46.883735 63 164 Franko 144.927087
1 85 20.67 9.30 0.116566 2021-06-24 18:34:47.000301 34 91 rens 145.043653
2 339 62.98 29.92 0.015794 2021-06-24 18:34:47.016095 54 174 M 145.059447
1 255 43.96 29.92 0.190289 2021-06-24 18:34:47.206384 63 165 Franko 145.249736
0 120 23.58 29.92 0.033567 2021-06-24 18:34:47.239951 43 79 Cecile 145.283303
1 255 43.96 29.92 0.000166 2021-06-24 18:34:47.240117 64 166 Franko 145.283469
2 37 13.14 28.31 0.283066 2021-06-24 18:34:47.523183 19 69 Niels 145.566535
1 34 12.56 29.92 0.324589 2021-06-24 18:34:47.847772 64 167 Franko 145.891124
1 69 18.79 29.92 0.222186 2021-06-24 18:34:48.069958 64 168 Franko 146.11331
2 156 27.28 28.31 0.386143 2021-06-24 18:34:48.456101 19 70 Niels 146.499453
2 225 38.48 29.92 0.308844 2021-06-24 18:34:48.764945 55 175 M 146.808297
1 220 37.58 34.76 0.120731 2021-06-24 18:34:48.885676 35 92 rens 146.929028
2 195 33.17 30.03 0.24951 2021-06-24 18:34:49.135186 55 176 M 147.178538
1 217 37.04 29.92 0.099364 2021-06-24 18:34:49.234550 64 169 Franko 147.277902
2 83 20.46 28.31 0.281535 2021-06-24 18:34:49.516085 25 94 Noor 147.559437
1 56 16.76 2.31 0.42846 2021-06-24 18:34:49.944545 35 93 rens 147.987897
1 76 19.69 29.92 0.109625 2021-06-24 18:34:50.054170 65 170 Franko 148.097522
2 63 17.91 29.92 0.14778 2021-06-24 18:34:50.201950 56 177 M 148.245302
2 455 117.03 29.92 0.186728 2021-06-24 18:34:50.388678 56 178 M 148.43203
2 39 13.53 28.31 0.186013 2021-06-24 18:34:50.574691 25 95 Noor 148.618043
1 67 18.51 29.92 0.388408 2021-06-24 18:34:50.963099 65 171 Franko 149.006451
1 316 56.81 29.92 0.115477 2021-06-24 18:34:51.078576 65 172 Franko 149.121928
2 37 13.14 29.92 0.510603 2021-06-24 18:34:51.589179 56 179 M 149.632531
1 115 23.18 29.92 0.179019 2021-06-24 18:34:51.768198 65 173 Franko 149.81155
1 143 25.74 29.92 0.857051 2021-06-24 18:34:52.625249 65 174 Franko 150.668601
2 81 20.25 28.31 0.066353 2021-06-24 18:34:52.691602 25 96 Noor 150.734954
2 98 21.83 29.92 0.08383 2021-06-24 18:34:52.775432 56 180 M 150.818784
1 89 21.05 10.16 0.07516 2021-06-24 18:34:52.850592 35 94 rens 150.893944
2 83 20.46 28.31 0.292936 2021-06-24 18:34:53.143528 26 97 Noor 151.18688
1 63 17.91 29.92 0.086068 2021-06-24 18:34:53.229596 66 175 Franko 151.272948
1 71 19.06 29.92 0.033614 2021-06-24 18:34:53.263210 67 176 Franko 151.306562
1 31 12.01 29.92 0.91382 2021-06-24 18:34:54.177030 67 177 Franko 152.220382
2 48 15.29 29.92 0.034175 2021-06-24 18:34:54.211205 56 181 M 152.254557
2 49 15.48 28.31 0.113318 2021-06-24 18:34:54.324523 19 71 Niels 152.367875
2 396 85.28 29.92 0.095211 2021-06-24 18:34:54.419734 57 182 M 152.463086
2 231 39.55 29.92 0.033874 2021-06-24 18:34:54.453608 57 183 M 152.49696
2 92 21.32 29.92 0.157152 2021-06-24 18:34:54.610760 57 184 M 152.654112
2 30 11.83 28.20 0.01373 2021-06-24 18:34:54.624490 19 72 Niels 152.667842
2 166 28.62 28.31 0.00339 2021-06-24 18:34:54.627880 27 98 Noor 152.671232
2 286 49.78 28.31 0.016433 2021-06-24 18:34:54.644313 27 99 Noor 152.687665
1 31 12.01 29.92 0.294288 2021-06-24 18:34:54.938601 68 178 Franko 152.981953
1 34 12.56 29.92 0.086006 2021-06-24 18:34:55.024607 68 179 Franko 153.067959
2 159 27.66 28.31 0.603602 2021-06-24 18:34:55.628209 19 73 Niels 153.671561
2 489 138.11 29.92 0.017739 2021-06-24 18:34:55.645948 57 185 M 153.6893
2 35 12.75 28.31 0.217818 2021-06-24 18:34:55.863766 19 74 Niels 153.907118
0 67 18.51 29.38 0.177678 2021-06-24 18:34:56.041444 44 80 Cecile 154.084796
1 304 53.73 29.92 0.080792 2021-06-24 18:34:56.122236 68 180 Franko 154.165588
1 101 22.08 11.88 0.204861 2021-06-24 18:34:56.327097 35 95 rens 154.370449
2 39 13.53 28.31 0.073967 2021-06-24 18:34:56.401064 27 100 Noor 154.444416
1 137 25.12 16.71 0.485249 2021-06-24 18:34:56.886313 36 96 rens 154.929665
1 48 15.29 29.92 0.052272 2021-06-24 18:34:56.938585 69 181 Franko 154.981937
1 167 28.76 29.92 0.236539 2021-06-24 18:34:57.175124 69 182 Franko 155.218476
2 31 12.01 29.92 0.885927 2021-06-24 18:34:58.061051 57 186 M 156.104403
1 135 24.92 29.92 0.436593 2021-06-24 18:34:58.497644 69 183 Franko 156.540996
1 307 54.48 52.80 0.359015 2021-06-24 18:34:58.856659 36 97 rens 156.900011
2 44 14.51 29.92 0.211065 2021-06-24 18:34:59.067724 57 187 M 157.111076
0 96 21.67 29.81 0.572244 2021-06-24 18:34:59.639968 45 81 Cecile 157.68332
1 60 17.43 29.92 0.261749 2021-06-24 18:34:59.901717 69 184 Franko 157.945069
2 51 15.86 29.92 0.55904 2021-06-24 18:35:00.460757 57 188 M 158.504109
1 240 41.21 29.92 0.510921 2021-06-24 18:35:00.971678 69 185 Franko 159.01503
2 81 20.25 29.92 0.019924 2021-06-24 18:35:00.991602 57 189 M 159.034954
2 99 21.91 28.31 0.264726 2021-06-24 18:35:01.256328 19 75 Niels 159.29968
1 30 11.83 -2.63 0.025255 2021-06-24 18:35:01.281583 36 98 rens 159.324935
2 39 13.53 28.31 0.6384 2021-06-24 18:35:01.919983 20 76 Niels 159.963335
1 34 12.56 -3.59 0.028232 2021-06-24 18:35:01.948215 37 99 rens 159.991567
1 35 12.75 -18.96 0.066996 2021-06-24 18:35:02.015211 38 100 rens 160.058563
2 99 21.91 28.31 0.07446 2021-06-24 18:35:02.089671 28 101 Noor 160.133023
2 102 22.15 29.92 0.180786 2021-06-24 18:35:02.270457 58 190 M 160.313809
2 344 64.67 28.31 0.233962 2021-06-24 18:35:02.504419 28 102 Noor 160.547771
0 440 109.25 29.92 0.118388 2021-06-24 18:35:02.622807 45 82 Cecile 160.666159
1 163 28.20 22.29 0.019995 2021-06-24 18:35:02.642802 38 101 rens 160.686154
2 127 24.18 29.92 0.344411 2021-06-24 18:35:02.987213 58 191 M 161.030565
1 664 270.86 29.92 0.529067 2021-06-24 18:35:03.516280 70 186 Franko 161.559632
2 92 21.32 28.31 0.122646 2021-06-24 18:35:03.638926 28 103 Noor 161.682278
1 44 14.51 29.92 0.073494 2021-06-24 18:35:03.712420 70 187 Franko 161.755772
2 120 23.58 29.92 0.018768 2021-06-24 18:35:03.731188 58 192 M 161.77454
1 120 23.58 14.13 0.421444 2021-06-24 18:35:04.152632 39 102 rens 162.195984
1 29 11.66 29.92 0.017751 2021-06-24 18:35:04.170383 71 188 Franko 162.213735
2 241 41.39 28.31 0.305131 2021-06-24 18:35:04.475514 29 104 Noor 162.518866
2 79 20.03 28.31 0.355091 2021-06-24 18:35:04.830605 29 105 Noor 162.873957
1 62 17.75 29.92 0.34578 2021-06-24 18:35:05.176385 71 189 Franko 163.219737
2 262 45.24 29.92 0.054112 2021-06-24 18:35:05.230497 58 193 M 163.273849
2 112 22.94 29.92 0.128983 2021-06-24 18:35:05.359480 59 194 M 163.402832
2 399 87.30 28.31 0.153977 2021-06-24 18:35:05.513457 29 106 Noor 163.556809
2 49 15.48 28.31 0.739672 2021-06-24 18:35:06.253129 21 77 Niels 164.296481
1 135 24.92 29.92 0.296028 2021-06-24 18:35:06.549157 72 190 Franko 164.592509
2 62 17.75 28.31 0.019753 2021-06-24 18:35:06.568910 21 78 Niels 164.612262
2 31 12.01 29.92 0.729879 2021-06-24 18:35:07.298789 59 195 M 165.342141
0 31 12.01 29.92 0.064526 2021-06-24 18:35:07.363315 46 83 Cecile 165.406667
2 63 17.91 28.31 0.098256 2021-06-24 18:35:07.461571 29 107 Noor 165.504923
1 108 22.63 29.92 0.028864 2021-06-24 18:35:07.490435 73 191 Franko 165.533787
2 44 14.51 28.31 0.067056 2021-06-24 18:35:07.557491 29 108 Noor 165.600843
2 39 13.53 29.92 0.059301 2021-06-24 18:35:07.616792 60 196 M 165.660144
2 63 17.91 29.92 0.517529 2021-06-24 18:35:08.134321 60 197 M 166.177673
1 76 19.69 7.04 0.060999 2021-06-24 18:35:08.195320 39 103 rens 166.238672
2 63 17.91 29.92 0.229432 2021-06-24 18:35:08.424752 61 198 M 166.468104
1 113 23.02 29.92 0.204981 2021-06-24 18:35:08.629733 74 192 Franko 166.673085
0 83 20.46 30.03 1.50836 2021-06-24 18:35:10.138093 47 84 Cecile 168.181445
1 79 20.03 7.04 0.017671 2021-06-24 18:35:10.155764 40 104 rens 168.199116
1 29 11.66 29.92 0.479984 2021-06-24 18:35:10.635748 74 193 Franko 168.6791
1 207 35.26 31.32 0.205151 2021-06-24 18:35:10.840899 41 105 rens 168.884251
